{"ctxid": 0, "pos": [3510.069, -4403.775, 73.587], "rotationMatrix": [-0.790418, -0.612568, 0.0, 0.612568, -0.790418, 0.0, 0.0, 0.0, 1.0], "scale": 1.036, "type": "cork_oak_medium"}
{"ctxid": 0, "pos": [3175.645, -3997.818, 89.576], "rotationMatrix": [0.873012, -0.487698, 0.0, 0.487698, 0.873012, 0.0, 0.0, 0.0, 1.0], "scale": 1.42, "type": "cork_oak_medium"}
{"ctxid": 0, "pos": [2975.751, -3856.672, 125.35], "rotationMatrix": [0.882231, -0.470817, 0.0, 0.470817, 0.882231, 0.0, 0.0, 0.0, 1.0], "scale": 1.075, "type": "cork_oak_medium"}
{"ctxid": 0, "pos": [2479.914, -3519.872, 181.263], "rotationMatrix": [0.340229, -0.940342, 0.0, 0.940342, 0.340229, 0.0, 0.0, 0.0, 1.0], "scale": 1.095, "type": "cork_oak_medium"}
{"ctxid": 0, "pos": [2412.521, -3387.192, 192.619], "rotationMatrix": [-0.709361, 0.704846, 0.0, -0.704846, -0.709361, 0.0, 0.0, 0.0, 1.0], "scale": 0.976, "type": "cork_oak_medium"}
{"ctxid": 0, "pos": [363.909, -475.366, 10.301], "rotationMatrix": [0.999888, -0.014971, 0.0, 0.014971, 0.999888, 0.0, 0.0, 0.0, 1.0], "scale": 1.047, "type": "cork_oak_medium"}
{"ctxid": 0, "pos": [408.505, -208.97, 37.119], "rotationMatrix": [0.051802, -0.998657, 0.0, 0.998657, 0.051802, 0.0, 0.0, 0.0, 1.0], "scale": 0.913, "type": "cork_oak_medium"}
{"ctxid": 0, "pos": [436.246, -223.942, 37.119], "rotationMatrix": [0.170991, -0.985273, 0.0, 0.985273, 0.170991, 0.0, 0.0, 0.0, 1.0], "scale": 0.687, "type": "cork_oak_medium"}
{"ctxid": 0, "pos": [438.489, -224.812, 37.119], "rotationMatrix": [-0.923158, -0.38442, 0.0, 0.38442, -0.923158, 0.0, 0.0, 0.0, 1.0], "scale": 0.93, "type": "cork_oak_medium"}
{"ctxid": 0, "pos": [445.441, -216.919, 37.969], "rotationMatrix": [0.217318, 0.976101, 0.0, -0.976101, 0.217318, 0.0, 0.0, 0.0, 1.0], "scale": 0.836, "type": "cork_oak_medium"}
{"ctxid": 0, "pos": [449.994, -213.792, 38.432], "rotationMatrix": [-0.999751, 0.022322, 0.0, -0.022322, -0.999751, 0.0, 0.0, 0.0, 1.0], "scale": 1.251, "type": "cork_oak_medium"}
{"ctxid": 0, "pos": [421.698, -192.579, 38.904], "rotationMatrix": [0.854111, 0.520091, 0.0, -0.520091, 0.854111, 0.0, 0.0, 0.0, 1.0], "scale": 0.997, "type": "cork_oak_medium"}
{"ctxid": 0, "pos": [441.597, -206.023, 38.904], "rotationMatrix": [-0.825219, -0.564813, 0.0, 0.564813, -0.825219, 0.0, 0.0, 0.0, 1.0], "scale": 1.003, "type": "cork_oak_medium"}
{"ctxid": 0, "pos": [418.706, -184.076, 39.414], "rotationMatrix": [0.582528, 0.812811, 0.0, -0.812811, 0.582528, 0.0, 0.0, 0.0, 1.0], "scale": 0.873, "type": "cork_oak_medium"}
{"ctxid": 0, "pos": [423.035, -188.111, 39.414], "rotationMatrix": [0.989903, -0.141746, 0.0, 0.141746, 0.989903, 0.0, 0.0, 0.0, 1.0], "scale": 1.048, "type": "cork_oak_medium"}
{"ctxid": 0, "pos": [426.386, -176.988, 40.454], "rotationMatrix": [0.338803, 0.940857, 0.0, -0.940857, 0.338803, 0.0, 0.0, 0.0, 1.0], "scale": 1.125, "type": "cork_oak_medium"}
{"ctxid": 0, "pos": [462.979, -183.594, 41.486], "rotationMatrix": [0.511313, 0.859394, 0.0, -0.859394, 0.511313, 0.0, 0.0, 0.0, 1.0], "scale": 0.689, "type": "cork_oak_medium"}
{"ctxid": 0, "pos": [442.175, -165.618, 42.003], "rotationMatrix": [-0.699807, 0.714332, 0.0, -0.714332, -0.699807, 0.0, 0.0, 0.0, 1.0], "scale": 0.891, "type": "cork_oak_medium"}
{"ctxid": 0, "pos": [467.833, -161.36, 43.557], "rotationMatrix": [-0.641508, -0.767116, 0.0, 0.767116, -0.641508, 0.0, 0.0, 0.0, 1.0], "scale": 1.087, "type": "cork_oak_medium"}
{"ctxid": 0, "pos": [450.419, -142.65, 44.077], "rotationMatrix": [-0.925593, -0.37852, 0.0, 0.37852, -0.925593, 0.0, 0.0, 0.0, 1.0], "scale": 0.972, "type": "cork_oak_medium"}
{"ctxid": 0, "pos": [452.15, -145.0, 44.077], "rotationMatrix": [-0.993492, 0.113901, 0.0, -0.113901, -0.993492, 0.0, 0.0, 0.0, 1.0], "scale": 0.776, "type": "cork_oak_medium"}
{"ctxid": 0, "pos": [472.417, -157.562, 44.077], "rotationMatrix": [-0.513554, 0.858057, 0.0, -0.858057, -0.513554, 0.0, 0.0, 0.0, 1.0], "scale": 0.753, "type": "cork_oak_medium"}
{"ctxid": 0, "pos": [478.705, -140.615, 45.64], "rotationMatrix": [-0.372371, -0.928084, 0.0, 0.928084, -0.372371, 0.0, 0.0, 0.0, 1.0], "scale": 0.698, "type": "cork_oak_medium"}
{"ctxid": 0, "pos": [469.24, -121.594, 46.686], "rotationMatrix": [0.93308, -0.359668, 0.0, 0.359668, 0.93308, 0.0, 0.0, 0.0, 1.0], "scale": 1.306, "type": "cork_oak_medium"}
{"ctxid": 0, "pos": [490.585, -126.469, 47.215], "rotationMatrix": [-0.897066, -0.441897, 0.0, 0.441897, -0.897066, 0.0, 0.0, 0.0, 1.0], "scale": 1.031, "type": "cork_oak_medium"}
{"ctxid": 0, "pos": [475.026, -108.908, 47.744], "rotationMatrix": [-0.729959, 0.683491, 0.0, -0.683491, -0.729959, 0.0, 0.0, 0.0, 1.0], "scale": 1.117, "type": "cork_oak_medium"}
{"ctxid": 0, "pos": [502.743, -122.58, 48.263], "rotationMatrix": [0.29361, 0.955925, 0.0, -0.955925, 0.29361, 0.0, 0.0, 0.0, 1.0], "scale": 1.206, "type": "cork_oak_medium"}
{"ctxid": 0, "pos": [473.949, -96.199, 48.744], "rotationMatrix": [0.390697, 0.920519, 0.0, -0.920519, 0.390697, 0.0, 0.0, 0.0, 1.0], "scale": 0.894, "type": "cork_oak_medium"}
{"ctxid": 0, "pos": [513.65, -110.163, 49.683], "rotationMatrix": [0.913017, 0.407922, 0.0, -0.407922, 0.913017, 0.0, 0.0, 0.0, 1.0], "scale": 1.266, "type": "cork_oak_medium"}
{"ctxid": 0, "pos": [487.521, -80.406, 50.559], "rotationMatrix": [-0.82238, -0.568938, 0.0, 0.568938, -0.82238, 0.0, 0.0, 0.0, 1.0], "scale": 0.882, "type": "cork_oak_medium"}
{"ctxid": 0, "pos": [513.69, -98.122, 50.559], "rotationMatrix": [-0.645668, 0.763618, 0.0, -0.763618, -0.645668, 0.0, 0.0, 0.0, 1.0], "scale": 0.733, "type": "cork_oak_medium"}
{"ctxid": 0, "pos": [516.638, -87.486, 51.422], "rotationMatrix": [-0.654217, -0.756307, 0.0, 0.756307, -0.654217, 0.0, 0.0, 0.0, 1.0], "scale": 0.699, "type": "cork_oak_medium"}
{"ctxid": 0, "pos": [520.351, -77.462, 52.28], "rotationMatrix": [-0.850937, 0.525268, 0.0, -0.525268, -0.850937, 0.0, 0.0, 0.0, 1.0], "scale": 0.995, "type": "cork_oak_medium"}
{"ctxid": 0, "pos": [528.909, -80.094, 52.28], "rotationMatrix": [0.308946, -0.95108, 0.0, 0.95108, 0.308946, 0.0, 0.0, 0.0, 1.0], "scale": 1.225, "type": "cork_oak_medium"}
{"ctxid": 0, "pos": [492.948, -56.079, 53.139], "rotationMatrix": [0.888918, 0.458067, 0.0, -0.458067, 0.888918, 0.0, 0.0, 0.0, 1.0], "scale": 0.97, "type": "cork_oak_medium"}
{"ctxid": 0, "pos": [496.261, -41.02, 54.849], "rotationMatrix": [0.682946, -0.730468, 0.0, 0.730468, 0.682946, 0.0, 0.0, 0.0, 1.0], "scale": 1.302, "type": "cork_oak_medium"}
{"ctxid": 0, "pos": [534.299, -35.22, 55.794], "rotationMatrix": [-0.060961, 0.99814, 0.0, -0.99814, -0.060961, 0.0, 0.0, 0.0, 1.0], "scale": 1.358, "type": "cork_oak_medium"}
{"ctxid": 0, "pos": [524.148, -34.3, 55.794], "rotationMatrix": [0.218699, -0.975792, 0.0, 0.975792, 0.218699, 0.0, 0.0, 0.0, 1.0], "scale": 0.971, "type": "cork_oak_medium"}
{"ctxid": 0, "pos": [506.472, -26.178, 56.275], "rotationMatrix": [-0.980604, -0.195998, 0.0, 0.195998, -0.980604, 0.0, 0.0, 0.0, 1.0], "scale": 1.056, "type": "cork_oak_medium"}
{"ctxid": 0, "pos": [539.032, -30.396, 56.275], "rotationMatrix": [-0.164158, 0.986434, 0.0, -0.986434, -0.164158, 0.0, 0.0, 0.0, 1.0], "scale": 0.734, "type": "cork_oak_medium"}
{"ctxid": 0, "pos": [509.72, -11.121, 57.772], "rotationMatrix": [0.823439, 0.567404, 0.0, -0.567404, 0.823439, 0.0, 0.0, 0.0, 1.0], "scale": 1.113, "type": "cork_oak_medium"}
{"ctxid": 0, "pos": [535.308, -7.362, 58.266], "rotationMatrix": [0.021724, -0.999764, 0.0, 0.999764, 0.021724, 0.0, 0.0, 0.0, 1.0], "scale": 1.055, "type": "cork_oak_medium"}
{"ctxid": 0, "pos": [508.466, 0.398, 58.758], "rotationMatrix": [-0.660318, -0.750986, 0.0, 0.750986, -0.660318, 0.0, 0.0, 0.0, 1.0], "scale": 0.875, "type": "cork_oak_medium"}
{"ctxid": 0, "pos": [527.478, -1.082, 58.758], "rotationMatrix": [-0.999999, 0.001348, 0.0, -0.001348, -0.999999, 0.0, 0.0, 0.0, 1.0], "scale": 0.827, "type": "cork_oak_medium"}
{"ctxid": 0, "pos": [530.452, -2.433, 58.758], "rotationMatrix": [-0.892872, 0.450311, 0.0, -0.450311, -0.892872, 0.0, 0.0, 0.0, 1.0], "scale": 0.828, "type": "cork_oak_medium"}
{"ctxid": 0, "pos": [511.86, 4.801, 59.249], "rotationMatrix": [-0.227188, 0.973851, 0.0, -0.973851, -0.227188, 0.0, 0.0, 0.0, 1.0], "scale": 1.248, "type": "cork_oak_medium"}
{"ctxid": 0, "pos": [527.259, 3.579, 59.249], "rotationMatrix": [-0.187351, 0.982293, 0.0, -0.982293, -0.187351, 0.0, 0.0, 0.0, 1.0], "scale": 1.037, "type": "cork_oak_medium"}
{"ctxid": 0, "pos": [531.539, 4.46, 59.249], "rotationMatrix": [0.571658, 0.820492, 0.0, -0.820492, 0.571658, 0.0, 0.0, 0.0, 1.0], "scale": 0.927, "type": "cork_oak_medium"}
{"ctxid": 0, "pos": [540.592, 13.288, 60.219], "rotationMatrix": [-0.524825, 0.85121, 0.0, -0.85121, -0.524825, 0.0, 0.0, 0.0, 1.0], "scale": 1.095, "type": "cork_oak_medium"}
{"ctxid": 0, "pos": [509.015, 21.128, 60.704], "rotationMatrix": [-0.065695, -0.99784, 0.0, 0.99784, -0.065695, 0.0, 0.0, 0.0, 1.0], "scale": 0.757, "type": "cork_oak_medium"}
{"ctxid": 0, "pos": [535.328, 23.972, 61.189], "rotationMatrix": [-0.303327, 0.952886, 0.0, -0.952886, -0.303327, 0.0, 0.0, 0.0, 1.0], "scale": 1.329, "type": "cork_oak_medium"}
{"ctxid": 0, "pos": [538.493, 29.764, 61.674], "rotationMatrix": [0.987976, -0.154609, 0.0, 0.154609, 0.987976, 0.0, 0.0, 0.0, 1.0], "scale": 0.83, "type": "cork_oak_medium"}
{"ctxid": 0, "pos": [512.838, 38.017, 62.159], "rotationMatrix": [0.987578, 0.157126, 0.0, -0.157126, 0.987578, 0.0, 0.0, 0.0, 1.0], "scale": 0.896, "type": "cork_oak_medium"}
{"ctxid": 0, "pos": [541.124, 35.843, 62.159], "rotationMatrix": [-0.398638, 0.917108, 0.0, -0.917108, -0.398638, 0.0, 0.0, 0.0, 1.0], "scale": 0.82, "type": "cork_oak_medium"}
{"ctxid": 0, "pos": [505.732, 41.692, 62.644], "rotationMatrix": [-0.929947, 0.367694, 0.0, -0.367694, -0.929947, 0.0, 0.0, 0.0, 1.0], "scale": 1.144, "type": "cork_oak_medium"}
{"ctxid": 0, "pos": [542.379, 41.883, 62.644], "rotationMatrix": [-0.617889, 0.786265, 0.0, -0.786265, -0.617889, 0.0, 0.0, 0.0, 1.0], "scale": 1.221, "type": "cork_oak_medium"}
{"ctxid": 0, "pos": [510.352, 48.055, 63.13], "rotationMatrix": [-0.816551, 0.577274, 0.0, -0.577274, -0.816551, 0.0, 0.0, 0.0, 1.0], "scale": 0.999, "type": "cork_oak_medium"}
{"ctxid": 0, "pos": [507.787, 48.93, 63.13], "rotationMatrix": [-0.254594, 0.967048, 0.0, -0.967048, -0.254594, 0.0, 0.0, 0.0, 1.0], "scale": 0.735, "type": "cork_oak_medium"}
{"ctxid": 0, "pos": [537.402, 45.819, 63.13], "rotationMatrix": [-0.017821, -0.999841, 0.0, 0.999841, -0.017821, 0.0, 0.0, 0.0, 1.0], "scale": 0.92, "type": "cork_oak_medium"}
{"ctxid": 0, "pos": [511.881, 59.708, 64.1], "rotationMatrix": [-0.455614, -0.890177, 0.0, 0.890177, -0.455614, 0.0, 0.0, 0.0, 1.0], "scale": 0.81, "type": "cork_oak_medium"}
{"ctxid": 0, "pos": [515.34, 58.159, 64.1], "rotationMatrix": [-0.86371, -0.503989, 0.0, 0.503989, -0.86371, 0.0, 0.0, 0.0, 1.0], "scale": 0.69, "type": "cork_oak_medium"}
{"ctxid": 0, "pos": [544.297, 56.152, 64.1], "rotationMatrix": [-0.369, 0.929429, 0.0, -0.929429, -0.369, 0.0, 0.0, 0.0, 1.0], "scale": 0.767, "type": "cork_oak_medium"}
{"ctxid": 0, "pos": [531.067, 63.123, 64.585], "rotationMatrix": [0.918156, -0.396219, 0.0, 0.396219, 0.918156, 0.0, 0.0, 0.0, 1.0], "scale": 1.421, "type": "cork_oak_medium"}
{"ctxid": 0, "pos": [537.887, 62.976, 64.585], "rotationMatrix": [0.762339, 0.647178, 0.0, -0.647178, 0.762339, 0.0, 0.0, 0.0, 1.0], "scale": 0.882, "type": "cork_oak_medium"}
{"ctxid": 0, "pos": [507.656, 71.137, 65.07], "rotationMatrix": [0.99368, 0.112246, 0.0, -0.112246, 0.99368, 0.0, 0.0, 0.0, 1.0], "scale": 1.266, "type": "cork_oak_medium"}
{"ctxid": 0, "pos": [505.798, 69.568, 65.07], "rotationMatrix": [-0.878773, -0.47724, 0.0, 0.47724, -0.878773, 0.0, 0.0, 0.0, 1.0], "scale": 0.719, "type": "cork_oak_medium"}
{"ctxid": 0, "pos": [545.459, 66.661, 65.07], "rotationMatrix": [-0.993648, 0.112532, 0.0, -0.112532, -0.993648, 0.0, 0.0, 0.0, 1.0], "scale": 1.111, "type": "cork_oak_medium"}
{"ctxid": 0, "pos": [509.052, 75.792, 65.555], "rotationMatrix": [-0.993648, 0.112534, 0.0, -0.112534, -0.993648, 0.0, 0.0, 0.0, 1.0], "scale": 0.925, "type": "cork_oak_medium"}
{"ctxid": 0, "pos": [535.267, 73.782, 65.555], "rotationMatrix": [0.999866, -0.016349, 0.0, 0.016349, 0.999866, 0.0, 0.0, 0.0, 1.0], "scale": 1.154, "type": "cork_oak_medium"}
{"ctxid": 0, "pos": [506.707, 79.938, 66.04], "rotationMatrix": [-0.659139, -0.752021, 0.0, 0.752021, -0.659139, 0.0, 0.0, 0.0, 1.0], "scale": 0.913, "type": "cork_oak_medium"}
{"ctxid": 0, "pos": [531.767, 84.718, 66.576], "rotationMatrix": [-0.36113, 0.932515, 0.0, -0.932515, -0.36113, 0.0, 0.0, 0.0, 1.0], "scale": 0.769, "type": "cork_oak_medium"}
{"ctxid": 0, "pos": [538.509, 84.418, 66.526], "rotationMatrix": [0.742154, 0.67023, 0.0, -0.67023, 0.742154, 0.0, 0.0, 0.0, 1.0], "scale": 1.194, "type": "cork_oak_medium"}
{"ctxid": 0, "pos": [538.158, 90.013, 67.064], "rotationMatrix": [0.664959, -0.74688, 0.0, 0.74688, 0.664959, 0.0, 0.0, 0.0, 1.0], "scale": 0.562, "type": "cork_oak_medium"}
{"ctxid": 0, "pos": [518.86, 96.115, 67.552], "rotationMatrix": [0.065775, -0.997834, 0.0, 0.997834, 0.065775, 0.0, 0.0, 0.0, 1.0], "scale": 0.615, "type": "cork_oak_medium"}
{"ctxid": 0, "pos": [512.432, 101.37, 67.991], "rotationMatrix": [0.884716, 0.466131, 0.0, -0.466131, 0.884716, 0.0, 0.0, 0.0, 1.0], "scale": 1.355, "type": "cork_oak_medium"}
{"ctxid": 0, "pos": [515.621, 112.102, 68.975], "rotationMatrix": [-0.439078, -0.898449, 0.0, 0.898449, -0.439078, 0.0, 0.0, 0.0, 1.0], "scale": 0.85, "type": "cork_oak_medium"}
{"ctxid": 0, "pos": [513.697, 123.041, 69.962], "rotationMatrix": [-0.283054, -0.959104, 0.0, 0.959104, -0.283054, 0.0, 0.0, 0.0, 1.0], "scale": 1.022, "type": "cork_oak_medium"}
{"ctxid": 0, "pos": [511.799, 132.734, 71.003], "rotationMatrix": [-0.728919, 0.6846, 0.0, -0.6846, -0.728919, 0.0, 0.0, 0.0, 1.0], "scale": 0.642, "type": "cork_oak_medium"}
{"ctxid": 0, "pos": [538.717, 134.357, 70.953], "rotationMatrix": [-0.945016, -0.327024, 0.0, 0.327024, -0.945016, 0.0, 0.0, 0.0, 1.0], "scale": 0.981, "type": "cork_oak_medium"}
{"ctxid": 0, "pos": [514.864, 143.911, 72.003], "rotationMatrix": [-0.98396, -0.178391, 0.0, 0.178391, -0.98396, 0.0, 0.0, 0.0, 1.0], "scale": 0.698, "type": "cork_oak_medium"}
{"ctxid": 0, "pos": [503.64, 142.541, 71.953], "rotationMatrix": [0.902953, 0.42974, 0.0, -0.42974, 0.902953, 0.0, 0.0, 0.0, 1.0], "scale": 1.08, "type": "cork_oak_medium"}
{"ctxid": 0, "pos": [508.694, 144.458, 71.953], "rotationMatrix": [0.526954, 0.849894, 0.0, -0.849894, 0.526954, 0.0, 0.0, 0.0, 1.0], "scale": 0.764, "type": "cork_oak_medium"}
{"ctxid": 0, "pos": [529.887, 152.013, 72.505], "rotationMatrix": [-0.578437, 0.815727, 0.0, -0.815727, -0.578437, 0.0, 0.0, 0.0, 1.0], "scale": 0.623, "type": "cork_oak_medium"}
{"ctxid": 0, "pos": [541.074, 154.289, 72.455], "rotationMatrix": [0.681959, 0.731391, 0.0, -0.731391, 0.681959, 0.0, 0.0, 0.0, 1.0], "scale": 1.239, "type": "cork_oak_medium"}
{"ctxid": 0, "pos": [503.689, 152.886, 73.016], "rotationMatrix": [-0.908379, -0.418148, 0.0, 0.418148, -0.908379, 0.0, 0.0, 0.0, 1.0], "scale": 0.869, "type": "cork_oak_medium"}
{"ctxid": 0, "pos": [513.245, 160.503, 73.528], "rotationMatrix": [-0.965572, -0.260135, 0.0, 0.260135, -0.965572, 0.0, 0.0, 0.0, 1.0], "scale": 0.699, "type": "cork_oak_medium"}
{"ctxid": 0, "pos": [506.774, 158.957, 73.528], "rotationMatrix": [0.478861, 0.877891, 0.0, -0.877891, 0.478861, 0.0, 0.0, 0.0, 1.0], "scale": 0.939, "type": "cork_oak_medium"}
{"ctxid": 0, "pos": [537.454, 165.705, 73.478], "rotationMatrix": [0.451559, 0.892241, 0.0, -0.892241, 0.451559, 0.0, 0.0, 0.0, 1.0], "scale": 0.836, "type": "cork_oak_medium"}
{"ctxid": 0, "pos": [510.36, 166.043, 73.981], "rotationMatrix": [0.503365, 0.864074, 0.0, -0.864074, 0.503365, 0.0, 0.0, 0.0, 1.0], "scale": 0.817, "type": "cork_oak_medium"}
{"ctxid": 0, "pos": [504.083, 162.671, 73.981], "rotationMatrix": [0.951988, -0.306137, 0.0, 0.306137, 0.951988, 0.0, 0.0, 0.0, 1.0], "scale": 0.904, "type": "cork_oak_medium"}
{"ctxid": 0, "pos": [522.077, 174.505, 74.51], "rotationMatrix": [-0.626025, 0.779803, 0.0, -0.779803, -0.626025, 0.0, 0.0, 0.0, 1.0], "scale": 0.865, "type": "cork_oak_medium"}
{"ctxid": 0, "pos": [533.714, 179.089, 74.46], "rotationMatrix": [-0.036277, 0.999342, 0.0, -0.999342, -0.036277, 0.0, 0.0, 0.0, 1.0], "scale": 1.138, "type": "cork_oak_medium"}
{"ctxid": 0, "pos": [520.651, 179.805, 74.982], "rotationMatrix": [-0.908639, -0.417582, 0.0, 0.417582, -0.908639, 0.0, 0.0, 0.0, 1.0], "scale": 0.597, "type": "cork_oak_medium"}
{"ctxid": 0, "pos": [499.725, 176.945, 75.386], "rotationMatrix": [-0.981644, -0.190723, 0.0, 0.190723, -0.981644, 0.0, 0.0, 0.0, 1.0], "scale": 1.144, "type": "cork_oak_medium"}
{"ctxid": 0, "pos": [513.53, 194.938, 76.191], "rotationMatrix": [0.959761, -0.280819, 0.0, 0.280819, 0.959761, 0.0, 0.0, 0.0, 1.0], "scale": 1.276, "type": "cork_oak_medium"}
{"ctxid": 0, "pos": [485.528, 179.269, 76.879], "rotationMatrix": [0.634715, -0.772746, 0.0, 0.772746, 0.634715, 0.0, 0.0, 0.0, 1.0], "scale": 0.997, "type": "cork_oak_medium"}
{"ctxid": 0, "pos": [517.079, 209.906, 76.879], "rotationMatrix": [0.829173, 0.558993, 0.0, -0.558993, 0.829173, 0.0, 0.0, 0.0, 1.0], "scale": 0.933, "type": "cork_oak_medium"}
{"ctxid": 0, "pos": [504.264, 218.423, 77.446], "rotationMatrix": [0.969962, -0.243256, 0.0, 0.243256, 0.969962, 0.0, 0.0, 0.0, 1.0], "scale": 1.227, "type": "cork_oak_medium"}
{"ctxid": 0, "pos": [490.117, 209.627, 77.965], "rotationMatrix": [-0.567165, -0.823604, 0.0, 0.823604, -0.567165, 0.0, 0.0, 0.0, 1.0], "scale": 0.683, "type": "cork_oak_medium"}
{"ctxid": 0, "pos": [493.249, 183.135, 77.915], "rotationMatrix": [-0.779817, 0.626008, 0.0, -0.626008, -0.779817, 0.0, 0.0, 0.0, 1.0], "scale": 1.177, "type": "cork_oak_medium"}
{"ctxid": 0, "pos": [495.47, 180.809, 78.468], "rotationMatrix": [0.803557, -0.595228, 0.0, 0.595228, 0.803557, 0.0, 0.0, 0.0, 1.0], "scale": 1.187, "type": "cork_oak_medium"}
{"ctxid": 0, "pos": [491.445, 184.468, 79.182], "rotationMatrix": [0.56373, 0.825959, 0.0, -0.825959, 0.56373, 0.0, 0.0, 0.0, 1.0], "scale": 0.959, "type": "cork_oak_medium"}
{"ctxid": 0, "pos": [471.242, 182.761, 80.112], "rotationMatrix": [0.103324, 0.994648, 0.0, -0.994648, 0.103324, 0.0, 0.0, 0.0, 1.0], "scale": 1.044, "type": "cork_oak_medium"}
{"ctxid": 0, "pos": [493.653, 170.593, 80.062], "rotationMatrix": [-0.072551, 0.997365, 0.0, -0.997365, -0.072551, 0.0, 0.0, 0.0, 1.0], "scale": 0.738, "type": "cork_oak_medium"}
{"ctxid": 0, "pos": [484.697, 171.197, 80.523], "rotationMatrix": [-0.765948, -0.642902, 0.0, 0.642902, -0.765948, 0.0, 0.0, 0.0, 1.0], "scale": 1.216, "type": "cork_oak_medium"}
{"ctxid": 0, "pos": [476.393, 163.734, 81.561], "rotationMatrix": [-0.368267, -0.92972, 0.0, 0.92972, -0.368267, 0.0, 0.0, 0.0, 1.0], "scale": 0.837, "type": "cork_oak_medium"}
{"ctxid": 0, "pos": [482.438, 160.387, 81.511], "rotationMatrix": [-0.785215, 0.619224, 0.0, -0.619224, -0.785215, 0.0, 0.0, 0.0, 1.0], "scale": 0.946, "type": "cork_oak_medium"}
{"ctxid": 0, "pos": [462.263, 169.501, 81.511], "rotationMatrix": [0.782848, 0.622213, 0.0, -0.622213, 0.782848, 0.0, 0.0, 0.0, 1.0], "scale": 1.361, "type": "cork_oak_medium"}
{"ctxid": 0, "pos": [475.228, 157.759, 82.013], "rotationMatrix": [-0.952857, -0.30342, 0.0, 0.30342, -0.952857, 0.0, 0.0, 0.0, 1.0], "scale": 0.874, "type": "cork_oak_medium"}
{"ctxid": 0, "pos": [481.044, 145.771, 82.533], "rotationMatrix": [0.999429, 0.033776, 0.0, -0.033776, 0.999429, 0.0, 0.0, 0.0, 1.0], "scale": 1.077, "type": "cork_oak_medium"}
{"ctxid": 0, "pos": [447.51, 164.651, 82.533], "rotationMatrix": [-0.976861, 0.213875, 0.0, -0.213875, -0.976861, 0.0, 0.0, 0.0, 1.0], "scale": 0.781, "type": "cork_oak_medium"}
{"ctxid": 0, "pos": [474.292, 143.789, 83.106], "rotationMatrix": [-0.926159, -0.377132, 0.0, 0.377132, -0.926159, 0.0, 0.0, 0.0, 1.0], "scale": 0.651, "type": "cork_oak_medium"}
{"ctxid": 0, "pos": [467.079, 133.507, 84.114], "rotationMatrix": [0.906408, 0.422404, 0.0, -0.422404, 0.906408, 0.0, 0.0, 0.0, 1.0], "scale": 0.5, "type": "cork_oak_medium"}
{"ctxid": 0, "pos": [469.61, 130.693, 84.064], "rotationMatrix": [0.236812, -0.971556, 0.0, 0.971556, 0.236812, 0.0, 0.0, 0.0, 1.0], "scale": 0.71, "type": "cork_oak_medium"}
{"ctxid": 0, "pos": [437.836, 155.08, 84.064], "rotationMatrix": [0.572086, 0.820194, 0.0, -0.820194, 0.572086, 0.0, 0.0, 0.0, 1.0], "scale": 0.797, "type": "cork_oak_medium"}
{"ctxid": 0, "pos": [463.287, 119.758, 85.033], "rotationMatrix": [0.038926, 0.999242, 0.0, -0.999242, 0.038926, 0.0, 0.0, 0.0, 1.0], "scale": 0.908, "type": "cork_oak_medium"}
{"ctxid": 0, "pos": [458.435, 124.625, 85.033], "rotationMatrix": [0.556077, 0.831131, 0.0, -0.831131, 0.556077, 0.0, 0.0, 0.0, 1.0], "scale": 0.727, "type": "cork_oak_medium"}
{"ctxid": 0, "pos": [453.922, 126.71, 85.033], "rotationMatrix": [-0.474482, 0.880265, 0.0, -0.880265, -0.474482, 0.0, 0.0, 0.0, 1.0], "scale": 1.231, "type": "cork_oak_medium"}
{"ctxid": 0, "pos": [440.015, 141.616, 85.033], "rotationMatrix": [0.382069, -0.924134, 0.0, 0.924134, 0.382069, 0.0, 0.0, 0.0, 1.0], "scale": 1.176, "type": "cork_oak_medium"}
{"ctxid": 0, "pos": [450.19, 123.696, 85.553], "rotationMatrix": [-0.180789, 0.983522, 0.0, -0.983522, -0.180789, 0.0, 0.0, 0.0, 1.0], "scale": 0.785, "type": "cork_oak_medium"}
{"ctxid": 0, "pos": [448.987, 115.725, 85.972], "rotationMatrix": [0.728678, -0.684856, 0.0, 0.684856, 0.728678, 0.0, 0.0, 0.0, 1.0], "scale": 0.838, "type": "cork_oak_medium"}
{"ctxid": 0, "pos": [439.79, 118.663, 86.488], "rotationMatrix": [-0.535514, 0.844527, 0.0, -0.844527, -0.535514, 0.0, 0.0, 0.0, 1.0], "scale": 0.513, "type": "cork_oak_medium"}
{"ctxid": 0, "pos": [430.049, 131.574, 86.438], "rotationMatrix": [0.938963, -0.344019, 0.0, 0.344019, 0.938963, 0.0, 0.0, 0.0, 1.0], "scale": 1.272, "type": "cork_oak_medium"}
{"ctxid": 0, "pos": [425.029, 133.22, 86.901], "rotationMatrix": [-0.106969, 0.994262, 0.0, -0.994262, -0.106969, 0.0, 0.0, 0.0, 1.0], "scale": 0.995, "type": "cork_oak_medium"}
{"ctxid": 0, "pos": [435.349, 106.229, 87.364], "rotationMatrix": [0.700922, -0.713238, 0.0, 0.713238, 0.700922, 0.0, 0.0, 0.0, 1.0], "scale": 0.685, "type": "cork_oak_medium"}
{"ctxid": 0, "pos": [417.472, 128.11, 87.826], "rotationMatrix": [0.454987, 0.890498, 0.0, -0.890498, 0.454987, 0.0, 0.0, 0.0, 1.0], "scale": 1.066, "type": "cork_oak_medium"}
{"ctxid": 0, "pos": [411.991, 125.705, 88.33], "rotationMatrix": [0.323102, -0.946364, 0.0, 0.946364, 0.323102, 0.0, 0.0, 0.0, 1.0], "scale": 0.859, "type": "cork_oak_medium"}
{"ctxid": 0, "pos": [412.331, 127.315, 88.28], "rotationMatrix": [0.97028, -0.241985, 0.0, 0.241985, 0.97028, 0.0, 0.0, 0.0, 1.0], "scale": 0.988, "type": "cork_oak_medium"}
{"ctxid": 0, "pos": [408.635, 130.351, 88.28], "rotationMatrix": [-0.913387, 0.407092, 0.0, -0.407092, -0.913387, 0.0, 0.0, 0.0, 1.0], "scale": 1.406, "type": "cork_oak_medium"}
{"ctxid": 0, "pos": [417.31, 104.305, 88.783], "rotationMatrix": [0.719826, 0.694154, 0.0, -0.694154, 0.719826, 0.0, 0.0, 0.0, 1.0], "scale": 0.713, "type": "cork_oak_medium"}
{"ctxid": 0, "pos": [418.404, 102.165, 88.783], "rotationMatrix": [-0.895736, 0.444585, 0.0, -0.444585, -0.895736, 0.0, 0.0, 0.0, 1.0], "scale": 0.782, "type": "cork_oak_medium"}
{"ctxid": 0, "pos": [408.836, 120.276, 88.733], "rotationMatrix": [-0.782848, -0.622213, 0.0, 0.622213, -0.782848, 0.0, 0.0, 0.0, 1.0], "scale": 0.855, "type": "cork_oak_medium"}
{"ctxid": 0, "pos": [414.416, 87.895, 89.653], "rotationMatrix": [0.030624, -0.999531, 0.0, 0.999531, 0.030624, 0.0, 0.0, 0.0, 1.0], "scale": 0.999, "type": "cork_oak_medium"}
{"ctxid": 0, "pos": [396.525, 112.775, 90.121], "rotationMatrix": [-0.700635, -0.71352, 0.0, 0.71352, -0.700635, 0.0, 0.0, 0.0, 1.0], "scale": 0.994, "type": "cork_oak_medium"}
{"ctxid": 0, "pos": [388.979, 116.111, 90.591], "rotationMatrix": [0.720961, 0.692976, 0.0, -0.692976, 0.720961, 0.0, 0.0, 0.0, 1.0], "scale": 0.784, "type": "cork_oak_medium"}
{"ctxid": 0, "pos": [379.83, 109.496, 91.553], "rotationMatrix": [0.495869, -0.868398, 0.0, 0.868398, 0.495869, 0.0, 0.0, 0.0, 1.0], "scale": 0.799, "type": "cork_oak_medium"}
{"ctxid": 0, "pos": [381.142, 108.263, 91.553], "rotationMatrix": [0.66503, 0.746816, 0.0, -0.746816, 0.66503, 0.0, 0.0, 0.0, 1.0], "scale": 1.069, "type": "cork_oak_medium"}
{"ctxid": 0, "pos": [-44.363, 332.655, 131.756], "rotationMatrix": [-0.045378, 0.99897, 0.0, -0.99897, -0.045378, 0.0, 0.0, 0.0, 1.0], "scale": 1.107, "type": "cork_oak_medium"}
{"ctxid": 0, "pos": [-47.939, 327.367, 131.756], "rotationMatrix": [-0.222038, 0.975038, 0.0, -0.975038, -0.222038, 0.0, 0.0, 0.0, 1.0], "scale": 0.91, "type": "cork_oak_medium"}
{"ctxid": 0, "pos": [-91.631, 389.382, 135.626], "rotationMatrix": [-0.947177, 0.320712, 0.0, -0.320712, -0.947177, 0.0, 0.0, 0.0, 1.0], "scale": 0.62, "type": "cork_oak_medium"}
{"ctxid": 0, "pos": [-93.892, 380.599, 135.576], "rotationMatrix": [0.682904, -0.730508, 0.0, 0.730508, 0.682904, 0.0, 0.0, 0.0, 1.0], "scale": 1.044, "type": "cork_oak_medium"}
{"ctxid": 0, "pos": [-932.593, 1123.686, 250.937], "rotationMatrix": [-0.485952, 0.873985, 0.0, -0.873985, -0.485952, 0.0, 0.0, 0.0, 1.0], "scale": 0.8, "type": "cork_oak_medium"}
{"ctxid": 0, "pos": [-1093.729, 1240.01, 271.745], "rotationMatrix": [0.861449, 0.507844, 0.0, -0.507844, 0.861449, 0.0, 0.0, 0.0, 1.0], "scale": 1.002, "type": "cork_oak_medium"}
{"ctxid": 0, "pos": [-1227.412, 1353.702, 306.32], "rotationMatrix": [0.776885, 0.629642, 0.0, -0.629642, 0.776885, 0.0, 0.0, 0.0, 1.0], "scale": 1.026, "type": "cork_oak_medium"}
{"ctxid": 0, "pos": [-1241.05, 1379.942, 306.32], "rotationMatrix": [-0.292863, -0.956154, 0.0, 0.956154, -0.292863, 0.0, 0.0, 0.0, 1.0], "scale": 0.943, "type": "cork_oak_medium"}
{"ctxid": 0, "pos": [-1242.344, 1370.62, 307.117], "rotationMatrix": [0.966947, 0.254977, 0.0, -0.254977, 0.966947, 0.0, 0.0, 0.0, 1.0], "scale": 0.608, "type": "cork_oak_medium"}
{"ctxid": 0, "pos": [-1244.203, 1375.937, 307.067], "rotationMatrix": [0.320789, -0.947151, 0.0, 0.947151, 0.320789, 0.0, 0.0, 0.0, 1.0], "scale": 1.091, "type": "cork_oak_medium"}
{"ctxid": 0, "pos": [-1272.626, 1349.017, 309.816], "rotationMatrix": [0.964544, -0.263923, 0.0, 0.263923, 0.964544, 0.0, 0.0, 0.0, 1.0], "scale": 0.548, "type": "cork_oak_medium"}
{"ctxid": 0, "pos": [-1265.208, 1372.487, 309.766], "rotationMatrix": [0.991831, 0.127555, 0.0, -0.127555, 0.991831, 0.0, 0.0, 0.0, 1.0], "scale": 0.775, "type": "cork_oak_medium"}
{"ctxid": 0, "pos": [-1273.004, 1370.558, 310.515], "rotationMatrix": [0.437633, -0.899154, 0.0, 0.899154, 0.437633, 0.0, 0.0, 0.0, 1.0], "scale": 0.825, "type": "cork_oak_medium"}
{"ctxid": 0, "pos": [-1269.595, 1379.224, 310.465], "rotationMatrix": [0.839397, -0.543519, 0.0, 0.543519, 0.839397, 0.0, 0.0, 0.0, 1.0], "scale": 0.778, "type": "cork_oak_medium"}
{"ctxid": 0, "pos": [-1292.11, 1351.389, 311.173], "rotationMatrix": [-0.980836, -0.194833, 0.0, 0.194833, -0.980836, 0.0, 0.0, 0.0, 1.0], "scale": 1.255, "type": "cork_oak_medium"}
{"ctxid": 0, "pos": [-1290.617, 1355.989, 311.173], "rotationMatrix": [0.30506, -0.952333, 0.0, 0.952333, 0.30506, 0.0, 0.0, 0.0, 1.0], "scale": 0.813, "type": "cork_oak_medium"}
{"ctxid": 0, "pos": [-1278.895, 1378.25, 311.173], "rotationMatrix": [0.778661, 0.627445, 0.0, -0.627445, 0.778661, 0.0, 0.0, 0.0, 1.0], "scale": 1.096, "type": "cork_oak_medium"}
{"ctxid": 0, "pos": [-1287.379, 1388.94, 312.846], "rotationMatrix": [0.861793, -0.507261, 0.0, 0.507261, 0.861793, 0.0, 0.0, 0.0, 1.0], "scale": 0.975, "type": "cork_oak_medium"}
{"ctxid": 0, "pos": [-1290.933, 1386.098, 312.796], "rotationMatrix": [0.330294, -0.943878, 0.0, 0.943878, 0.330294, 0.0, 0.0, 0.0, 1.0], "scale": 1.203, "type": "cork_oak_medium"}
{"ctxid": 0, "pos": [-1289.722, 1392.666, 313.261], "rotationMatrix": [0.970491, -0.241139, 0.0, 0.241139, 0.970491, 0.0, 0.0, 0.0, 1.0], "scale": 1.03, "type": "cork_oak_medium"}
{"ctxid": 0, "pos": [-1297.06, 1392.255, 313.804], "rotationMatrix": [0.941398, -0.337298, 0.0, 0.337298, 0.941398, 0.0, 0.0, 0.0, 1.0], "scale": 0.84, "type": "cork_oak_medium"}
{"ctxid": 0, "pos": [-1324.618, 1380.234, 314.258], "rotationMatrix": [-0.338032, -0.941135, 0.0, 0.941135, -0.338032, 0.0, 0.0, 0.0, 1.0], "scale": 1.115, "type": "cork_oak_medium"}
{"ctxid": 0, "pos": [-1316.056, 1392.584, 314.77], "rotationMatrix": [0.999761, 0.021842, 0.0, -0.021842, 0.999761, 0.0, 0.0, 0.0, 1.0], "scale": 0.911, "type": "cork_oak_medium"}
{"ctxid": 0, "pos": [-1326.537, 1387.254, 314.77], "rotationMatrix": [0.44601, -0.895028, 0.0, 0.895028, 0.44601, 0.0, 0.0, 0.0, 1.0], "scale": 0.883, "type": "cork_oak_medium"}
{"ctxid": 0, "pos": [-1303.191, 1401.034, 314.77], "rotationMatrix": [-0.410264, -0.911967, 0.0, 0.911967, -0.410264, 0.0, 0.0, 0.0, 1.0], "scale": 0.992, "type": "cork_oak_medium"}
{"ctxid": 0, "pos": [-1295.938, 1405.715, 314.77], "rotationMatrix": [-0.990173, 0.139846, 0.0, -0.139846, -0.990173, 0.0, 0.0, 0.0, 1.0], "scale": 1.03, "type": "cork_oak_medium"}
{"ctxid": 0, "pos": [-1294.714, 1413.23, 315.316], "rotationMatrix": [0.998971, 0.045359, 0.0, -0.045359, 0.998971, 0.0, 0.0, 0.0, 1.0], "scale": 0.934, "type": "cork_oak_medium"}
{"ctxid": 0, "pos": [-1301.153, 1409.634, 315.316], "rotationMatrix": [0.693183, -0.720762, 0.0, 0.720762, 0.693183, 0.0, 0.0, 0.0, 1.0], "scale": 0.759, "type": "cork_oak_medium"}
{"ctxid": 0, "pos": [-1328.223, 1401.685, 315.871], "rotationMatrix": [0.996998, 0.077422, 0.0, -0.077422, 0.996998, 0.0, 0.0, 0.0, 1.0], "scale": 0.849, "type": "cork_oak_medium"}
{"ctxid": 0, "pos": [-1339.696, 1418.697, 317.669], "rotationMatrix": [0.690974, -0.722879, 0.0, 0.722879, 0.690974, 0.0, 0.0, 0.0, 1.0], "scale": 0.736, "type": "cork_oak_medium"}
{"ctxid": 0, "pos": [-1312.181, 1429.445, 317.669], "rotationMatrix": [0.980808, 0.194975, 0.0, -0.194975, 0.980808, 0.0, 0.0, 0.0, 1.0], "scale": 0.62, "type": "cork_oak_medium"}
{"ctxid": 0, "pos": [-1314.45, 1427.845, 317.619], "rotationMatrix": [0.7826, -0.622524, 0.0, 0.622524, 0.7826, 0.0, 0.0, 0.0, 1.0], "scale": 1.158, "type": "cork_oak_medium"}
{"ctxid": 0, "pos": [-1320.859, 1434.086, 318.272], "rotationMatrix": [0.086613, -0.996242, 0.0, 0.996242, 0.086613, 0.0, 0.0, 0.0, 1.0], "scale": 0.5, "type": "cork_oak_medium"}
{"ctxid": 0, "pos": [-1333.963, 1429.365, 318.222], "rotationMatrix": [0.149228, -0.988803, 0.0, 0.988803, 0.149228, 0.0, 0.0, 0.0, 1.0], "scale": 0.824, "type": "cork_oak_medium"}
{"ctxid": 0, "pos": [-1312.837, 1630.962, 336.827], "rotationMatrix": [-0.887783, 0.460263, 0.0, -0.460263, -0.887783, 0.0, 0.0, 0.0, 1.0], "scale": 0.57, "type": "cork_oak_medium"}
{"ctxid": 0, "pos": [-1333.701, 1640.646, 337.365], "rotationMatrix": [-0.7216, 0.69231, 0.0, -0.69231, -0.7216, 0.0, 0.0, 0.0, 1.0], "scale": 1.018, "type": "cork_oak_medium"}
{"ctxid": 0, "pos": [-1314.135, 1637.278, 337.365], "rotationMatrix": [-0.337083, 0.941475, 0.0, -0.941475, -0.337083, 0.0, 0.0, 0.0, 1.0], "scale": 0.798, "type": "cork_oak_medium"}
{"ctxid": 0, "pos": [-1309.77, 1637.842, 337.315], "rotationMatrix": [0.925904, -0.377758, 0.0, 0.377758, 0.925904, 0.0, 0.0, 0.0, 1.0], "scale": 0.988, "type": "cork_oak_medium"}
{"ctxid": 0, "pos": [-1343.216, 1651.921, 338.368], "rotationMatrix": [0.543311, -0.839532, 0.0, 0.839532, 0.543311, 0.0, 0.0, 0.0, 1.0], "scale": 0.961, "type": "cork_oak_medium"}
{"ctxid": 0, "pos": [-1337.463, 1656.031, 338.863], "rotationMatrix": [0.54715, 0.837035, 0.0, -0.837035, 0.54715, 0.0, 0.0, 0.0, 1.0], "scale": 1.099, "type": "cork_oak_medium"}
{"ctxid": 0, "pos": [-1310.189, 1657.708, 338.863], "rotationMatrix": [0.640092, -0.768298, 0.0, 0.768298, 0.640092, 0.0, 0.0, 0.0, 1.0], "scale": 1.092, "type": "cork_oak_medium"}
{"ctxid": 0, "pos": [-1343.337, 1660.581, 339.404], "rotationMatrix": [0.367932, 0.929853, 0.0, -0.929853, 0.367932, 0.0, 0.0, 0.0, 1.0], "scale": 0.5, "type": "cork_oak_medium"}
{"ctxid": 0, "pos": [-1347.604, 1660.224, 339.354], "rotationMatrix": [0.892717, -0.450617, 0.0, 0.450617, 0.892717, 0.0, 0.0, 0.0, 1.0], "scale": 0.878, "type": "cork_oak_medium"}
{"ctxid": 0, "pos": [-1335.53, 1666.83, 339.844], "rotationMatrix": [-0.998307, 0.058169, 0.0, -0.058169, -0.998307, 0.0, 0.0, 0.0, 1.0], "scale": 1.141, "type": "cork_oak_medium"}
{"ctxid": 0, "pos": [-1333.39, 1672.246, 340.378], "rotationMatrix": [0.056752, -0.998388, 0.0, 0.998388, 0.056752, 0.0, 0.0, 0.0, 1.0], "scale": 0.581, "type": "cork_oak_medium"}
{"ctxid": 0, "pos": [-1337.426, 1673.916, 340.328], "rotationMatrix": [0.765318, -0.643652, 0.0, 0.643652, 0.765318, 0.0, 0.0, 0.0, 1.0], "scale": 1.06, "type": "cork_oak_medium"}
{"ctxid": 0, "pos": [-1340.06, 1677.398, 340.811], "rotationMatrix": [-0.999485, -0.0321, 0.0, 0.0321, -0.999485, 0.0, 0.0, 0.0, 1.0], "scale": 1.014, "type": "cork_oak_medium"}
{"ctxid": 0, "pos": [-1343.775, 1681.715, 341.341], "rotationMatrix": [0.658982, 0.752159, 0.0, -0.752159, 0.658982, 0.0, 0.0, 0.0, 1.0], "scale": 0.552, "type": "cork_oak_medium"}
{"ctxid": 0, "pos": [-1348.127, 1680.892, 341.291], "rotationMatrix": [0.960659, 0.277729, 0.0, -0.277729, 0.960659, 0.0, 0.0, 0.0, 1.0], "scale": 0.934, "type": "cork_oak_medium"}
{"ctxid": 0, "pos": [-1345.437, 1691.51, 342.227], "rotationMatrix": [0.126327, -0.991989, 0.0, 0.991989, 0.126327, 0.0, 0.0, 0.0, 1.0], "scale": 1.138, "type": "cork_oak_medium"}
{"ctxid": 0, "pos": [-1318.395, 1696.608, 342.227], "rotationMatrix": [-0.06559, 0.997847, 0.0, -0.997847, -0.06559, 0.0, 0.0, 0.0, 1.0], "scale": 0.92, "type": "cork_oak_medium"}
{"ctxid": 0, "pos": [-1346.336, 1697.221, 342.679], "rotationMatrix": [0.205766, -0.978601, 0.0, 0.978601, 0.205766, 0.0, 0.0, 0.0, 1.0], "scale": 0.71, "type": "cork_oak_medium"}
{"ctxid": 0, "pos": [-1349.455, 1696.235, 342.679], "rotationMatrix": [-0.810518, -0.585714, 0.0, 0.585714, -0.810518, 0.0, 0.0, 0.0, 1.0], "scale": 0.885, "type": "cork_oak_medium"}
{"ctxid": 0, "pos": [-1338.736, 1698.065, 342.679], "rotationMatrix": [-0.258914, 0.9659, 0.0, -0.9659, -0.258914, 0.0, 0.0, 0.0, 1.0], "scale": 0.984, "type": "cork_oak_medium"}
{"ctxid": 0, "pos": [-1349.025, 1706.993, 343.465], "rotationMatrix": [0.507532, 0.861633, 0.0, -0.861633, 0.507532, 0.0, 0.0, 0.0, 1.0], "scale": 0.665, "type": "cork_oak_medium"}
{"ctxid": 0, "pos": [-1340.819, 1706.718, 343.465], "rotationMatrix": [0.878881, 0.47704, 0.0, -0.47704, 0.878881, 0.0, 0.0, 0.0, 1.0], "scale": 0.81, "type": "cork_oak_medium"}
{"ctxid": 0, "pos": [-1346.062, 1720.481, 344.222], "rotationMatrix": [0.025558, 0.999673, 0.0, -0.999673, 0.025558, 0.0, 0.0, 0.0, 1.0], "scale": 0.984, "type": "cork_oak_medium"}
{"ctxid": 0, "pos": [-1320.819, 1721.834, 345.015], "rotationMatrix": [0.947473, -0.319837, 0.0, 0.319837, 0.947473, 0.0, 0.0, 0.0, 1.0], "scale": 0.5, "type": "cork_oak_medium"}
{"ctxid": 0, "pos": [-1318.003, 1719.799, 344.965], "rotationMatrix": [-0.926267, 0.376867, 0.0, -0.376867, -0.926267, 0.0, 0.0, 0.0, 1.0], "scale": 1.223, "type": "cork_oak_medium"}
{"ctxid": 0, "pos": [-1314.577, 1718.828, 344.965], "rotationMatrix": [-0.622593, -0.782546, 0.0, 0.782546, -0.622593, 0.0, 0.0, 0.0, 1.0], "scale": 0.917, "type": "cork_oak_medium"}
{"ctxid": 0, "pos": [-1305.123, 1722.933, 345.68], "rotationMatrix": [-0.828353, -0.560206, 0.0, 0.560206, -0.828353, 0.0, 0.0, 0.0, 1.0], "scale": 1.337, "type": "cork_oak_medium"}
{"ctxid": 0, "pos": [-1331.173, 1743.922, 346.411], "rotationMatrix": [0.570324, -0.82142, 0.0, 0.82142, 0.570324, 0.0, 0.0, 0.0, 1.0], "scale": 0.813, "type": "cork_oak_medium"}
{"ctxid": 0, "pos": [-1304.927, 1729.749, 346.411], "rotationMatrix": [-0.582276, -0.812991, 0.0, 0.812991, -0.582276, 0.0, 0.0, 0.0, 1.0], "scale": 1.051, "type": "cork_oak_medium"}
{"ctxid": 0, "pos": [-1325.902, 1749.582, 347.16], "rotationMatrix": [-0.927644, 0.373466, 0.0, -0.373466, -0.927644, 0.0, 0.0, 0.0, 1.0], "scale": 1.108, "type": "cork_oak_medium"}
{"ctxid": 0, "pos": [-1297.46, 1735.848, 347.16], "rotationMatrix": [-0.326362, -0.945245, 0.0, 0.945245, -0.326362, 0.0, 0.0, 0.0, 1.0], "scale": 0.798, "type": "cork_oak_medium"}
{"ctxid": 0, "pos": [-1307.043, 1750.165, 347.917], "rotationMatrix": [-0.545819, -0.837903, 0.0, 0.837903, -0.545819, 0.0, 0.0, 0.0, 1.0], "scale": 0.746, "type": "cork_oak_medium"}
{"ctxid": 0, "pos": [-1306.16, 1760.267, 348.68], "rotationMatrix": [-0.998328, -0.057807, 0.0, 0.057807, -0.998328, 0.0, 0.0, 0.0, 1.0], "scale": 0.764, "type": "cork_oak_medium"}
{"ctxid": 0, "pos": [-1328.342, 1762.998, 348.63], "rotationMatrix": [0.962105, -0.272681, 0.0, 0.272681, 0.962105, 0.0, 0.0, 0.0, 1.0], "scale": 1.179, "type": "cork_oak_medium"}
{"ctxid": 0, "pos": [-1305.495, 1760.55, 348.63], "rotationMatrix": [0.357389, -0.933956, 0.0, 0.933956, 0.357389, 0.0, 0.0, 0.0, 1.0], "scale": 0.834, "type": "cork_oak_medium"}
{"ctxid": 0, "pos": [-1322.556, 1768.076, 349.304], "rotationMatrix": [0.153744, -0.988111, 0.0, 0.988111, 0.153744, 0.0, 0.0, 0.0, 1.0], "scale": 0.986, "type": "cork_oak_medium"}
{"ctxid": 0, "pos": [-1305.971, 1777.93, 349.993], "rotationMatrix": [0.879791, 0.47536, 0.0, -0.47536, 0.879791, 0.0, 0.0, 0.0, 1.0], "scale": 0.603, "type": "cork_oak_medium"}
{"ctxid": 0, "pos": [-1294.347, 1779.298, 349.943], "rotationMatrix": [-0.657914, -0.753093, 0.0, 0.753093, -0.657914, 0.0, 0.0, 0.0, 1.0], "scale": 0.867, "type": "cork_oak_medium"}
{"ctxid": 0, "pos": [-1296.306, 1777.542, 349.943], "rotationMatrix": [-0.999425, -0.033915, 0.0, 0.033915, -0.999425, 0.0, 0.0, 0.0, 1.0], "scale": 1.225, "type": "cork_oak_medium"}
{"ctxid": 0, "pos": [-1335.324, 1775.345, 351.31], "rotationMatrix": [0.207284, 0.978281, 0.0, -0.978281, 0.207284, 0.0, 0.0, 0.0, 1.0], "scale": 0.804, "type": "cork_oak_medium"}
{"ctxid": 0, "pos": [-1333.738, 1777.522, 351.31], "rotationMatrix": [-0.592158, -0.805822, 0.0, 0.805822, -0.592158, 0.0, 0.0, 0.0, 1.0], "scale": 1.058, "type": "cork_oak_medium"}
{"ctxid": 0, "pos": [-1305.345, 1800.617, 351.31], "rotationMatrix": [-0.027483, 0.999622, 0.0, -0.999622, -0.027483, 0.0, 0.0, 0.0, 1.0], "scale": 1.281, "type": "cork_oak_medium"}
{"ctxid": 0, "pos": [-1316.907, 1806.385, 352.138], "rotationMatrix": [-0.319628, -0.947543, 0.0, 0.947543, -0.319628, 0.0, 0.0, 0.0, 1.0], "scale": 0.837, "type": "cork_oak_medium"}
{"ctxid": 0, "pos": [-1316.518, 1805.571, 352.088], "rotationMatrix": [-0.410773, 0.911737, 0.0, -0.911737, -0.410773, 0.0, 0.0, 0.0, 1.0], "scale": 0.92, "type": "cork_oak_medium"}
{"ctxid": 0, "pos": [-1331.291, 1804.156, 352.972], "rotationMatrix": [0.792551, 0.609806, 0.0, -0.609806, 0.792551, 0.0, 0.0, 0.0, 1.0], "scale": 0.601, "type": "cork_oak_medium"}
{"ctxid": 0, "pos": [-1343.962, 1787.758, 352.922], "rotationMatrix": [0.932903, -0.360128, 0.0, 0.360128, 0.932903, 0.0, 0.0, 0.0, 1.0], "scale": 0.732, "type": "cork_oak_medium"}
{"ctxid": 0, "pos": [-1339.273, 1793.278, 352.922], "rotationMatrix": [0.368672, -0.929559, 0.0, 0.929559, 0.368672, 0.0, 0.0, 0.0, 1.0], "scale": 0.92, "type": "cork_oak_medium"}
{"ctxid": 0, "pos": [-1343.013, 1786.253, 352.922], "rotationMatrix": [0.605531, 0.795822, 0.0, -0.795822, 0.605531, 0.0, 0.0, 0.0, 1.0], "scale": 1.441, "type": "cork_oak_medium"}
{"ctxid": 0, "pos": [-1334.039, 1820.428, 353.81], "rotationMatrix": [-0.358894, 0.933378, 0.0, -0.933378, -0.358894, 0.0, 0.0, 0.0, 1.0], "scale": 1.144, "type": "cork_oak_medium"}
{"ctxid": 0, "pos": [-1353.97, 1794.981, 354.261], "rotationMatrix": [-0.651259, -0.758855, 0.0, 0.758855, -0.651259, 0.0, 0.0, 0.0, 1.0], "scale": 1.252, "type": "cork_oak_medium"}
{"ctxid": 0, "pos": [-1349.023, 1815.853, 354.764], "rotationMatrix": [0.500641, 0.865655, 0.0, -0.865655, 0.500641, 0.0, 0.0, 0.0, 1.0], "scale": 0.89, "type": "cork_oak_medium"}
{"ctxid": 0, "pos": [-1348.828, 1814.666, 354.764], "rotationMatrix": [0.765596, -0.643322, 0.0, 0.643322, 0.765596, 0.0, 0.0, 0.0, 1.0], "scale": 0.771, "type": "cork_oak_medium"}
{"ctxid": 0, "pos": [-1358.68, 1793.702, 354.714], "rotationMatrix": [0.453818, -0.891095, 0.0, 0.891095, 0.453818, 0.0, 0.0, 0.0, 1.0], "scale": 1.316, "type": "cork_oak_medium"}
