{"ctxid": 0, "pos": [3543.131, -4449.776, 72.524], "rotationMatrix": [-0.948846, -0.31574, 0.0, 0.31574, -0.948846, 0.0, 0.0, 0.0, 1.0], "scale": 0.5, "type": "cypress_tree"}
{"ctxid": 0, "pos": [3528.448, -4444.956, 72.709], "rotationMatrix": [0.360426, -0.932788, 0.0, 0.932788, 0.360426, 0.0, 0.0, 0.0, 1.0], "scale": 0.5, "type": "cypress_tree"}
{"ctxid": 0, "pos": [3532.197, -4430.688, 72.874], "rotationMatrix": [-0.694653, -0.719345, 0.0, 0.719345, -0.694653, 0.0, 0.0, 0.0, 1.0], "scale": 0.5, "type": "cypress_tree"}
{"ctxid": 0, "pos": [3527.443, -4427.683, 73.071], "rotationMatrix": [-0.880523, -0.474004, 0.0, 0.474004, -0.880523, 0.0, 0.0, 0.0, 1.0], "scale": 0.5, "type": "cypress_tree"}
{"ctxid": 0, "pos": [3514.047, -4407.036, 73.527], "rotationMatrix": [-0.933406, 0.358822, 0.0, -0.358822, -0.933406, 0.0, 0.0, 0.0, 1.0], "scale": 0.5, "type": "cypress_tree"}
{"ctxid": 0, "pos": [3507.756, -4411.97, 73.527], "rotationMatrix": [-0.515974, 0.856604, 0.0, -0.856604, -0.515974, 0.0, 0.0, 0.0, 1.0], "scale": 0.5, "type": "cypress_tree"}
{"ctxid": 0, "pos": [3517.347, -4391.535, 73.75], "rotationMatrix": [-0.85009, -0.526637, 0.0, 0.526637, -0.85009, 0.0, 0.0, 0.0, 1.0], "scale": 0.5, "type": "cypress_tree"}
{"ctxid": 0, "pos": [3503.292, -4396.389, 73.863], "rotationMatrix": [0.928699, 0.370834, 0.0, -0.370834, 0.928699, 0.0, 0.0, 0.0, 1.0], "scale": 0.5, "type": "cypress_tree"}
{"ctxid": 0, "pos": [3426.251, -4291.017, 76.346], "rotationMatrix": [-0.896464, -0.443116, 0.0, 0.443116, -0.896464, 0.0, 0.0, 0.0, 1.0], "scale": 0.5, "type": "cypress_tree"}
{"ctxid": 0, "pos": [3383.612, -4213.734, 78.134], "rotationMatrix": [0.721006, 0.692929, 0.0, -0.692929, 0.721006, 0.0, 0.0, 0.0, 1.0], "scale": 0.5, "type": "cypress_tree"}
{"ctxid": 0, "pos": [3367.946, -4224.777, 78.134], "rotationMatrix": [0.924953, -0.380081, 0.0, 0.380081, 0.924953, 0.0, 0.0, 0.0, 1.0], "scale": 0.5, "type": "cypress_tree"}
{"ctxid": 0, "pos": [3379.63, -4209.545, 78.204], "rotationMatrix": [-0.270626, -0.962685, 0.0, 0.962685, -0.270626, 0.0, 0.0, 0.0, 1.0], "scale": 0.5, "type": "cypress_tree"}
{"ctxid": 0, "pos": [3379.51, -4209.642, 78.204], "rotationMatrix": [-0.18074, 0.983531, 0.0, -0.983531, -0.18074, 0.0, 0.0, 0.0, 1.0], "scale": 0.5, "type": "cypress_tree"}
{"ctxid": 0, "pos": [3385.918, -4198.043, 78.296], "rotationMatrix": [-0.660367, -0.750943, 0.0, 0.750943, -0.660367, 0.0, 0.0, 0.0, 1.0], "scale": 0.5, "type": "cypress_tree"}
{"ctxid": 0, "pos": [3360.886, -4218.2, 78.296], "rotationMatrix": [-0.648358, -0.761336, 0.0, 0.761336, -0.648358, 0.0, 0.0, 0.0, 1.0], "scale": 0.5, "type": "cypress_tree"}
{"ctxid": 0, "pos": [3374.262, -4200.869, 78.428], "rotationMatrix": [0.314154, -0.949372, 0.0, 0.949372, 0.314154, 0.0, 0.0, 0.0, 1.0], "scale": 0.5, "type": "cypress_tree"}
{"ctxid": 0, "pos": [3357.265, -4213.977, 78.428], "rotationMatrix": [-0.301529, -0.953457, 0.0, 0.953457, -0.301529, 0.0, 0.0, 0.0, 1.0], "scale": 0.5, "type": "cypress_tree"}
{"ctxid": 0, "pos": [3359.99, -4205.195, 78.593], "rotationMatrix": [-0.000575, 1.0, 0.0, -1.0, -0.000575, 0.0, 0.0, 0.0, 1.0], "scale": 0.5, "type": "cypress_tree"}
{"ctxid": 0, "pos": [3353.741, -4197.173, 78.947], "rotationMatrix": [0.999399, 0.034655, 0.0, -0.034655, 0.999399, 0.0, 0.0, 0.0, 1.0], "scale": 0.5, "type": "cypress_tree"}
{"ctxid": 0, "pos": [3361.139, -4171.682, 79.467], "rotationMatrix": [-0.260409, -0.965498, 0.0, 0.965498, -0.260409, 0.0, 0.0, 0.0, 1.0], "scale": 0.5, "type": "cypress_tree"}
{"ctxid": 0, "pos": [3326.431, -4178.61, 79.835], "rotationMatrix": [-0.871314, -0.490725, 0.0, 0.490725, -0.871314, 0.0, 0.0, 0.0, 1.0], "scale": 0.5, "type": "cypress_tree"}
{"ctxid": 0, "pos": [3333.993, -4147.215, 80.627], "rotationMatrix": [0.874221, 0.485528, 0.0, -0.485528, 0.874221, 0.0, 0.0, 0.0, 1.0], "scale": 0.5, "type": "cypress_tree"}
{"ctxid": 0, "pos": [3334.597, -4146.576, 80.627], "rotationMatrix": [-0.013633, 0.999907, 0.0, -0.999907, -0.013633, 0.0, 0.0, 0.0, 1.0], "scale": 0.5, "type": "cypress_tree"}
{"ctxid": 0, "pos": [3314.533, -4154.672, 80.964], "rotationMatrix": [-0.878557, 0.477637, 0.0, -0.477637, -0.878557, 0.0, 0.0, 0.0, 1.0], "scale": 0.5, "type": "cypress_tree"}
{"ctxid": 0, "pos": [3315.09, -4147.894, 81.29], "rotationMatrix": [-0.831218, 0.555947, 0.0, -0.555947, -0.831218, 0.0, 0.0, 0.0, 1.0], "scale": 0.5, "type": "cypress_tree"}
{"ctxid": 0, "pos": [3326.169, -4120.358, 82.002], "rotationMatrix": [0.916241, 0.400627, 0.0, -0.400627, 0.916241, 0.0, 0.0, 0.0, 1.0], "scale": 0.5, "type": "cypress_tree"}
{"ctxid": 0, "pos": [3316.35, -4121.03, 82.138], "rotationMatrix": [0.940775, 0.339031, 0.0, -0.339031, 0.940775, 0.0, 0.0, 0.0, 1.0], "scale": 0.5, "type": "cypress_tree"}
{"ctxid": 0, "pos": [3318.717, -4113.277, 82.25], "rotationMatrix": [0.520918, 0.853607, 0.0, -0.853607, 0.520918, 0.0, 0.0, 0.0, 1.0], "scale": 0.5, "type": "cypress_tree"}
{"ctxid": 0, "pos": [3263.475, -4074.62, 83.393], "rotationMatrix": [0.642849, 0.765993, 0.0, -0.765993, 0.642849, 0.0, 0.0, 0.0, 1.0], "scale": 0.5, "type": "cypress_tree"}
{"ctxid": 0, "pos": [3258.128, -4058.731, 83.454], "rotationMatrix": [0.978311, 0.20714, 0.0, -0.20714, 0.978311, 0.0, 0.0, 0.0, 1.0], "scale": 0.5, "type": "cypress_tree"}
{"ctxid": 0, "pos": [3268.929, -4051.52, 83.454], "rotationMatrix": [-0.22588, 0.974155, 0.0, -0.974155, -0.22588, 0.0, 0.0, 0.0, 1.0], "scale": 0.5, "type": "cypress_tree"}
{"ctxid": 0, "pos": [3241.375, -4036.948, 84.751], "rotationMatrix": [-0.044948, 0.998989, 0.0, -0.998989, -0.044948, 0.0, 0.0, 0.0, 1.0], "scale": 0.5, "type": "cypress_tree"}
{"ctxid": 0, "pos": [3240.695, -4018.192, 85.884], "rotationMatrix": [0.142521, 0.989792, 0.0, -0.989792, 0.142521, 0.0, 0.0, 0.0, 1.0], "scale": 0.5, "type": "cypress_tree"}
{"ctxid": 0, "pos": [3228.41, -4023.434, 86.235], "rotationMatrix": [0.012555, -0.999921, 0.0, 0.999921, 0.012555, 0.0, 0.0, 0.0, 1.0], "scale": 0.5, "type": "cypress_tree"}
{"ctxid": 0, "pos": [3235.38, -4013.614, 86.235], "rotationMatrix": [-0.116578, -0.993182, 0.0, 0.993182, -0.116578, 0.0, 0.0, 0.0, 1.0], "scale": 0.5, "type": "cypress_tree"}
{"ctxid": 0, "pos": [3218.374, -4022.29, 86.716], "rotationMatrix": [0.955592, 0.294692, 0.0, -0.294692, 0.955592, 0.0, 0.0, 0.0, 1.0], "scale": 0.5, "type": "cypress_tree"}
{"ctxid": 0, "pos": [3181.731, -4017.993, 89.167], "rotationMatrix": [0.268775, 0.963203, 0.0, -0.963203, 0.268775, 0.0, 0.0, 0.0, 1.0], "scale": 0.5, "type": "cypress_tree"}
{"ctxid": 0, "pos": [3176.015, -4003.061, 89.576], "rotationMatrix": [0.802966, -0.596025, 0.0, 0.596025, 0.802966, 0.0, 0.0, 0.0, 1.0], "scale": 0.519, "type": "cypress_tree"}
{"ctxid": 0, "pos": [3176.198, -4001.473, 89.576], "rotationMatrix": [0.910801, 0.412846, 0.0, -0.412846, 0.910801, 0.0, 0.0, 0.0, 1.0], "scale": 0.6, "type": "cypress_tree"}
{"ctxid": 0, "pos": [3161.104, -4004.583, 91.012], "rotationMatrix": [0.93334, -0.358994, 0.0, 0.358994, 0.93334, 0.0, 0.0, 0.0, 1.0], "scale": 0.5, "type": "cypress_tree"}
{"ctxid": 0, "pos": [3150.505, -4005.733, 91.944], "rotationMatrix": [0.753365, -0.657603, 0.0, 0.657603, 0.753365, 0.0, 0.0, 0.0, 1.0], "scale": 0.5, "type": "cypress_tree"}
{"ctxid": 0, "pos": [3150.085, -3997.683, 91.944], "rotationMatrix": [0.614555, 0.788874, 0.0, -0.788874, 0.614555, 0.0, 0.0, 0.0, 1.0], "scale": 0.5, "type": "cypress_tree"}
{"ctxid": 0, "pos": [3124.266, -4005.507, 94.306], "rotationMatrix": [0.793142, -0.609037, 0.0, 0.609037, 0.793142, 0.0, 0.0, 0.0, 1.0], "scale": 0.5, "type": "cypress_tree"}
{"ctxid": 0, "pos": [3113.508, -4020.017, 95.267], "rotationMatrix": [0.451117, 0.892465, 0.0, -0.892465, 0.451117, 0.0, 0.0, 0.0, 1.0], "scale": 0.5, "type": "cypress_tree"}
{"ctxid": 0, "pos": [3108.162, -3997.48, 95.748], "rotationMatrix": [0.045381, -0.99897, 0.0, 0.99897, 0.045381, 0.0, 0.0, 0.0, 1.0], "scale": 0.5, "type": "cypress_tree"}
{"ctxid": 0, "pos": [3092.473, -4005.549, 97.006], "rotationMatrix": [0.906215, 0.422817, 0.0, -0.422817, 0.906215, 0.0, 0.0, 0.0, 1.0], "scale": 0.5, "type": "cypress_tree"}
{"ctxid": 0, "pos": [3081.087, -4020.518, 97.616], "rotationMatrix": [0.173053, -0.984913, 0.0, 0.984913, 0.173053, 0.0, 0.0, 0.0, 1.0], "scale": 0.5, "type": "cypress_tree"}
{"ctxid": 0, "pos": [3081.216, -3999.135, 97.616], "rotationMatrix": [0.202798, -0.979221, 0.0, 0.979221, 0.202798, 0.0, 0.0, 0.0, 1.0], "scale": 0.5, "type": "cypress_tree"}
{"ctxid": 0, "pos": [3076.655, -4020.755, 97.92], "rotationMatrix": [0.271792, 0.962356, 0.0, -0.962356, 0.271792, 0.0, 0.0, 0.0, 1.0], "scale": 0.5, "type": "cypress_tree"}
{"ctxid": 0, "pos": [3076.745, -4030.813, 97.92], "rotationMatrix": [-0.006492, 0.999979, 0.0, -0.999979, -0.006492, 0.0, 0.0, 0.0, 1.0], "scale": 0.5, "type": "cypress_tree"}
{"ctxid": 0, "pos": [3054.858, -4021.239, 99.145], "rotationMatrix": [-0.1728, 0.984957, 0.0, -0.984957, -0.1728, 0.0, 0.0, 0.0, 1.0], "scale": 0.5, "type": "cypress_tree"}
{"ctxid": 0, "pos": [3044.665, -4000.799, 99.782], "rotationMatrix": [-0.011765, -0.999931, 0.0, 0.999931, -0.011765, 0.0, 0.0, 0.0, 1.0], "scale": 0.5, "type": "cypress_tree"}
{"ctxid": 0, "pos": [3039.338, -4007.852, 100.113], "rotationMatrix": [0.310105, 0.950702, 0.0, -0.950702, 0.310105, 0.0, 0.0, 0.0, 1.0], "scale": 0.5, "type": "cypress_tree"}
{"ctxid": 0, "pos": [3034.034, -4022.069, 100.455], "rotationMatrix": [-0.999996, 0.002748, 0.0, -0.002748, -0.999996, 0.0, 0.0, 0.0, 1.0], "scale": 0.5, "type": "cypress_tree"}
{"ctxid": 0, "pos": [3029.247, -4007.001, 100.81], "rotationMatrix": [-0.994337, -0.106269, 0.0, 0.106269, -0.994337, 0.0, 0.0, 0.0, 1.0], "scale": 0.5, "type": "cypress_tree"}
{"ctxid": 0, "pos": [3027.677, -4025.964, 100.81], "rotationMatrix": [0.295644, 0.955298, 0.0, -0.955298, 0.295644, 0.0, 0.0, 0.0, 1.0], "scale": 0.5, "type": "cypress_tree"}
{"ctxid": 0, "pos": [3029.52, -3999.224, 100.81], "rotationMatrix": [0.670243, 0.742142, 0.0, -0.742142, 0.670243, 0.0, 0.0, 0.0, 1.0], "scale": 0.5, "type": "cypress_tree"}
{"ctxid": 0, "pos": [3022.648, -4020.322, 101.18], "rotationMatrix": [-0.098771, 0.99511, 0.0, -0.99511, -0.098771, 0.0, 0.0, 0.0, 1.0], "scale": 0.5, "type": "cypress_tree"}
{"ctxid": 0, "pos": [3020.009, -3997.98, 101.564], "rotationMatrix": [-0.547381, -0.836884, 0.0, 0.836884, -0.547381, 0.0, 0.0, 0.0, 1.0], "scale": 0.5, "type": "cypress_tree"}
{"ctxid": 0, "pos": [3019.574, -3998.938, 101.564], "rotationMatrix": [0.063494, -0.997982, 0.0, 0.997982, 0.063494, 0.0, 0.0, 0.0, 1.0], "scale": 0.5, "type": "cypress_tree"}
{"ctxid": 0, "pos": [3005.552, -4027.554, 102.38], "rotationMatrix": [0.924126, 0.382087, 0.0, -0.382087, 0.924126, 0.0, 0.0, 0.0, 1.0], "scale": 0.5, "type": "cypress_tree"}
{"ctxid": 0, "pos": [2989.683, -4018.475, 103.795], "rotationMatrix": [-0.472588, -0.881283, 0.0, 0.881283, -0.472588, 0.0, 0.0, 0.0, 1.0], "scale": 0.5, "type": "cypress_tree"}
{"ctxid": 0, "pos": [2984.498, -4016.389, 104.285], "rotationMatrix": [0.964795, 0.263001, 0.0, -0.263001, 0.964795, 0.0, 0.0, 0.0, 1.0], "scale": 0.5, "type": "cypress_tree"}
{"ctxid": 0, "pos": [2982.605, -3997.956, 104.778], "rotationMatrix": [0.979653, -0.200701, 0.0, 0.200701, 0.979653, 0.0, 0.0, 0.0, 1.0], "scale": 0.5, "type": "cypress_tree"}
{"ctxid": 0, "pos": [2968.283, -4010.242, 105.783], "rotationMatrix": [0.984432, 0.175769, 0.0, -0.175769, 0.984432, 0.0, 0.0, 0.0, 1.0], "scale": 0.5, "type": "cypress_tree"}
{"ctxid": 0, "pos": [2973.007, -3991.235, 105.783], "rotationMatrix": [-0.049564, -0.998771, 0.0, 0.998771, -0.049564, 0.0, 0.0, 0.0, 1.0], "scale": 0.5, "type": "cypress_tree"}
{"ctxid": 0, "pos": [2963.045, -4009.817, 106.287], "rotationMatrix": [0.616217, 0.787576, 0.0, -0.787576, 0.616217, 0.0, 0.0, 0.0, 1.0], "scale": 0.5, "type": "cypress_tree"}
{"ctxid": 0, "pos": [2946.658, -4005.784, 107.797], "rotationMatrix": [-0.292683, 0.956209, 0.0, -0.956209, -0.292683, 0.0, 0.0, 0.0, 1.0], "scale": 0.5, "type": "cypress_tree"}
{"ctxid": 0, "pos": [2920.656, -3999.972, 109.822], "rotationMatrix": [-0.896906, -0.44222, 0.0, 0.44222, -0.896906, 0.0, 0.0, 0.0, 1.0], "scale": 0.5, "type": "cypress_tree"}
{"ctxid": 0, "pos": [2890.87, -3991.082, 111.248], "rotationMatrix": [0.830018, 0.557737, 0.0, -0.557737, 0.830018, 0.0, 0.0, 0.0, 1.0], "scale": 0.5, "type": "cypress_tree"}
{"ctxid": 0, "pos": [2879.662, -3956.451, 113.932], "rotationMatrix": [-0.777337, 0.629085, 0.0, -0.629085, -0.777337, 0.0, 0.0, 0.0, 1.0], "scale": 0.5, "type": "cypress_tree"}
{"ctxid": 0, "pos": [2891.777, -3958.272, 113.932], "rotationMatrix": [0.891405, -0.453208, 0.0, 0.453208, 0.891405, 0.0, 0.0, 0.0, 1.0], "scale": 0.5, "type": "cypress_tree"}
{"ctxid": 0, "pos": [2898.552, -3944.853, 115.44], "rotationMatrix": [-0.282158, -0.959368, 0.0, 0.959368, -0.282158, 0.0, 0.0, 0.0, 1.0], "scale": 0.5, "type": "cypress_tree"}
{"ctxid": 0, "pos": [2899.758, -3945.332, 115.44], "rotationMatrix": [-0.051669, -0.998664, 0.0, 0.998664, -0.051669, 0.0, 0.0, 0.0, 1.0], "scale": 0.5, "type": "cypress_tree"}
{"ctxid": 0, "pos": [2907.119, -3928.313, 117.167], "rotationMatrix": [-0.98361, 0.180312, 0.0, -0.180312, -0.98361, 0.0, 0.0, 0.0, 1.0], "scale": 0.5, "type": "cypress_tree"}
{"ctxid": 0, "pos": [2921.286, -3907.559, 119.559], "rotationMatrix": [0.123717, -0.992318, 0.0, 0.992318, 0.123717, 0.0, 0.0, 0.0, 1.0], "scale": 0.5, "type": "cypress_tree"}
{"ctxid": 0, "pos": [2933.007, -3874.686, 122.452], "rotationMatrix": [0.693262, 0.720686, 0.0, -0.720686, 0.693262, 0.0, 0.0, 0.0, 1.0], "scale": 0.5, "type": "cypress_tree"}
{"ctxid": 0, "pos": [2943.538, -3885.43, 122.452], "rotationMatrix": [0.129386, 0.991594, 0.0, -0.991594, 0.129386, 0.0, 0.0, 0.0, 1.0], "scale": 0.5, "type": "cypress_tree"}
{"ctxid": 0, "pos": [2947.691, -3881.982, 122.942], "rotationMatrix": [0.830479, 0.557051, 0.0, -0.557051, 0.830479, 0.0, 0.0, 0.0, 1.0], "scale": 0.5, "type": "cypress_tree"}
{"ctxid": 0, "pos": [2950.016, -3859.772, 124.432], "rotationMatrix": [0.904444, -0.426593, 0.0, 0.426593, 0.904444, 0.0, 0.0, 0.0, 1.0], "scale": 0.5, "type": "cypress_tree"}
{"ctxid": 0, "pos": [2957.924, -3869.534, 124.432], "rotationMatrix": [-0.40439, 0.914586, 0.0, -0.914586, -0.40439, 0.0, 0.0, 0.0, 1.0], "scale": 0.5, "type": "cypress_tree"}
{"ctxid": 0, "pos": [2953.331, -3855.599, 124.837], "rotationMatrix": [-0.693754, 0.720212, 0.0, -0.720212, -0.693754, 0.0, 0.0, 0.0, 1.0], "scale": 0.5, "type": "cypress_tree"}
{"ctxid": 0, "pos": [2962.678, -3865.82, 124.837], "rotationMatrix": [-0.77861, -0.627508, 0.0, 0.627508, -0.77861, 0.0, 0.0, 0.0, 1.0], "scale": 0.5, "type": "cypress_tree"}
{"ctxid": 0, "pos": [2948.274, -3850.509, 124.837], "rotationMatrix": [0.930689, -0.365812, 0.0, 0.365812, 0.930689, 0.0, 0.0, 0.0, 1.0], "scale": 0.5, "type": "cypress_tree"}
{"ctxid": 0, "pos": [2950.361, -3852.78, 124.837], "rotationMatrix": [0.978044, -0.208401, 0.0, 0.208401, 0.978044, 0.0, 0.0, 0.0, 1.0], "scale": 0.5, "type": "cypress_tree"}
{"ctxid": 0, "pos": [2983.481, -3866.855, 125.35], "rotationMatrix": [0.999327, -0.036678, 0.0, 0.036678, 0.999327, 0.0, 0.0, 0.0, 1.0], "scale": 0.515, "type": "cypress_tree"}
{"ctxid": 0, "pos": [2970.034, -3842.396, 125.547], "rotationMatrix": [0.95459, 0.297924, 0.0, -0.297924, 0.95459, 0.0, 0.0, 0.0, 1.0], "scale": 0.5, "type": "cypress_tree"}
{"ctxid": 0, "pos": [2979.578, -3852.908, 125.547], "rotationMatrix": [0.829572, 0.5584, 0.0, -0.5584, 0.829572, 0.0, 0.0, 0.0, 1.0], "scale": 0.5, "type": "cypress_tree"}
{"ctxid": 0, "pos": [2973.649, -3839.162, 125.682], "rotationMatrix": [-0.582796, 0.812618, 0.0, -0.812618, -0.582796, 0.0, 0.0, 0.0, 1.0], "scale": 0.5, "type": "cypress_tree"}
{"ctxid": 0, "pos": [2985.615, -3828.388, 126.054], "rotationMatrix": [0.394912, -0.918719, 0.0, 0.918719, 0.394912, 0.0, 0.0, 0.0, 1.0], "scale": 0.5, "type": "cypress_tree"}
{"ctxid": 0, "pos": [2984.383, -3826.833, 126.054], "rotationMatrix": [-0.408405, 0.912801, 0.0, -0.912801, -0.408405, 0.0, 0.0, 0.0, 1.0], "scale": 0.5, "type": "cypress_tree"}
{"ctxid": 0, "pos": [2992.304, -3821.942, 126.303], "rotationMatrix": [-0.416822, 0.908988, 0.0, -0.908988, -0.416822, 0.0, 0.0, 0.0, 1.0], "scale": 0.5, "type": "cypress_tree"}
{"ctxid": 0, "pos": [2996.957, -3814.785, 126.57], "rotationMatrix": [0.998156, 0.060703, 0.0, -0.060703, 0.998156, 0.0, 0.0, 0.0, 1.0], "scale": 0.5, "type": "cypress_tree"}
{"ctxid": 0, "pos": [2997.406, -3814.203, 126.57], "rotationMatrix": [-0.99904, 0.043802, 0.0, -0.043802, -0.99904, 0.0, 0.0, 0.0, 1.0], "scale": 0.5, "type": "cypress_tree"}
{"ctxid": 0, "pos": [3011.86, -3816.843, 126.834], "rotationMatrix": [0.410017, 0.912078, 0.0, -0.912078, 0.410017, 0.0, 0.0, 0.0, 1.0], "scale": 0.5, "type": "cypress_tree"}
{"ctxid": 0, "pos": [3012.625, -3816.279, 126.834], "rotationMatrix": [0.226735, 0.973956, 0.0, -0.973956, 0.226735, 0.0, 0.0, 0.0, 1.0], "scale": 0.5, "type": "cypress_tree"}
{"ctxid": 0, "pos": [2992.778, -3802.385, 126.834], "rotationMatrix": [0.845013, -0.534746, 0.0, 0.534746, 0.845013, 0.0, 0.0, 0.0, 1.0], "scale": 0.5, "type": "cypress_tree"}
{"ctxid": 0, "pos": [2999.774, -3795.081, 127.23], "rotationMatrix": [0.926342, -0.376684, 0.0, 0.376684, 0.926342, 0.0, 0.0, 0.0, 1.0], "scale": 0.5, "type": "cypress_tree"}
{"ctxid": 0, "pos": [3001.433, -3793.39, 127.633], "rotationMatrix": [0.973569, -0.228395, 0.0, 0.228395, 0.973569, 0.0, 0.0, 0.0, 1.0], "scale": 0.5, "type": "cypress_tree"}
{"ctxid": 0, "pos": [3020.292, -3781.369, 128.52], "rotationMatrix": [-0.984448, 0.175674, 0.0, -0.175674, -0.984448, 0.0, 0.0, 0.0, 1.0], "scale": 0.5, "type": "cypress_tree"}
{"ctxid": 0, "pos": [3006.815, -3785.284, 128.52], "rotationMatrix": [-0.908569, 0.417736, 0.0, -0.417736, -0.908569, 0.0, 0.0, 0.0, 1.0], "scale": 0.5, "type": "cypress_tree"}
{"ctxid": 0, "pos": [2988.076, -3740.716, 132.35], "rotationMatrix": [-0.998037, -0.062625, 0.0, 0.062625, -0.998037, 0.0, 0.0, 0.0, 1.0], "scale": 0.5, "type": "cypress_tree"}
{"ctxid": 0, "pos": [2997.609, -3734.726, 132.35], "rotationMatrix": [0.779471, -0.626438, 0.0, 0.626438, 0.779471, 0.0, 0.0, 0.0, 1.0], "scale": 0.5, "type": "cypress_tree"}
{"ctxid": 0, "pos": [2995.081, -3729.823, 132.758], "rotationMatrix": [0.719329, 0.694669, 0.0, -0.694669, 0.719329, 0.0, 0.0, 0.0, 1.0], "scale": 0.5, "type": "cypress_tree"}
{"ctxid": 0, "pos": [2969.729, -3732.756, 133.526], "rotationMatrix": [0.715487, -0.698626, 0.0, 0.698626, 0.715487, 0.0, 0.0, 0.0, 1.0], "scale": 0.5, "type": "cypress_tree"}
{"ctxid": 0, "pos": [2972.182, -3686.119, 135.965], "rotationMatrix": [0.084028, 0.996463, 0.0, -0.996463, 0.084028, 0.0, 0.0, 0.0, 1.0], "scale": 0.5, "type": "cypress_tree"}
{"ctxid": 0, "pos": [2958.436, -3688.238, 136.72], "rotationMatrix": [-0.90326, 0.429093, 0.0, -0.429093, -0.90326, 0.0, 0.0, 0.0, 1.0], "scale": 0.5, "type": "cypress_tree"}
{"ctxid": 0, "pos": [2944.735, -3700.005, 137.489], "rotationMatrix": [0.616658, 0.787231, 0.0, -0.787231, 0.616658, 0.0, 0.0, 0.0, 1.0], "scale": 0.5, "type": "cypress_tree"}
{"ctxid": 0, "pos": [2950.906, -3682.258, 137.489], "rotationMatrix": [-0.955672, -0.294434, 0.0, 0.294434, -0.955672, 0.0, 0.0, 0.0, 1.0], "scale": 0.5, "type": "cypress_tree"}
{"ctxid": 0, "pos": [2905.169, -3679.015, 141.392], "rotationMatrix": [-0.911979, 0.410236, 0.0, -0.410236, -0.911979, 0.0, 0.0, 0.0, 1.0], "scale": 0.5, "type": "cypress_tree"}
{"ctxid": 0, "pos": [2902.576, -3694.324, 141.392], "rotationMatrix": [-0.455851, -0.890056, 0.0, 0.890056, -0.455851, 0.0, 0.0, 0.0, 1.0], "scale": 0.5, "type": "cypress_tree"}
{"ctxid": 0, "pos": [2892.838, -3692.312, 142.322], "rotationMatrix": [-0.704193, 0.710009, 0.0, -0.710009, -0.704193, 0.0, 0.0, 0.0, 1.0], "scale": 0.5, "type": "cypress_tree"}
{"ctxid": 0, "pos": [2891.56, -3701.189, 142.322], "rotationMatrix": [-0.939473, -0.342622, 0.0, 0.342622, -0.939473, 0.0, 0.0, 0.0, 1.0], "scale": 0.5, "type": "cypress_tree"}
{"ctxid": 0, "pos": [2882.581, -3690.37, 143.252], "rotationMatrix": [0.996717, 0.080969, 0.0, -0.080969, 0.996717, 0.0, 0.0, 0.0, 1.0], "scale": 0.5, "type": "cypress_tree"}
{"ctxid": 0, "pos": [2876.46, -3695.858, 143.716], "rotationMatrix": [-0.233835, -0.972276, 0.0, 0.972276, -0.233835, 0.0, 0.0, 0.0, 1.0], "scale": 0.5, "type": "cypress_tree"}
{"ctxid": 0, "pos": [2862.416, -3685.897, 145.099], "rotationMatrix": [0.330102, -0.943945, 0.0, 0.943945, 0.330102, 0.0, 0.0, 0.0, 1.0], "scale": 0.5, "type": "cypress_tree"}
{"ctxid": 0, "pos": [2857.247, -3684.617, 145.558], "rotationMatrix": [-0.410534, 0.911845, 0.0, -0.911845, -0.410534, 0.0, 0.0, 0.0, 1.0], "scale": 0.5, "type": "cypress_tree"}
{"ctxid": 0, "pos": [2853.209, -3659.465, 146.474], "rotationMatrix": [0.333641, -0.9427, 0.0, 0.9427, 0.333641, 0.0, 0.0, 0.0, 1.0], "scale": 0.5, "type": "cypress_tree"}
{"ctxid": 0, "pos": [2841.123, -3665.912, 147.387], "rotationMatrix": [-0.805612, 0.592444, 0.0, -0.592444, -0.805612, 0.0, 0.0, 0.0, 1.0], "scale": 0.5, "type": "cypress_tree"}
{"ctxid": 0, "pos": [2831.946, -3661.104, 148.23], "rotationMatrix": [-0.866469, 0.49923, 0.0, -0.49923, -0.866469, 0.0, 0.0, 0.0, 1.0], "scale": 0.5, "type": "cypress_tree"}
{"ctxid": 0, "pos": [2826.868, -3677.945, 148.23], "rotationMatrix": [-0.997234, 0.074325, 0.0, -0.074325, -0.997234, 0.0, 0.0, 0.0, 1.0], "scale": 0.5, "type": "cypress_tree"}
{"ctxid": 0, "pos": [2826.907, -3660.466, 148.62], "rotationMatrix": [0.318173, 0.948033, 0.0, -0.948033, 0.318173, 0.0, 0.0, 0.0, 1.0], "scale": 0.5, "type": "cypress_tree"}
{"ctxid": 0, "pos": [2804.91, -3676.389, 149.827], "rotationMatrix": [0.993632, -0.112672, 0.0, 0.112672, 0.993632, 0.0, 0.0, 0.0, 1.0], "scale": 0.5, "type": "cypress_tree"}
{"ctxid": 0, "pos": [2805.368, -3674.875, 149.827], "rotationMatrix": [-0.3298, 0.944051, 0.0, -0.944051, -0.3298, 0.0, 0.0, 0.0, 1.0], "scale": 0.5, "type": "cypress_tree"}
{"ctxid": 0, "pos": [2808.086, -3654.045, 150.245], "rotationMatrix": [-0.533097, 0.846054, 0.0, -0.846054, -0.533097, 0.0, 0.0, 0.0, 1.0], "scale": 0.5, "type": "cypress_tree"}
{"ctxid": 0, "pos": [2790.414, -3643.891, 151.957], "rotationMatrix": [-0.793681, -0.608335, 0.0, 0.608335, -0.793681, 0.0, 0.0, 0.0, 1.0], "scale": 0.5, "type": "cypress_tree"}
{"ctxid": 0, "pos": [2778.828, -3660.607, 152.387], "rotationMatrix": [0.252509, 0.967595, 0.0, -0.967595, 0.252509, 0.0, 0.0, 0.0, 1.0], "scale": 0.5, "type": "cypress_tree"}
{"ctxid": 0, "pos": [2770.435, -3638.386, 153.657], "rotationMatrix": [0.847355, 0.531027, 0.0, -0.531027, 0.847355, 0.0, 0.0, 0.0, 1.0], "scale": 0.5, "type": "cypress_tree"}
{"ctxid": 0, "pos": [2760.692, -3649.538, 154.083], "rotationMatrix": [-0.875625, -0.482992, 0.0, 0.482992, -0.875625, 0.0, 0.0, 0.0, 1.0], "scale": 0.5, "type": "cypress_tree"}
{"ctxid": 0, "pos": [2766.981, -3633.162, 154.083], "rotationMatrix": [-0.448937, -0.893563, 0.0, 0.893563, -0.448937, 0.0, 0.0, 0.0, 1.0], "scale": 0.5, "type": "cypress_tree"}
{"ctxid": 0, "pos": [2745.986, -3628.991, 155.795], "rotationMatrix": [-0.839877, 0.542777, 0.0, -0.542777, -0.839877, 0.0, 0.0, 0.0, 1.0], "scale": 0.5, "type": "cypress_tree"}
{"ctxid": 0, "pos": [2741.909, -3627.622, 156.199], "rotationMatrix": [-0.650648, -0.759379, 0.0, 0.759379, -0.650648, 0.0, 0.0, 0.0, 1.0], "scale": 0.5, "type": "cypress_tree"}
{"ctxid": 0, "pos": [2737.056, -3625.97, 156.59], "rotationMatrix": [0.709452, -0.704754, 0.0, 0.704754, 0.709452, 0.0, 0.0, 0.0, 1.0], "scale": 0.5, "type": "cypress_tree"}
{"ctxid": 0, "pos": [2726.458, -3622.782, 157.376], "rotationMatrix": [0.891234, -0.453543, 0.0, 0.453543, 0.891234, 0.0, 0.0, 0.0, 1.0], "scale": 0.5, "type": "cypress_tree"}
{"ctxid": 0, "pos": [2722.125, -3635.623, 157.376], "rotationMatrix": [0.689241, -0.724532, 0.0, 0.724532, 0.689241, 0.0, 0.0, 0.0, 1.0], "scale": 0.5, "type": "cypress_tree"}
{"ctxid": 0, "pos": [2708.282, -3628.89, 158.676], "rotationMatrix": [0.007305, -0.999973, 0.0, 0.999973, 0.007305, 0.0, 0.0, 0.0, 1.0], "scale": 0.5, "type": "cypress_tree"}
{"ctxid": 0, "pos": [2716.444, -3607.075, 158.676], "rotationMatrix": [0.537168, 0.843475, 0.0, -0.843475, 0.537168, 0.0, 0.0, 0.0, 1.0], "scale": 0.5, "type": "cypress_tree"}
{"ctxid": 0, "pos": [2707.713, -3616.222, 159.131], "rotationMatrix": [-0.599104, -0.800671, 0.0, 0.800671, -0.599104, 0.0, 0.0, 0.0, 1.0], "scale": 0.5, "type": "cypress_tree"}
{"ctxid": 0, "pos": [2702.947, -3613.119, 159.591], "rotationMatrix": [0.172201, 0.985062, 0.0, -0.985062, 0.172201, 0.0, 0.0, 0.0, 1.0], "scale": 0.5, "type": "cypress_tree"}
{"ctxid": 0, "pos": [2677.146, -3622.314, 161.475], "rotationMatrix": [0.408075, 0.912949, 0.0, -0.912949, 0.408075, 0.0, 0.0, 0.0, 1.0], "scale": 0.5, "type": "cypress_tree"}
{"ctxid": 0, "pos": [2673.12, -3602.525, 162.453], "rotationMatrix": [0.604252, 0.796793, 0.0, -0.796793, 0.604252, 0.0, 0.0, 0.0, 1.0], "scale": 0.5, "type": "cypress_tree"}
{"ctxid": 0, "pos": [2667.971, -3600.278, 162.95], "rotationMatrix": [0.693703, 0.720261, 0.0, -0.720261, 0.693703, 0.0, 0.0, 0.0, 1.0], "scale": 0.5, "type": "cypress_tree"}
{"ctxid": 0, "pos": [2662.197, -3615.312, 162.95], "rotationMatrix": [0.433058, 0.901366, 0.0, -0.901366, 0.433058, 0.0, 0.0, 0.0, 1.0], "scale": 0.5, "type": "cypress_tree"}
{"ctxid": 0, "pos": [2652.284, -3593.395, 164.478], "rotationMatrix": [0.079949, 0.996799, 0.0, -0.996799, 0.079949, 0.0, 0.0, 0.0, 1.0], "scale": 0.5, "type": "cypress_tree"}
{"ctxid": 0, "pos": [2649.268, -3585.742, 164.996], "rotationMatrix": [0.022174, 0.999754, 0.0, -0.999754, 0.022174, 0.0, 0.0, 0.0, 1.0], "scale": 0.5, "type": "cypress_tree"}
{"ctxid": 0, "pos": [2636.377, -3601.997, 165.526], "rotationMatrix": [-0.964866, 0.262743, 0.0, -0.262743, -0.964866, 0.0, 0.0, 0.0, 1.0], "scale": 0.5, "type": "cypress_tree"}
{"ctxid": 0, "pos": [2637.421, -3583.767, 166.059], "rotationMatrix": [0.349475, -0.936946, 0.0, 0.936946, 0.349475, 0.0, 0.0, 0.0, 1.0], "scale": 0.5, "type": "cypress_tree"}
{"ctxid": 0, "pos": [2625.032, -3599.721, 166.594], "rotationMatrix": [0.805001, 0.593274, 0.0, -0.593274, 0.805001, 0.0, 0.0, 0.0, 1.0], "scale": 0.5, "type": "cypress_tree"}
{"ctxid": 0, "pos": [2618.771, -3581.77, 167.683], "rotationMatrix": [-0.700603, -0.713551, 0.0, 0.713551, -0.700603, 0.0, 0.0, 0.0, 1.0], "scale": 0.5, "type": "cypress_tree"}
{"ctxid": 0, "pos": [2608.468, -3575.157, 168.769], "rotationMatrix": [-0.865485, -0.500935, 0.0, 0.500935, -0.865485, 0.0, 0.0, 0.0, 1.0], "scale": 0.5, "type": "cypress_tree"}
{"ctxid": 0, "pos": [2602.251, -3592.371, 168.769], "rotationMatrix": [-0.546999, -0.837133, 0.0, 0.837133, -0.546999, 0.0, 0.0, 0.0, 1.0], "scale": 0.5, "type": "cypress_tree"}
{"ctxid": 0, "pos": [2609.399, -3572.651, 168.769], "rotationMatrix": [0.330236, -0.943898, 0.0, 0.943898, 0.330236, 0.0, 0.0, 0.0, 1.0], "scale": 0.5, "type": "cypress_tree"}
{"ctxid": 0, "pos": [2598.147, -3586.853, 169.309], "rotationMatrix": [0.923683, -0.383158, 0.0, 0.383158, 0.923683, 0.0, 0.0, 0.0, 1.0], "scale": 0.5, "type": "cypress_tree"}
{"ctxid": 0, "pos": [2592.048, -3584.559, 169.848], "rotationMatrix": [-0.99094, -0.134307, 0.0, 0.134307, -0.99094, 0.0, 0.0, 0.0, 1.0], "scale": 0.5, "type": "cypress_tree"}
{"ctxid": 0, "pos": [2591.3, -3569.942, 170.383], "rotationMatrix": [-0.918103, -0.396343, 0.0, 0.396343, -0.918103, 0.0, 0.0, 0.0, 1.0], "scale": 0.5, "type": "cypress_tree"}
{"ctxid": 0, "pos": [2591.768, -3570.148, 170.383], "rotationMatrix": [0.997729, -0.067357, 0.0, 0.067357, 0.997729, 0.0, 0.0, 0.0, 1.0], "scale": 0.5, "type": "cypress_tree"}
{"ctxid": 0, "pos": [2577.466, -3591.295, 170.918], "rotationMatrix": [-0.999659, -0.026127, 0.0, 0.026127, -0.999659, 0.0, 0.0, 0.0, 1.0], "scale": 0.5, "type": "cypress_tree"}
{"ctxid": 0, "pos": [2574.906, -3578.954, 171.451], "rotationMatrix": [0.234579, 0.972097, 0.0, -0.972097, 0.234579, 0.0, 0.0, 0.0, 1.0], "scale": 0.5, "type": "cypress_tree"}
{"ctxid": 0, "pos": [2568.669, -3562.075, 172.511], "rotationMatrix": [-0.149527, 0.988758, 0.0, -0.988758, -0.149527, 0.0, 0.0, 0.0, 1.0], "scale": 0.5, "type": "cypress_tree"}
{"ctxid": 0, "pos": [2561.439, -3581.027, 172.511], "rotationMatrix": [0.866308, 0.499511, 0.0, -0.499511, 0.866308, 0.0, 0.0, 0.0, 1.0], "scale": 0.5, "type": "cypress_tree"}
{"ctxid": 0, "pos": [2565.427, -3554.246, 173.04], "rotationMatrix": [0.993017, 0.117971, 0.0, -0.117971, 0.993017, 0.0, 0.0, 0.0, 1.0], "scale": 0.5, "type": "cypress_tree"}
{"ctxid": 0, "pos": [2536.554, -3564.186, 175.137], "rotationMatrix": [-0.877723, 0.479168, 0.0, -0.479168, -0.877723, 0.0, 0.0, 0.0, 1.0], "scale": 0.5, "type": "cypress_tree"}
{"ctxid": 0, "pos": [2543.798, -3545.18, 175.137], "rotationMatrix": [-0.484444, 0.874822, 0.0, -0.874822, -0.484444, 0.0, 0.0, 0.0, 1.0], "scale": 0.5, "type": "cypress_tree"}
{"ctxid": 0, "pos": [2527.926, -3538.892, 176.706], "rotationMatrix": [0.466195, 0.884682, 0.0, -0.884682, 0.466195, 0.0, 0.0, 0.0, 1.0], "scale": 0.5, "type": "cypress_tree"}
{"ctxid": 0, "pos": [2514.975, -3540.726, 177.743], "rotationMatrix": [0.37501, -0.927021, 0.0, 0.927021, 0.37501, 0.0, 0.0, 0.0, 1.0], "scale": 0.5, "type": "cypress_tree"}
{"ctxid": 0, "pos": [2514.773, -3540.927, 177.743], "rotationMatrix": [0.937873, -0.346979, 0.0, 0.346979, 0.937873, 0.0, 0.0, 0.0, 1.0], "scale": 0.5, "type": "cypress_tree"}
{"ctxid": 0, "pos": [2509.972, -3537.964, 178.258], "rotationMatrix": [0.99227, -0.124097, 0.0, 0.124097, 0.99227, 0.0, 0.0, 0.0, 1.0], "scale": 0.5, "type": "cypress_tree"}
{"ctxid": 0, "pos": [2498.73, -3534.377, 179.284], "rotationMatrix": [-0.982513, -0.186194, 0.0, 0.186194, -0.982513, 0.0, 0.0, 0.0, 1.0], "scale": 0.5, "type": "cypress_tree"}
{"ctxid": 0, "pos": [2473.758, -3521.211, 181.817], "rotationMatrix": [0.633624, 0.773641, 0.0, -0.773641, 0.633624, 0.0, 0.0, 0.0, 1.0], "scale": 0.5, "type": "cypress_tree"}
{"ctxid": 0, "pos": [2438.428, -3506.24, 185.306], "rotationMatrix": [-0.997978, -0.063558, 0.0, 0.063558, -0.997978, 0.0, 0.0, 0.0, 1.0], "scale": 0.5, "type": "cypress_tree"}
{"ctxid": 0, "pos": [2438.69, -3506.852, 185.306], "rotationMatrix": [-0.465571, -0.885011, 0.0, 0.885011, -0.465571, 0.0, 0.0, 0.0, 1.0], "scale": 0.5, "type": "cypress_tree"}
{"ctxid": 0, "pos": [2431.621, -3508.593, 185.838], "rotationMatrix": [0.929612, 0.368539, 0.0, -0.368539, 0.929612, 0.0, 0.0, 0.0, 1.0], "scale": 0.5, "type": "cypress_tree"}
{"ctxid": 0, "pos": [2418.159, -3497.449, 187.431], "rotationMatrix": [0.586768, -0.809755, 0.0, 0.809755, 0.586768, 0.0, 0.0, 0.0, 1.0], "scale": 0.5, "type": "cypress_tree"}
{"ctxid": 0, "pos": [2405.127, -3505.91, 187.95], "rotationMatrix": [-0.335624, -0.941996, 0.0, 0.941996, -0.335624, 0.0, 0.0, 0.0, 1.0], "scale": 0.5, "type": "cypress_tree"}
{"ctxid": 0, "pos": [2400.573, -3511.925, 187.95], "rotationMatrix": [0.929697, 0.368324, 0.0, -0.368324, 0.929697, 0.0, 0.0, 0.0, 1.0], "scale": 0.5, "type": "cypress_tree"}
{"ctxid": 0, "pos": [2402.616, -3485.44, 189.423], "rotationMatrix": [-0.601809, 0.79864, 0.0, -0.79864, -0.601809, 0.0, 0.0, 0.0, 1.0], "scale": 0.5, "type": "cypress_tree"}
{"ctxid": 0, "pos": [2405.625, -3483.412, 189.423], "rotationMatrix": [-0.222685, -0.974891, 0.0, 0.974891, -0.222685, 0.0, 0.0, 0.0, 1.0], "scale": 0.5, "type": "cypress_tree"}
{"ctxid": 0, "pos": [2389.086, -3488.715, 189.89], "rotationMatrix": [0.730932, 0.682451, 0.0, -0.682451, 0.730932, 0.0, 0.0, 0.0, 1.0], "scale": 0.5, "type": "cypress_tree"}
{"ctxid": 0, "pos": [2394.009, -3467.014, 191.512], "rotationMatrix": [0.292827, -0.956165, 0.0, 0.956165, 0.292827, 0.0, 0.0, 0.0, 1.0], "scale": 0.5, "type": "cypress_tree"}
{"ctxid": 0, "pos": [2379.597, -3471.041, 191.512], "rotationMatrix": [0.929, -0.37008, 0.0, 0.37008, 0.929, 0.0, 0.0, 0.0, 1.0], "scale": 0.5, "type": "cypress_tree"}
{"ctxid": 0, "pos": [2392.469, -3460.036, 192.328], "rotationMatrix": [-0.731072, 0.6823, 0.0, -0.6823, -0.731072, 0.0, 0.0, 0.0, 1.0], "scale": 0.5, "type": "cypress_tree"}
{"ctxid": 0, "pos": [2378.418, -3425.522, 192.952], "rotationMatrix": [0.878679, -0.477412, 0.0, 0.477412, 0.878679, 0.0, 0.0, 0.0, 1.0], "scale": 0.5, "type": "cypress_tree"}
{"ctxid": 0, "pos": [2422.677, -3415.234, 192.905], "rotationMatrix": [-0.095518, 0.995428, 0.0, -0.995428, -0.095518, 0.0, 0.0, 0.0, 1.0], "scale": 0.5, "type": "cypress_tree"}
{"ctxid": 0, "pos": [2419.334, -3406.384, 192.847], "rotationMatrix": [0.524348, -0.851504, 0.0, 0.851504, 0.524348, 0.0, 0.0, 0.0, 1.0], "scale": 0.5, "type": "cypress_tree"}
{"ctxid": 0, "pos": [2423.933, -3403.801, 192.767], "rotationMatrix": [-0.00258, 0.999997, 0.0, -0.999997, -0.00258, 0.0, 0.0, 0.0, 1.0], "scale": 0.5, "type": "cypress_tree"}
{"ctxid": 0, "pos": [2414.979, -3389.576, 192.669], "rotationMatrix": [-0.494204, 0.869346, 0.0, -0.869346, -0.494204, 0.0, 0.0, 0.0, 1.0], "scale": 0.5, "type": "cypress_tree"}
{"ctxid": 0, "pos": [2438.319, -3395.582, 192.431], "rotationMatrix": [0.891853, 0.452326, 0.0, -0.452326, 0.891853, 0.0, 0.0, 0.0, 1.0], "scale": 0.5, "type": "cypress_tree"}
{"ctxid": 0, "pos": [2427.213, -3377.389, 192.286], "rotationMatrix": [-0.795074, -0.606513, 0.0, 0.606513, -0.795074, 0.0, 0.0, 0.0, 1.0], "scale": 0.5, "type": "cypress_tree"}
{"ctxid": 0, "pos": [2436.294, -3387.346, 192.286], "rotationMatrix": [-0.628234, 0.778024, 0.0, -0.778024, -0.628234, 0.0, 0.0, 0.0, 1.0], "scale": 0.5, "type": "cypress_tree"}
{"ctxid": 0, "pos": [2427.686, -3377.431, 192.286], "rotationMatrix": [0.28653, -0.958071, 0.0, 0.958071, 0.28653, 0.0, 0.0, 0.0, 1.0], "scale": 0.5, "type": "cypress_tree"}
{"ctxid": 0, "pos": [2438.951, -3383.016, 192.114], "rotationMatrix": [0.594493, -0.804101, 0.0, 0.804101, 0.594493, 0.0, 0.0, 0.0, 1.0], "scale": 0.5, "type": "cypress_tree"}
{"ctxid": 0, "pos": [2430.602, -3364.752, 191.917], "rotationMatrix": [-0.352368, 0.935862, 0.0, -0.935862, -0.352368, 0.0, 0.0, 0.0, 1.0], "scale": 0.5, "type": "cypress_tree"}
{"ctxid": 0, "pos": [2434.809, -3362.243, 191.7], "rotationMatrix": [-0.95799, -0.286801, 0.0, 0.286801, -0.95799, 0.0, 0.0, 0.0, 1.0], "scale": 0.5, "type": "cypress_tree"}
{"ctxid": 0, "pos": [2456.664, -3380.308, 191.472], "rotationMatrix": [-0.127642, -0.99182, 0.0, 0.99182, -0.127642, 0.0, 0.0, 0.0, 1.0], "scale": 0.5, "type": "cypress_tree"}
{"ctxid": 0, "pos": [2450.123, -3356.432, 191.026], "rotationMatrix": [0.710578, 0.703618, 0.0, -0.703618, 0.710578, 0.0, 0.0, 0.0, 1.0], "scale": 0.5, "type": "cypress_tree"}
{"ctxid": 0, "pos": [2450.339, -3356.719, 191.026], "rotationMatrix": [0.942955, 0.33292, 0.0, -0.33292, 0.942955, 0.0, 0.0, 0.0, 1.0], "scale": 0.5, "type": "cypress_tree"}
{"ctxid": 0, "pos": [2456.993, -3351.937, 190.652], "rotationMatrix": [0.211088, -0.977467, 0.0, 0.977467, 0.211088, 0.0, 0.0, 0.0, 1.0], "scale": 0.5, "type": "cypress_tree"}
{"ctxid": 0, "pos": [2455.841, -3349.682, 190.652], "rotationMatrix": [0.474162, 0.880437, 0.0, -0.880437, 0.474162, 0.0, 0.0, 0.0, 1.0], "scale": 0.5, "type": "cypress_tree"}
{"ctxid": 0, "pos": [2471.857, -3365.946, 190.652], "rotationMatrix": [-0.8762, -0.481947, 0.0, 0.481947, -0.8762, 0.0, 0.0, 0.0, 1.0], "scale": 0.5, "type": "cypress_tree"}
{"ctxid": 0, "pos": [2423.81, -3312.453, 194.696], "rotationMatrix": [0.898857, -0.438241, 0.0, 0.438241, 0.898857, 0.0, 0.0, 0.0, 1.0], "scale": 0.5, "type": "cypress_tree"}
{"ctxid": 0, "pos": [2421.918, -3316.385, 194.696], "rotationMatrix": [-0.524438, -0.851449, 0.0, 0.851449, -0.524438, 0.0, 0.0, 0.0, 1.0], "scale": 0.5, "type": "cypress_tree"}
{"ctxid": 0, "pos": [2418.182, -3311.211, 195.153], "rotationMatrix": [-0.464174, -0.885744, 0.0, 0.885744, -0.464174, 0.0, 0.0, 0.0, 1.0], "scale": 0.5, "type": "cypress_tree"}
{"ctxid": 0, "pos": [2414.871, -3320.711, 195.153], "rotationMatrix": [-0.972644, -0.232302, 0.0, 0.232302, -0.972644, 0.0, 0.0, 0.0, 1.0], "scale": 0.5, "type": "cypress_tree"}
{"ctxid": 0, "pos": [2410.58, -3317.372, 195.611], "rotationMatrix": [0.156752, 0.987638, 0.0, -0.987638, 0.156752, 0.0, 0.0, 0.0, 1.0], "scale": 0.5, "type": "cypress_tree"}
{"ctxid": 0, "pos": [2400.068, -3288.159, 197.513], "rotationMatrix": [0.826996, 0.562207, 0.0, -0.562207, 0.826996, 0.0, 0.0, 0.0, 1.0], "scale": 0.5, "type": "cypress_tree"}
{"ctxid": 0, "pos": [2388.581, -3298.667, 198.022], "rotationMatrix": [0.391937, 0.919992, 0.0, -0.919992, 0.391937, 0.0, 0.0, 0.0, 1.0], "scale": 0.5, "type": "cypress_tree"}
{"ctxid": 0, "pos": [2398.401, -3278.424, 198.022], "rotationMatrix": [-0.964222, 0.265097, 0.0, -0.265097, -0.964222, 0.0, 0.0, 0.0, 1.0], "scale": 0.5, "type": "cypress_tree"}
{"ctxid": 0, "pos": [2375.05, -3299.142, 199.05], "rotationMatrix": [-0.999623, -0.02745, 0.0, 0.02745, -0.999623, 0.0, 0.0, 0.0, 1.0], "scale": 0.5, "type": "cypress_tree"}
{"ctxid": 0, "pos": [2367.222, -3289.606, 200.09], "rotationMatrix": [-0.01103, 0.999939, 0.0, -0.999939, -0.01103, 0.0, 0.0, 0.0, 1.0], "scale": 0.5, "type": "cypress_tree"}
{"ctxid": 0, "pos": [2359.891, -3291.879, 200.609], "rotationMatrix": [0.621289, 0.783582, 0.0, -0.783582, 0.621289, 0.0, 0.0, 0.0, 1.0], "scale": 0.5, "type": "cypress_tree"}
{"ctxid": 0, "pos": [2357.925, -3269.793, 201.647], "rotationMatrix": [-0.747065, -0.664751, 0.0, 0.664751, -0.747065, 0.0, 0.0, 0.0, 1.0], "scale": 0.5, "type": "cypress_tree"}
{"ctxid": 0, "pos": [2347.73, -3276.826, 202.167], "rotationMatrix": [-0.445482, 0.895291, 0.0, -0.895291, -0.445482, 0.0, 0.0, 0.0, 1.0], "scale": 0.5, "type": "cypress_tree"}
{"ctxid": 0, "pos": [2349.619, -3260.122, 202.687], "rotationMatrix": [0.770309, -0.63767, 0.0, 0.63767, 0.770309, 0.0, 0.0, 0.0, 1.0], "scale": 0.5, "type": "cypress_tree"}
{"ctxid": 0, "pos": [2341.169, -3252.563, 203.727], "rotationMatrix": [0.494096, -0.869407, 0.0, 0.869407, 0.494096, 0.0, 0.0, 0.0, 1.0], "scale": 0.5, "type": "cypress_tree"}
{"ctxid": 0, "pos": [2321.653, -3264.086, 204.769], "rotationMatrix": [0.383502, 0.92354, 0.0, -0.92354, 0.383502, 0.0, 0.0, 0.0, 1.0], "scale": 0.5, "type": "cypress_tree"}
{"ctxid": 0, "pos": [2311.1, -3258.873, 205.811], "rotationMatrix": [0.580242, -0.814444, 0.0, 0.814444, 0.580242, 0.0, 0.0, 0.0, 1.0], "scale": 0.5, "type": "cypress_tree"}
{"ctxid": 0, "pos": [2311.96, -3245.458, 206.333], "rotationMatrix": [-0.991644, 0.129001, 0.0, -0.129001, -0.991644, 0.0, 0.0, 0.0, 1.0], "scale": 0.5, "type": "cypress_tree"}
{"ctxid": 0, "pos": [2307.312, -3240.944, 206.855], "rotationMatrix": [0.754889, -0.655853, 0.0, 0.655853, 0.754889, 0.0, 0.0, 0.0, 1.0], "scale": 0.5, "type": "cypress_tree"}
{"ctxid": 0, "pos": [2296.545, -3249.965, 207.377], "rotationMatrix": [-0.895902, 0.444252, 0.0, -0.444252, -0.895902, 0.0, 0.0, 0.0, 1.0], "scale": 0.5, "type": "cypress_tree"}
{"ctxid": 0, "pos": [2296.218, -3225.688, 208.422], "rotationMatrix": [0.128367, -0.991727, 0.0, 0.991727, 0.128367, 0.0, 0.0, 0.0, 1.0], "scale": 0.5, "type": "cypress_tree"}
{"ctxid": 0, "pos": [2276.131, -3226.879, 209.99], "rotationMatrix": [0.326012, -0.945365, 0.0, 0.945365, 0.326012, 0.0, 0.0, 0.0, 1.0], "scale": 0.5, "type": "cypress_tree"}
{"ctxid": 0, "pos": [2243.666, -3223.064, 212.705], "rotationMatrix": [-0.34263, -0.93947, 0.0, 0.93947, -0.34263, 0.0, 0.0, 0.0, 1.0], "scale": 0.5, "type": "cypress_tree"}
{"ctxid": 0, "pos": [2243.695, -3223.818, 212.705], "rotationMatrix": [-0.823426, -0.567424, 0.0, 0.567424, -0.823426, 0.0, 0.0, 0.0, 1.0], "scale": 0.5, "type": "cypress_tree"}
{"ctxid": 0, "pos": [2224.258, -3224.913, 214.298], "rotationMatrix": [-0.999478, -0.032313, 0.0, 0.032313, -0.999478, 0.0, 0.0, 0.0, 1.0], "scale": 0.5, "type": "cypress_tree"}
{"ctxid": 0, "pos": [2221.986, -3214.07, 214.717], "rotationMatrix": [-0.296825, -0.954932, 0.0, 0.954932, -0.296825, 0.0, 0.0, 0.0, 1.0], "scale": 0.5, "type": "cypress_tree"}
{"ctxid": 0, "pos": [2221.906, -3214.691, 214.717], "rotationMatrix": [-0.651481, 0.758665, 0.0, -0.758665, -0.651481, 0.0, 0.0, 0.0, 1.0], "scale": 0.5, "type": "cypress_tree"}
{"ctxid": 0, "pos": [2216.968, -3212.034, 215.119], "rotationMatrix": [0.096119, -0.99537, 0.0, 0.99537, 0.096119, 0.0, 0.0, 0.0, 1.0], "scale": 0.5, "type": "cypress_tree"}
