{"ctxid": 0, "pos": [-3661.439, 4729.267, 596.864], "rotationMatrix": [-0.548909, -0.835882, 0.0, 0.835882, -0.548909, 0.0, 0.0, 0.0, 1.0], "scale": 1.0, "type": "cypress_hedge_3m"}
{"ctxid": 0, "pos": [-3663.085, 4731.775, 596.881], "rotationMatrix": [-0.548909, -0.835882, 0.0, 0.835882, -0.548909, 0.0, 0.0, 0.0, 1.0], "scale": 1.0, "type": "cypress_hedge_3m"}
{"ctxid": 0, "pos": [-3664.732, 4734.283, 596.886], "rotationMatrix": [-0.548909, -0.835882, 0.0, 0.835882, -0.548909, 0.0, 0.0, 0.0, 1.0], "scale": 1.0, "type": "cypress_hedge_3m"}
{"ctxid": 0, "pos": [512.732, 54.148, 62.944], "rotationMatrix": [0.070324, -0.997524, 0.0, 0.997524, 0.070324, 0.0, 0.0, 0.0, 1.0], "scale": 1.0, "type": "cypress_hedge_3m"}
{"ctxid": 0, "pos": [512.943, 57.14, 63.153], "rotationMatrix": [0.070324, -0.997524, 0.0, 0.997524, 0.070324, 0.0, 0.0, 0.0, 1.0], "scale": 1.0, "type": "cypress_hedge_3m"}
{"ctxid": 0, "pos": [513.154, 60.133, 63.361], "rotationMatrix": [0.070324, -0.997524, 0.0, 0.997524, 0.070324, 0.0, 0.0, 0.0, 1.0], "scale": 1.0, "type": "cypress_hedge_3m"}
{"ctxid": 0, "pos": [513.365, 63.125, 63.571], "rotationMatrix": [0.070324, -0.997524, 0.0, 0.997524, 0.070324, 0.0, 0.0, 0.0, 1.0], "scale": 1.0, "type": "cypress_hedge_3m"}
{"ctxid": 0, "pos": [511.203, 38.456, 61.636], "rotationMatrix": [0.070324, -0.997524, 0.0, 0.997524, 0.070324, 0.0, 0.0, 0.0, 1.0], "scale": 1.0, "type": "cypress_hedge_3m"}
{"ctxid": 0, "pos": [511.414, 41.449, 61.924], "rotationMatrix": [0.070324, -0.997524, 0.0, 0.997524, 0.070324, 0.0, 0.0, 0.0, 1.0], "scale": 1.0, "type": "cypress_hedge_3m"}
{"ctxid": 0, "pos": [-3669.329, 4795.093, 600.06], "rotationMatrix": [0.446564, -0.894752, 0.0, 0.894752, 0.446564, 0.0, 0.0, 0.0, 1.0], "scale": 1.0, "type": "cypress_hedge_3m"}
{"ctxid": 0, "pos": [-3667.989, 4797.777, 600.043], "rotationMatrix": [0.446564, -0.894752, 0.0, 0.894752, 0.446564, 0.0, 0.0, 0.0, 1.0], "scale": 1.0, "type": "cypress_hedge_3m"}
{"ctxid": 0, "pos": [3105.867, -3974.397, 95.842], "rotationMatrix": [0.999858, -0.016842, 0.0, 0.016842, 0.999858, 0.0, 0.0, 0.0, 1.0], "scale": 1.0, "type": "cypress_hedge_3m"}
{"ctxid": 0, "pos": [3108.867, -3974.347, 95.608], "rotationMatrix": [0.999858, -0.016842, 0.0, 0.016842, 0.999858, 0.0, 0.0, 0.0, 1.0], "scale": 1.0, "type": "cypress_hedge_3m"}
{"ctxid": 0, "pos": [3111.866, -3974.296, 95.322], "rotationMatrix": [0.999858, -0.016842, 0.0, 0.016842, 0.999858, 0.0, 0.0, 0.0, 1.0], "scale": 1.0, "type": "cypress_hedge_3m"}
{"ctxid": 0, "pos": [2940.504, -3842.473, 124.115], "rotationMatrix": [0.750585, -0.660773, 0.0, 0.660773, 0.750585, 0.0, 0.0, 0.0, 1.0], "scale": 1.0, "type": "cypress_hedge_3m"}
{"ctxid": 0, "pos": [2942.755, -3840.491, 124.271], "rotationMatrix": [0.750585, -0.660773, 0.0, 0.660773, 0.750585, 0.0, 0.0, 0.0, 1.0], "scale": 1.0, "type": "cypress_hedge_3m"}
{"ctxid": 0, "pos": [2945.007, -3838.509, 124.428], "rotationMatrix": [0.750585, -0.660773, 0.0, 0.660773, 0.750585, 0.0, 0.0, 0.0, 1.0], "scale": 1.0, "type": "cypress_hedge_3m"}
{"ctxid": 0, "pos": [2388.49, -3518.827, 187.694], "rotationMatrix": [-0.720347, -0.693614, 0.0, 0.693614, -0.720347, 0.0, 0.0, 0.0, 1.0], "scale": 1.0, "type": "cypress_hedge_3m"}
{"ctxid": 0, "pos": [2386.329, -3516.746, 187.886], "rotationMatrix": [-0.720347, -0.693614, 0.0, 0.693614, -0.720347, 0.0, 0.0, 0.0, 1.0], "scale": 1.0, "type": "cypress_hedge_3m"}
{"ctxid": 0, "pos": [2384.168, -3514.665, 188.091], "rotationMatrix": [-0.720347, -0.693614, 0.0, 0.693614, -0.720347, 0.0, 0.0, 0.0, 1.0], "scale": 1.0, "type": "cypress_hedge_3m"}
{"ctxid": 0, "pos": [2392.054, -3507.453, 187.835], "rotationMatrix": [-0.681377, -0.731932, 0.0, 0.731932, -0.681377, 0.0, 0.0, 0.0, 1.0], "scale": 1.0, "type": "cypress_hedge_3m"}
{"ctxid": 0, "pos": [2390.01, -3505.257, 188.024], "rotationMatrix": [-0.681377, -0.731932, 0.0, 0.731932, -0.681377, 0.0, 0.0, 0.0, 1.0], "scale": 1.0, "type": "cypress_hedge_3m"}
{"ctxid": 0, "pos": [2399.334, -3538.925, 186.674], "rotationMatrix": [-0.828151, -0.560505, 0.0, 0.560505, -0.828151, 0.0, 0.0, 0.0, 1.0], "scale": 1.0, "type": "cypress_hedge_3m"}
{"ctxid": 0, "pos": [2396.85, -3537.244, 186.846], "rotationMatrix": [-0.828151, -0.560505, 0.0, 0.560505, -0.828151, 0.0, 0.0, 0.0, 1.0], "scale": 1.0, "type": "cypress_hedge_3m"}
{"ctxid": 0, "pos": [2433.69, -3545.022, 183.758], "rotationMatrix": [-0.930585, -0.366075, 0.0, 0.366075, -0.930585, 0.0, 0.0, 0.0, 1.0], "scale": 1.0, "type": "cypress_hedge_3m"}
{"ctxid": 0, "pos": [2430.898, -3543.924, 184.001], "rotationMatrix": [-0.930585, -0.366075, 0.0, 0.366075, -0.930585, 0.0, 0.0, 0.0, 1.0], "scale": 1.0, "type": "cypress_hedge_3m"}
{"ctxid": 0, "pos": [2428.106, -3542.826, 184.245], "rotationMatrix": [-0.930585, -0.366075, 0.0, 0.366075, -0.930585, 0.0, 0.0, 0.0, 1.0], "scale": 1.0, "type": "cypress_hedge_3m"}
{"ctxid": 0, "pos": [2425.314, -3541.727, 184.56], "rotationMatrix": [-0.930585, -0.366075, 0.0, 0.366075, -0.930585, 0.0, 0.0, 0.0, 1.0], "scale": 1.0, "type": "cypress_hedge_3m"}
{"ctxid": 0, "pos": [458.085, -281.696, 23.657], "rotationMatrix": [0.973104, -0.230366, 0.0, 0.230366, 0.973104, 0.0, 0.0, 0.0, 1.0], "scale": 1.0, "type": "cypress_hedge_3m"}
{"ctxid": 0, "pos": [461.004, -281.005, 23.554], "rotationMatrix": [0.973104, -0.230366, 0.0, 0.230366, 0.973104, 0.0, 0.0, 0.0, 1.0], "scale": 1.0, "type": "cypress_hedge_3m"}
{"ctxid": 0, "pos": [463.924, -280.314, 23.451], "rotationMatrix": [0.973104, -0.230366, 0.0, 0.230366, 0.973104, 0.0, 0.0, 0.0, 1.0], "scale": 1.0, "type": "cypress_hedge_3m"}
{"ctxid": 0, "pos": [466.843, -279.623, 23.349], "rotationMatrix": [0.973104, -0.230366, 0.0, 0.230366, 0.973104, 0.0, 0.0, 0.0, 1.0], "scale": 1.0, "type": "cypress_hedge_3m"}
{"ctxid": 0, "pos": [494.454, -281.348, 22.542], "rotationMatrix": [0.657169, 0.753743, 0.0, -0.753743, 0.657169, 0.0, 0.0, 0.0, 1.0], "scale": 1.0, "type": "cypress_hedge_3m"}
{"ctxid": 0, "pos": [496.425, -283.609, 22.415], "rotationMatrix": [0.657169, 0.753743, 0.0, -0.753743, 0.657169, 0.0, 0.0, 0.0, 1.0], "scale": 1.0, "type": "cypress_hedge_3m"}
{"ctxid": 0, "pos": [498.397, -285.871, 22.319], "rotationMatrix": [0.657169, 0.753743, 0.0, -0.753743, 0.657169, 0.0, 0.0, 0.0, 1.0], "scale": 1.0, "type": "cypress_hedge_3m"}
{"ctxid": 0, "pos": [3463.459, -4342.127, 74.333], "rotationMatrix": [-0.592512, -0.805561, 0.0, 0.805561, -0.592512, 0.0, 0.0, 0.0, 1.0], "scale": 1.0, "type": "cypress_hedge_3m"}
{"ctxid": 0, "pos": [3461.681, -4339.71, 74.441], "rotationMatrix": [-0.592512, -0.805561, 0.0, 0.805561, -0.592512, 0.0, 0.0, 0.0, 1.0], "scale": 1.0, "type": "cypress_hedge_3m"}
{"ctxid": 0, "pos": [3459.904, -4337.294, 74.528], "rotationMatrix": [-0.592512, -0.805561, 0.0, 0.805561, -0.592512, 0.0, 0.0, 0.0, 1.0], "scale": 1.0, "type": "cypress_hedge_3m"}
{"ctxid": 0, "pos": [3458.126, -4334.877, 74.555], "rotationMatrix": [-0.592512, -0.805561, 0.0, 0.805561, -0.592512, 0.0, 0.0, 0.0, 1.0], "scale": 1.0, "type": "cypress_hedge_3m"}
{"ctxid": 0, "pos": [3500.534, -4358.306, 73.84], "rotationMatrix": [0.595536, 0.803328, 0.0, -0.803328, 0.595536, 0.0, 0.0, 0.0, 1.0], "scale": 1.0, "type": "cypress_hedge_3m"}
{"ctxid": 0, "pos": [3502.321, -4360.716, 73.705], "rotationMatrix": [0.595536, 0.803328, 0.0, -0.803328, 0.595536, 0.0, 0.0, 0.0, 1.0], "scale": 1.0, "type": "cypress_hedge_3m"}
{"ctxid": 0, "pos": [3411.597, -4302.491, 75.529], "rotationMatrix": [-0.60061, -0.799542, 0.0, 0.799542, -0.60061, 0.0, 0.0, 0.0, 1.0], "scale": 1.0, "type": "cypress_hedge_3m"}
{"ctxid": 0, "pos": [3409.795, -4300.093, 75.592], "rotationMatrix": [-0.60061, -0.799542, 0.0, 0.799542, -0.60061, 0.0, 0.0, 0.0, 1.0], "scale": 1.0, "type": "cypress_hedge_3m"}
{"ctxid": 0, "pos": [3407.993, -4297.694, 75.658], "rotationMatrix": [-0.60061, -0.799542, 0.0, 0.799542, -0.60061, 0.0, 0.0, 0.0, 1.0], "scale": 1.0, "type": "cypress_hedge_3m"}
{"ctxid": 0, "pos": [3406.191, -4295.295, 75.725], "rotationMatrix": [-0.60061, -0.799542, 0.0, 0.799542, -0.60061, 0.0, 0.0, 0.0, 1.0], "scale": 1.0, "type": "cypress_hedge_3m"}
{"ctxid": 0, "pos": [3574.148, -4435.231, 71.932], "rotationMatrix": [0.503619, 0.863926, 0.0, -0.863926, 0.503619, 0.0, 0.0, 0.0, 1.0], "scale": 1.0, "type": "cypress_hedge_3m"}
{"ctxid": 0, "pos": [3575.658, -4437.822, 71.884], "rotationMatrix": [0.503619, 0.863926, 0.0, -0.863926, 0.503619, 0.0, 0.0, 0.0, 1.0], "scale": 1.0, "type": "cypress_hedge_3m"}
{"ctxid": 0, "pos": [3462.232, -4298.287, 75.294], "rotationMatrix": [0.593295, 0.804985, 0.0, -0.804985, 0.593295, 0.0, 0.0, 0.0, 1.0], "scale": 1.0, "type": "cypress_hedge_3m"}
{"ctxid": 0, "pos": [3464.012, -4300.702, 75.234], "rotationMatrix": [0.593295, 0.804985, 0.0, -0.804985, 0.593295, 0.0, 0.0, 0.0, 1.0], "scale": 1.0, "type": "cypress_hedge_3m"}
{"ctxid": 0, "pos": [3465.792, -4303.117, 75.173], "rotationMatrix": [0.593295, 0.804985, 0.0, -0.804985, 0.593295, 0.0, 0.0, 0.0, 1.0], "scale": 1.0, "type": "cypress_hedge_3m"}
{"ctxid": 0, "pos": [3467.572, -4305.532, 75.113], "rotationMatrix": [0.593295, 0.804985, 0.0, -0.804985, 0.593295, 0.0, 0.0, 0.0, 1.0], "scale": 1.0, "type": "cypress_hedge_3m"}
{"ctxid": 0, "pos": [3501.602, -4335.563, 74.375], "rotationMatrix": [0.592086, 0.805875, 0.0, -0.805875, 0.592086, 0.0, 0.0, 0.0, 1.0], "scale": 1.0, "type": "cypress_hedge_3m"}
{"ctxid": 0, "pos": [3503.378, -4337.981, 74.321], "rotationMatrix": [0.592086, 0.805875, 0.0, -0.805875, 0.592086, 0.0, 0.0, 0.0, 1.0], "scale": 1.0, "type": "cypress_hedge_3m"}
{"ctxid": 0, "pos": [3505.154, -4340.399, 74.269], "rotationMatrix": [0.592086, 0.805875, 0.0, -0.805875, 0.592086, 0.0, 0.0, 0.0, 1.0], "scale": 1.0, "type": "cypress_hedge_3m"}
{"ctxid": 0, "pos": [3530.133, -4384.339, 73.09], "rotationMatrix": [0.607702, 0.794165, 0.0, -0.794165, 0.607702, 0.0, 0.0, 0.0, 1.0], "scale": 1.0, "type": "cypress_hedge_3m"}
{"ctxid": 0, "pos": [3531.956, -4386.722, 73.022], "rotationMatrix": [0.607702, 0.794165, 0.0, -0.794165, 0.607702, 0.0, 0.0, 0.0, 1.0], "scale": 1.0, "type": "cypress_hedge_3m"}
{"ctxid": 0, "pos": [3417.928, -4309.614, 75.358], "rotationMatrix": [-0.598356, -0.80123, 0.0, 0.80123, -0.598356, 0.0, 0.0, 0.0, 1.0], "scale": 1.0, "type": "cypress_hedge_3m"}
{"ctxid": 0, "pos": [3416.133, -4307.21, 75.411], "rotationMatrix": [-0.598356, -0.80123, 0.0, 0.80123, -0.598356, 0.0, 0.0, 0.0, 1.0], "scale": 1.0, "type": "cypress_hedge_3m"}
{"ctxid": 0, "pos": [3414.338, -4304.806, 75.46], "rotationMatrix": [-0.598356, -0.80123, 0.0, 0.80123, -0.598356, 0.0, 0.0, 0.0, 1.0], "scale": 1.0, "type": "cypress_hedge_3m"}
{"ctxid": 0, "pos": [3484.048, -4317.261, 74.849], "rotationMatrix": [0.592512, 0.805561, 0.0, -0.805561, 0.592512, 0.0, 0.0, 0.0, 1.0], "scale": 1.0, "type": "cypress_hedge_3m"}
{"ctxid": 0, "pos": [3485.826, -4319.678, 74.773], "rotationMatrix": [0.592512, 0.805561, 0.0, -0.805561, 0.592512, 0.0, 0.0, 0.0, 1.0], "scale": 1.0, "type": "cypress_hedge_3m"}
{"ctxid": 0, "pos": [3487.603, -4322.094, 74.698], "rotationMatrix": [0.592512, 0.805561, 0.0, -0.805561, 0.592512, 0.0, 0.0, 0.0, 1.0], "scale": 1.0, "type": "cypress_hedge_3m"}
{"ctxid": 0, "pos": [3489.381, -4324.511, 74.622], "rotationMatrix": [0.592512, 0.805561, 0.0, -0.805561, 0.592512, 0.0, 0.0, 0.0, 1.0], "scale": 1.0, "type": "cypress_hedge_3m"}
{"ctxid": 0, "pos": [3417.268, -4325.939, 75.206], "rotationMatrix": [-0.594816, -0.803862, 0.0, 0.803862, -0.594816, 0.0, 0.0, 0.0, 1.0], "scale": 1.0, "type": "cypress_hedge_3m"}
{"ctxid": 0, "pos": [3415.484, -4323.528, 75.203], "rotationMatrix": [-0.594816, -0.803862, 0.0, 0.803862, -0.594816, 0.0, 0.0, 0.0, 1.0], "scale": 1.0, "type": "cypress_hedge_3m"}
{"ctxid": 0, "pos": [3185.174, -3989.272, 88.107], "rotationMatrix": [0.999987, 0.005152, 0.0, -0.005152, 0.999987, 0.0, 0.0, 0.0, 1.0], "scale": 1.0, "type": "cypress_hedge_3m"}
{"ctxid": 0, "pos": [3188.174, -3989.287, 87.839], "rotationMatrix": [0.999987, 0.005152, 0.0, -0.005152, 0.999987, 0.0, 0.0, 0.0, 1.0], "scale": 1.0, "type": "cypress_hedge_3m"}
{"ctxid": 0, "pos": [3191.174, -3989.302, 87.644], "rotationMatrix": [0.999987, 0.005152, 0.0, -0.005152, 0.999987, 0.0, 0.0, 0.0, 1.0], "scale": 1.0, "type": "cypress_hedge_3m"}
{"ctxid": 0, "pos": [3194.174, -3989.318, 87.489], "rotationMatrix": [0.999987, 0.005152, 0.0, -0.005152, 0.999987, 0.0, 0.0, 0.0, 1.0], "scale": 1.0, "type": "cypress_hedge_3m"}
{"ctxid": 0, "pos": [407.223, -419.885, 9.036], "rotationMatrix": [0.719131, -0.694875, 0.0, 0.694875, 0.719131, 0.0, 0.0, 0.0, 1.0], "scale": 1.0, "type": "cypress_hedge_3m"}
{"ctxid": 0, "pos": [409.38, -417.8, 9.144], "rotationMatrix": [0.719131, -0.694875, 0.0, 0.694875, 0.719131, 0.0, 0.0, 0.0, 1.0], "scale": 1.0, "type": "cypress_hedge_3m"}
{"ctxid": 0, "pos": [411.537, -415.716, 9.253], "rotationMatrix": [0.719131, -0.694875, 0.0, 0.694875, 0.719131, 0.0, 0.0, 0.0, 1.0], "scale": 1.0, "type": "cypress_hedge_3m"}
{"ctxid": 0, "pos": [413.695, -413.631, 9.452], "rotationMatrix": [0.719131, -0.694875, 0.0, 0.694875, 0.719131, 0.0, 0.0, 0.0, 1.0], "scale": 1.0, "type": "cypress_hedge_3m"}
{"ctxid": 0, "pos": [507.937, -317.297, 21.373], "rotationMatrix": [-0.240247, 0.970712, 0.0, -0.970712, -0.240247, 0.0, 0.0, 0.0, 1.0], "scale": 1.0, "type": "cypress_hedge_3m"}
{"ctxid": 0, "pos": [507.217, -320.209, 21.115], "rotationMatrix": [-0.240247, 0.970712, 0.0, -0.970712, -0.240247, 0.0, 0.0, 0.0, 1.0], "scale": 1.0, "type": "cypress_hedge_3m"}
{"ctxid": 0, "pos": [506.496, -323.122, 20.857], "rotationMatrix": [-0.240247, 0.970712, 0.0, -0.970712, -0.240247, 0.0, 0.0, 0.0, 1.0], "scale": 1.0, "type": "cypress_hedge_3m"}
{"ctxid": 0, "pos": [505.775, -326.034, 20.599], "rotationMatrix": [-0.240247, 0.970712, 0.0, -0.970712, -0.240247, 0.0, 0.0, 0.0, 1.0], "scale": 1.0, "type": "cypress_hedge_3m"}
{"ctxid": 0, "pos": [494.852, -336.543, 19.358], "rotationMatrix": [-0.296385, 0.955068, 0.0, -0.955068, -0.296385, 0.0, 0.0, 0.0, 1.0], "scale": 1.0, "type": "cypress_hedge_3m"}
{"ctxid": 0, "pos": [493.963, -339.409, 19.085], "rotationMatrix": [-0.296385, 0.955068, 0.0, -0.955068, -0.296385, 0.0, 0.0, 0.0, 1.0], "scale": 1.0, "type": "cypress_hedge_3m"}
{"ctxid": 0, "pos": [493.074, -342.274, 18.818], "rotationMatrix": [-0.296385, 0.955068, 0.0, -0.955068, -0.296385, 0.0, 0.0, 0.0, 1.0], "scale": 1.0, "type": "cypress_hedge_3m"}
{"ctxid": 0, "pos": [490.39, -340.744, 18.819], "rotationMatrix": [-0.308326, 0.951281, 0.0, -0.951281, -0.308326, 0.0, 0.0, 0.0, 1.0], "scale": 1.0, "type": "cypress_hedge_3m"}
{"ctxid": 0, "pos": [489.465, -343.598, 18.543], "rotationMatrix": [-0.308326, 0.951281, 0.0, -0.951281, -0.308326, 0.0, 0.0, 0.0, 1.0], "scale": 1.0, "type": "cypress_hedge_3m"}
{"ctxid": 0, "pos": [488.541, -346.451, 18.274], "rotationMatrix": [-0.308326, 0.951281, 0.0, -0.951281, -0.308326, 0.0, 0.0, 0.0, 1.0], "scale": 1.0, "type": "cypress_hedge_3m"}
{"ctxid": 0, "pos": [487.616, -349.305, 18.006], "rotationMatrix": [-0.308326, 0.951281, 0.0, -0.951281, -0.308326, 0.0, 0.0, 0.0, 1.0], "scale": 1.0, "type": "cypress_hedge_3m"}
{"ctxid": 0, "pos": [495.038, -298.688, 21.751], "rotationMatrix": [0.156186, 0.987728, 0.0, -0.987728, 0.156186, 0.0, 0.0, 0.0, 1.0], "scale": 1.0, "type": "cypress_hedge_3m"}
{"ctxid": 0, "pos": [495.506, -301.651, 21.654], "rotationMatrix": [0.156186, 0.987728, 0.0, -0.987728, 0.156186, 0.0, 0.0, 0.0, 1.0], "scale": 1.0, "type": "cypress_hedge_3m"}
{"ctxid": 0, "pos": [495.975, -304.615, 21.557], "rotationMatrix": [0.156186, 0.987728, 0.0, -0.987728, 0.156186, 0.0, 0.0, 0.0, 1.0], "scale": 1.0, "type": "cypress_hedge_3m"}
{"ctxid": 0, "pos": [502.184, -309.498, 21.495], "rotationMatrix": [-0.178258, 0.983984, 0.0, -0.983984, -0.178258, 0.0, 0.0, 0.0, 1.0], "scale": 1.0, "type": "cypress_hedge_3m"}
{"ctxid": 0, "pos": [501.65, -312.449, 21.416], "rotationMatrix": [-0.178258, 0.983984, 0.0, -0.983984, -0.178258, 0.0, 0.0, 0.0, 1.0], "scale": 1.0, "type": "cypress_hedge_3m"}
{"ctxid": 0, "pos": [501.115, -315.401, 21.289], "rotationMatrix": [-0.178258, 0.983984, 0.0, -0.983984, -0.178258, 0.0, 0.0, 0.0, 1.0], "scale": 1.0, "type": "cypress_hedge_3m"}
{"ctxid": 0, "pos": [509.712, -300.442, 21.969], "rotationMatrix": [0.00201, 0.999998, 0.0, -0.999998, 0.00201, 0.0, 0.0, 0.0, 1.0], "scale": 1.0, "type": "cypress_hedge_3m"}
{"ctxid": 0, "pos": [509.718, -303.442, 21.88], "rotationMatrix": [0.00201, 0.999998, 0.0, -0.999998, 0.00201, 0.0, 0.0, 0.0, 1.0], "scale": 1.0, "type": "cypress_hedge_3m"}
{"ctxid": 0, "pos": [509.724, -306.442, 21.819], "rotationMatrix": [0.00201, 0.999998, 0.0, -0.999998, 0.00201, 0.0, 0.0, 0.0, 1.0], "scale": 1.0, "type": "cypress_hedge_3m"}
{"ctxid": 0, "pos": [509.73, -309.442, 21.758], "rotationMatrix": [0.00201, 0.999998, 0.0, -0.999998, 0.00201, 0.0, 0.0, 0.0, 1.0], "scale": 1.0, "type": "cypress_hedge_3m"}
{"ctxid": 0, "pos": [410.975, -233.27, 34.528], "rotationMatrix": [0.320039, -0.947404, 0.0, 0.947404, 0.320039, 0.0, 0.0, 0.0, 1.0], "scale": 1.0, "type": "cypress_hedge_3m"}
{"ctxid": 0, "pos": [411.935, -230.428, 34.796], "rotationMatrix": [0.320039, -0.947404, 0.0, 0.947404, 0.320039, 0.0, 0.0, 0.0, 1.0], "scale": 1.0, "type": "cypress_hedge_3m"}
{"ctxid": 0, "pos": [437.125, -175.302, 39.879], "rotationMatrix": [0.464489, -0.885579, 0.0, 0.885579, 0.464489, 0.0, 0.0, 0.0, 1.0], "scale": 1.0, "type": "cypress_hedge_3m"}
{"ctxid": 0, "pos": [438.519, -172.646, 40.168], "rotationMatrix": [0.464489, -0.885579, 0.0, 0.885579, 0.464489, 0.0, 0.0, 0.0, 1.0], "scale": 1.0, "type": "cypress_hedge_3m"}
{"ctxid": 0, "pos": [439.912, -169.989, 40.483], "rotationMatrix": [0.464489, -0.885579, 0.0, 0.885579, 0.464489, 0.0, 0.0, 0.0, 1.0], "scale": 1.0, "type": "cypress_hedge_3m"}
{"ctxid": 0, "pos": [473.116, -148.692, 43.994], "rotationMatrix": [-0.515132, 0.857111, 0.0, -0.857111, -0.515132, 0.0, 0.0, 0.0, 1.0], "scale": 1.0, "type": "cypress_hedge_3m"}
{"ctxid": 0, "pos": [471.571, -151.264, 43.712], "rotationMatrix": [-0.515132, 0.857111, 0.0, -0.857111, -0.515132, 0.0, 0.0, 0.0, 1.0], "scale": 1.0, "type": "cypress_hedge_3m"}
{"ctxid": 0, "pos": [470.026, -153.835, 43.429], "rotationMatrix": [-0.515132, 0.857111, 0.0, -0.857111, -0.515132, 0.0, 0.0, 0.0, 1.0], "scale": 1.0, "type": "cypress_hedge_3m"}
{"ctxid": 0, "pos": [476.684, -157.141, 43.559], "rotationMatrix": [-0.507398, 0.861712, 0.0, -0.861712, -0.507398, 0.0, 0.0, 0.0, 1.0], "scale": 1.0, "type": "cypress_hedge_3m"}
{"ctxid": 0, "pos": [475.162, -159.726, 43.304], "rotationMatrix": [-0.507398, 0.861712, 0.0, -0.861712, -0.507398, 0.0, 0.0, 0.0, 1.0], "scale": 1.0, "type": "cypress_hedge_3m"}
{"ctxid": 0, "pos": [473.64, -162.312, 43.048], "rotationMatrix": [-0.507398, 0.861712, 0.0, -0.861712, -0.507398, 0.0, 0.0, 0.0, 1.0], "scale": 1.0, "type": "cypress_hedge_3m"}
{"ctxid": 0, "pos": [505.643, -45.827, 53.627], "rotationMatrix": [0.122781, -0.992434, 0.0, 0.992434, 0.122781, 0.0, 0.0, 0.0, 1.0], "scale": 1.0, "type": "cypress_hedge_3m"}
{"ctxid": 0, "pos": [506.011, -42.85, 53.96], "rotationMatrix": [0.122781, -0.992434, 0.0, 0.992434, 0.122781, 0.0, 0.0, 0.0, 1.0], "scale": 1.0, "type": "cypress_hedge_3m"}
{"ctxid": 0, "pos": [506.38, -39.872, 54.311], "rotationMatrix": [0.122781, -0.992434, 0.0, 0.992434, 0.122781, 0.0, 0.0, 0.0, 1.0], "scale": 1.0, "type": "cypress_hedge_3m"}
{"ctxid": 0, "pos": [506.748, -36.895, 54.661], "rotationMatrix": [0.122781, -0.992434, 0.0, 0.992434, 0.122781, 0.0, 0.0, 0.0, 1.0], "scale": 1.0, "type": "cypress_hedge_3m"}
{"ctxid": 0, "pos": [526.946, -40.556, 54.448], "rotationMatrix": [-0.122781, 0.992434, 0.0, -0.992434, -0.122781, 0.0, 0.0, 0.0, 1.0], "scale": 1.0, "type": "cypress_hedge_3m"}
{"ctxid": 0, "pos": [526.578, -43.533, 54.175], "rotationMatrix": [-0.122781, 0.992434, 0.0, -0.992434, -0.122781, 0.0, 0.0, 0.0, 1.0], "scale": 1.0, "type": "cypress_hedge_3m"}
{"ctxid": 0, "pos": [526.209, -46.51, 53.944], "rotationMatrix": [-0.122781, 0.992434, 0.0, -0.992434, -0.122781, 0.0, 0.0, 0.0, 1.0], "scale": 1.0, "type": "cypress_hedge_3m"}
{"ctxid": 0, "pos": [525.841, -49.487, 53.734], "rotationMatrix": [-0.122781, 0.992434, 0.0, -0.992434, -0.122781, 0.0, 0.0, 0.0, 1.0], "scale": 1.0, "type": "cypress_hedge_3m"}
{"ctxid": 0, "pos": [526.61, -51.326, 53.644], "rotationMatrix": [-0.171746, 0.985141, 0.0, -0.985141, -0.171746, 0.0, 0.0, 0.0, 1.0], "scale": 1.0, "type": "cypress_hedge_3m"}
{"ctxid": 0, "pos": [526.095, -54.282, 53.421], "rotationMatrix": [-0.171746, 0.985141, 0.0, -0.985141, -0.171746, 0.0, 0.0, 0.0, 1.0], "scale": 1.0, "type": "cypress_hedge_3m"}
{"ctxid": 0, "pos": [525.58, -57.237, 53.158], "rotationMatrix": [-0.171746, 0.985141, 0.0, -0.985141, -0.171746, 0.0, 0.0, 0.0, 1.0], "scale": 1.0, "type": "cypress_hedge_3m"}
{"ctxid": 0, "pos": [525.065, -60.193, 52.894], "rotationMatrix": [-0.171746, 0.985141, 0.0, -0.985141, -0.171746, 0.0, 0.0, 0.0, 1.0], "scale": 1.0, "type": "cypress_hedge_3m"}
{"ctxid": 0, "pos": [-630.697, 892.526, 210.927], "rotationMatrix": [-0.868184, -0.496242, 0.0, 0.496242, -0.868184, 0.0, 0.0, 0.0, 1.0], "scale": 1.0, "type": "cypress_hedge_3m"}
{"ctxid": 0, "pos": [-633.301, 894.015, 211.075], "rotationMatrix": [-0.868184, -0.496242, 0.0, 0.496242, -0.868184, 0.0, 0.0, 0.0, 1.0], "scale": 1.0, "type": "cypress_hedge_3m"}
{"ctxid": 0, "pos": [-635.906, 895.503, 211.223], "rotationMatrix": [-0.868184, -0.496242, 0.0, 0.496242, -0.868184, 0.0, 0.0, 0.0, 1.0], "scale": 1.0, "type": "cypress_hedge_3m"}
{"ctxid": 0, "pos": [-638.51, 896.992, 211.372], "rotationMatrix": [-0.868184, -0.496242, 0.0, 0.496242, -0.868184, 0.0, 0.0, 0.0, 1.0], "scale": 1.0, "type": "cypress_hedge_3m"}
{"ctxid": 0, "pos": [-610.111, 908.416, 209.483], "rotationMatrix": [-0.971088, -0.238724, 0.0, 0.238724, -0.971088, 0.0, 0.0, 0.0, 1.0], "scale": 1.0, "type": "cypress_hedge_3m"}
{"ctxid": 0, "pos": [-613.024, 909.133, 209.669], "rotationMatrix": [-0.971088, -0.238724, 0.0, 0.238724, -0.971088, 0.0, 0.0, 0.0, 1.0], "scale": 1.0, "type": "cypress_hedge_3m"}
{"ctxid": 0, "pos": [-210.493, 715.655, 166.962], "rotationMatrix": [-0.277685, 0.960672, 0.0, -0.960672, -0.277685, 0.0, 0.0, 0.0, 1.0], "scale": 1.0, "type": "cypress_hedge_3m"}
{"ctxid": 0, "pos": [-211.327, 712.773, 166.794], "rotationMatrix": [-0.277685, 0.960672, 0.0, -0.960672, -0.277685, 0.0, 0.0, 0.0, 1.0], "scale": 1.0, "type": "cypress_hedge_3m"}
{"ctxid": 0, "pos": [-261.371, 805.733, 175.916], "rotationMatrix": [0.384222, 0.923241, 0.0, -0.923241, 0.384222, 0.0, 0.0, 0.0, 1.0], "scale": 1.0, "type": "cypress_hedge_3m"}
{"ctxid": 0, "pos": [-260.219, 802.964, 175.637], "rotationMatrix": [0.384222, 0.923241, 0.0, -0.923241, 0.384222, 0.0, 0.0, 0.0, 1.0], "scale": 1.0, "type": "cypress_hedge_3m"}
{"ctxid": 0, "pos": [-259.066, 800.194, 175.357], "rotationMatrix": [0.384222, 0.923241, 0.0, -0.923241, 0.384222, 0.0, 0.0, 0.0, 1.0], "scale": 1.0, "type": "cypress_hedge_3m"}
{"ctxid": 0, "pos": [-257.913, 797.424, 175.078], "rotationMatrix": [0.384222, 0.923241, 0.0, -0.923241, 0.384222, 0.0, 0.0, 0.0, 1.0], "scale": 1.0, "type": "cypress_hedge_3m"}
{"ctxid": 0, "pos": [-307.906, 859.9, 181.678], "rotationMatrix": [0.962335, 0.271866, 0.0, -0.271866, 0.962335, 0.0, 0.0, 0.0, 1.0], "scale": 1.0, "type": "cypress_hedge_3m"}
{"ctxid": 0, "pos": [-305.019, 859.084, 181.399], "rotationMatrix": [0.962335, 0.271866, 0.0, -0.271866, 0.962335, 0.0, 0.0, 0.0, 1.0], "scale": 1.0, "type": "cypress_hedge_3m"}
{"ctxid": 0, "pos": [-302.132, 858.268, 181.149], "rotationMatrix": [0.962335, 0.271866, 0.0, -0.271866, 0.962335, 0.0, 0.0, 0.0, 1.0], "scale": 1.0, "type": "cypress_hedge_3m"}
