{"ctxid": 0, "pos": [2261.5, -2574.6, 256.549], "rotationMatrix": [0.648719, 0.761028, 0.0, -0.761028, 0.648719, 0.0, 0.0, 0.0, 1.0], "scale": 0.919, "type": "farmhouse_d"}
{"ctxid": 0, "pos": [1016.824, -1654.467, 148.597], "rotationMatrix": [0.255426, 0.966828, 0.0, -0.966828, 0.255426, 0.0, 0.0, 0.0, 1.0], "scale": 1.042, "type": "farmhouse_d"}
{"ctxid": 0, "pos": [-7.051, 269.404, 124.389], "rotationMatrix": [-0.99805, 0.062419, 0.0, -0.062419, -0.99805, 0.0, 0.0, 0.0, 1.0], "scale": 0.892, "type": "farmhouse_d"}
{"ctxid": 0, "pos": [-3442.066, 4524.818, 593.451], "rotationMatrix": [-0.314038, 0.94941, 0.0, -0.94941, -0.314038, 0.0, 0.0, 0.0, 1.0], "scale": 1.072, "type": "farmhouse_d"}
{"ctxid": 0, "pos": [498.162, 40.879, 61.95], "rotationMatrix": [0.996816, -0.079732, 0.0, 0.079732, 0.996816, 0.0, 0.0, 0.0, 1.0], "scale": 1.0, "type": "farmhouse_d"}
{"ctxid": 0, "pos": [-3199.13, 763.21, 319.36], "rotationMatrix": [0.32018, -0.947357, 0.0, 0.947357, 0.32018, 0.0, 0.0, 0.0, 1.0], "scale": 1.0, "type": "farmhouse_d"}
{"ctxid": 0, "pos": [-3244.925, 755.505, 319.36], "rotationMatrix": [0.599743, -0.800193, 0.0, 0.800193, 0.599743, 0.0, 0.0, 0.0, 1.0], "scale": 1.0, "type": "farmhouse_d"}
{"ctxid": 0, "pos": [-3263.34, 789.034, 366.915], "rotationMatrix": [-0.998735, -0.050279, 0.0, 0.050279, -0.998735, 0.0, 0.0, 0.0, 1.0], "scale": 1.0, "type": "farmhouse_d"}
{"ctxid": 0, "pos": [-3289.704, 778.428, 366.915], "rotationMatrix": [-0.92026, -0.391308, 0.0, 0.391308, -0.92026, 0.0, 0.0, 0.0, 1.0], "scale": 1.0, "type": "farmhouse_d"}
{"ctxid": 0, "pos": [-3285.451, 748.866, 319.36], "rotationMatrix": [0.991104, -0.133091, 0.0, 0.133091, 0.991104, 0.0, 0.0, 0.0, 1.0], "scale": 1.0, "type": "farmhouse_d"}
{"ctxid": 0, "pos": [-3291.386, 772.887, 366.915], "rotationMatrix": [-0.969466, -0.245225, 0.0, 0.245225, -0.969466, 0.0, 0.0, 0.0, 1.0], "scale": 1.0, "type": "farmhouse_d"}
{"ctxid": 0, "pos": [-3358.094, 830.677, 366.915], "rotationMatrix": [0.963453, -0.267879, 0.0, 0.267879, 0.963453, 0.0, 0.0, 0.0, 1.0], "scale": 1.0, "type": "farmhouse_d"}
{"ctxid": 0, "pos": [-3349.954, 781.405, 366.915], "rotationMatrix": [-0.620054, -0.784559, 0.0, 0.784559, -0.620054, 0.0, 0.0, 0.0, 1.0], "scale": 1.0, "type": "farmhouse_d"}
{"ctxid": 0, "pos": [-3381.932, 825.616, 366.915], "rotationMatrix": [0.93756, -0.347824, 0.0, 0.347824, 0.93756, 0.0, 0.0, 0.0, 1.0], "scale": 1.0, "type": "farmhouse_d"}
{"ctxid": 0, "pos": [-3355.551, 820.795, 366.915], "rotationMatrix": [-0.833978, -0.551798, 0.0, 0.551798, -0.833978, 0.0, 0.0, 0.0, 1.0], "scale": 1.0, "type": "farmhouse_d"}
{"ctxid": 0, "pos": [-3387.845, 815.842, 366.915], "rotationMatrix": [-0.999662, -0.025982, 0.0, 0.025982, -0.999662, 0.0, 0.0, 0.0, 1.0], "scale": 1.0, "type": "farmhouse_d"}
{"ctxid": 0, "pos": [-3346.543, 806.769, 366.915], "rotationMatrix": [0.732325, -0.680955, 0.0, 0.680955, 0.732325, 0.0, 0.0, 0.0, 1.0], "scale": 1.0, "type": "farmhouse_d"}
{"ctxid": 0, "pos": [-3353.198, 790.114, 366.915], "rotationMatrix": [-0.589993, -0.807409, 0.0, 0.807409, -0.589993, 0.0, 0.0, 0.0, 1.0], "scale": 1.0, "type": "farmhouse_d"}
{"ctxid": 0, "pos": [-3410.445, 788.43, 366.915], "rotationMatrix": [-0.168039, -0.98578, 0.0, 0.98578, -0.168039, 0.0, 0.0, 0.0, 1.0], "scale": 1.0, "type": "farmhouse_d"}
{"ctxid": 0, "pos": [-3373.815, 846.441, 366.915], "rotationMatrix": [-0.469738, -0.882806, 0.0, 0.882806, -0.469738, 0.0, 0.0, 0.0, 1.0], "scale": 1.0, "type": "farmhouse_d"}
{"ctxid": 0, "pos": [-3409.272, 1101.28, 366.915], "rotationMatrix": [-0.907435, -0.420192, 0.0, 0.420192, -0.907435, 0.0, 0.0, 0.0, 1.0], "scale": 1.0, "type": "farmhouse_d"}
{"ctxid": 0, "pos": [-3294.495, 743.337, 319.36], "rotationMatrix": [-0.00769, -0.99997, 0.0, 0.99997, -0.00769, 0.0, 0.0, 0.0, 1.0], "scale": 1.0, "type": "farmhouse_d"}
{"ctxid": 0, "pos": [-3317.585, 795.133, 366.915], "rotationMatrix": [0.897772, -0.440461, 0.0, 0.440461, 0.897772, 0.0, 0.0, 0.0, 1.0], "scale": 1.0, "type": "farmhouse_d"}
{"ctxid": 0, "pos": [-3333.76, 779.235, 366.915], "rotationMatrix": [-0.989613, -0.14376, 0.0, 0.14376, -0.989613, 0.0, 0.0, 0.0, 1.0], "scale": 1.0, "type": "farmhouse_d"}
{"ctxid": 0, "pos": [-3336.267, 754.474, 366.915], "rotationMatrix": [-0.656339, -0.754466, 0.0, 0.754466, -0.656339, 0.0, 0.0, 0.0, 1.0], "scale": 1.0, "type": "farmhouse_d"}
{"ctxid": 0, "pos": [-3106.252, 781.077, 316.872], "rotationMatrix": [0.94261, -0.333896, 0.0, 0.333896, 0.94261, 0.0, 0.0, 0.0, 1.0], "scale": 1.0, "type": "farmhouse_d"}
{"ctxid": 0, "pos": [-3143.074, 761.662, 316.872], "rotationMatrix": [0.571809, -0.820387, 0.0, 0.820387, 0.571809, 0.0, 0.0, 0.0, 1.0], "scale": 1.0, "type": "farmhouse_d"}
{"ctxid": 0, "pos": [-3098.451, 795.554, 319.36], "rotationMatrix": [0.295204, -0.955434, 0.0, 0.955434, 0.295204, 0.0, 0.0, 0.0, 1.0], "scale": 1.0, "type": "farmhouse_d"}
{"ctxid": 0, "pos": [-3136.56, 776.909, 319.36], "rotationMatrix": [0.423061, -0.906101, 0.0, 0.906101, 0.423061, 0.0, 0.0, 0.0, 1.0], "scale": 1.0, "type": "farmhouse_d"}
{"ctxid": 0, "pos": [-3119.323, 790.432, 319.36], "rotationMatrix": [0.982594, -0.185766, 0.0, 0.185766, 0.982594, 0.0, 0.0, 0.0, 1.0], "scale": 1.0, "type": "farmhouse_d"}
{"ctxid": 0, "pos": [-3120.894, 761.582, 316.872], "rotationMatrix": [-0.75149, -0.659744, 0.0, 0.659744, -0.75149, 0.0, 0.0, 0.0, 1.0], "scale": 1.0, "type": "farmhouse_d"}
{"ctxid": 0, "pos": [-3138.67, 729.675, 316.872], "rotationMatrix": [-0.647711, -0.761886, 0.0, 0.761886, -0.647711, 0.0, 0.0, 0.0, 1.0], "scale": 1.0, "type": "farmhouse_d"}
{"ctxid": 0, "pos": [-3165.265, 778.572, 319.36], "rotationMatrix": [-0.203851, -0.979002, 0.0, 0.979002, -0.203851, 0.0, 0.0, 0.0, 1.0], "scale": 1.0, "type": "farmhouse_d"}
{"ctxid": 0, "pos": [-3192.563, 764.205, 319.36], "rotationMatrix": [0.520672, -0.853757, 0.0, 0.853757, 0.520672, 0.0, 0.0, 0.0, 1.0], "scale": 1.0, "type": "farmhouse_d"}
{"ctxid": 0, "pos": [-2954.48, 666.297, 316.872], "rotationMatrix": [0.877793, -0.47904, 0.0, 0.47904, 0.877793, 0.0, 0.0, 0.0, 1.0], "scale": 1.0, "type": "farmhouse_d"}
{"ctxid": 0, "pos": [-3002.916, 687.688, 316.872], "rotationMatrix": [0.268714, -0.96322, 0.0, 0.96322, 0.268714, 0.0, 0.0, 0.0, 1.0], "scale": 1.0, "type": "farmhouse_d"}
{"ctxid": 0, "pos": [-3037.606, 676.489, 316.872], "rotationMatrix": [0.999985, -0.005435, 0.0, 0.005435, 0.999985, 0.0, 0.0, 0.0, 1.0], "scale": 1.0, "type": "farmhouse_d"}
{"ctxid": 0, "pos": [-3347.26, 773.621, 366.915], "rotationMatrix": [0.940997, -0.338415, 0.0, 0.338415, 0.940997, 0.0, 0.0, 0.0, 1.0], "scale": 1.0, "type": "farmhouse_d"}
{"ctxid": 0, "pos": [-3059.399, 775.104, 316.872], "rotationMatrix": [0.139544, -0.990216, 0.0, 0.990216, 0.139544, 0.0, 0.0, 0.0, 1.0], "scale": 1.0, "type": "farmhouse_d"}
{"ctxid": 0, "pos": [-3132.005, 1098.207, 366.915], "rotationMatrix": [-0.845707, -0.533648, 0.0, 0.533648, -0.845707, 0.0, 0.0, 0.0, 1.0], "scale": 1.0, "type": "farmhouse_d"}
{"ctxid": 0, "pos": [-3104.877, 1014.642, 366.915], "rotationMatrix": [0.13434, -0.990935, 0.0, 0.990935, 0.13434, 0.0, 0.0, 0.0, 1.0], "scale": 1.0, "type": "farmhouse_d"}
{"ctxid": 0, "pos": [-2859.188, 1125.758, 366.915], "rotationMatrix": [0.340746, -0.940155, 0.0, 0.940155, 0.340746, 0.0, 0.0, 0.0, 1.0], "scale": 1.0, "type": "farmhouse_d"}
{"ctxid": 0, "pos": [-2934.215, 598.253, 316.872], "rotationMatrix": [0.997591, -0.069365, 0.0, 0.069365, 0.997591, 0.0, 0.0, 0.0, 1.0], "scale": 1.0, "type": "farmhouse_d"}
{"ctxid": 0, "pos": [-3302.374, 721.388, 319.36], "rotationMatrix": [-0.166828, -0.985986, 0.0, 0.985986, -0.166828, 0.0, 0.0, 0.0, 1.0], "scale": 1.0, "type": "farmhouse_d"}
{"ctxid": 0, "pos": [-3248.222, 739.536, 319.36], "rotationMatrix": [0.887234, -0.46132, 0.0, 0.46132, 0.887234, 0.0, 0.0, 0.0, 1.0], "scale": 1.0, "type": "farmhouse_d"}
{"ctxid": 0, "pos": [-3225.911, 554.615, 316.872], "rotationMatrix": [0.647895, -0.761729, 0.0, 0.761729, 0.647895, 0.0, 0.0, 0.0, 1.0], "scale": 1.0, "type": "farmhouse_d"}
{"ctxid": 0, "pos": [-3236.176, 530.817, 316.872], "rotationMatrix": [0.623141, -0.78211, 0.0, 0.78211, 0.623141, 0.0, 0.0, 0.0, 1.0], "scale": 1.0, "type": "farmhouse_d"}
{"ctxid": 0, "pos": [-3389.456, 1565.468, 431.082], "rotationMatrix": [-0.917532, -0.397663, 0.0, 0.397663, -0.917532, 0.0, 0.0, 0.0, 1.0], "scale": 1.0, "type": "farmhouse_d"}
{"ctxid": 0, "pos": [-3208.389, 2040.219, 431.082], "rotationMatrix": [0.998771, -0.049568, 0.0, 0.049568, 0.998771, 0.0, 0.0, 0.0, 1.0], "scale": 1.0, "type": "farmhouse_d"}
{"ctxid": 0, "pos": [-3052.871, 1436.061, 368.478], "rotationMatrix": [-0.986247, -0.165278, 0.0, 0.165278, -0.986247, 0.0, 0.0, 0.0, 1.0], "scale": 1.0, "type": "farmhouse_d"}
{"ctxid": 0, "pos": [-3042.275, 1426.86, 368.478], "rotationMatrix": [-0.942768, -0.333449, 0.0, 0.333449, -0.942768, 0.0, 0.0, 0.0, 1.0], "scale": 1.0, "type": "farmhouse_d"}
{"ctxid": 0, "pos": [-3782.719, 375.031, 316.872], "rotationMatrix": [0.493264, -0.86988, 0.0, 0.86988, 0.493264, 0.0, 0.0, 0.0, 1.0], "scale": 1.0, "type": "farmhouse_d"}
{"ctxid": 0, "pos": [-2935.101, 586.851, 316.872], "rotationMatrix": [-0.948037, -0.318159, 0.0, 0.318159, -0.948037, 0.0, 0.0, 0.0, 1.0], "scale": 1.0, "type": "farmhouse_d"}
{"ctxid": 0, "pos": [-3389.235, 442.665, 316.872], "rotationMatrix": [-0.903, -0.429641, 0.0, 0.429641, -0.903, 0.0, 0.0, 0.0, 1.0], "scale": 1.0, "type": "farmhouse_d"}
{"ctxid": 0, "pos": [-3402.952, 244.991, 314.62], "rotationMatrix": [0.82081, -0.571201, 0.0, 0.571201, 0.82081, 0.0, 0.0, 0.0, 1.0], "scale": 1.0, "type": "farmhouse_d"}
{"ctxid": 0, "pos": [-3377.132, 748.423, 366.915], "rotationMatrix": [0.596286, -0.802772, 0.0, 0.802772, 0.596286, 0.0, 0.0, 0.0, 1.0], "scale": 1.0, "type": "farmhouse_d"}
{"ctxid": 0, "pos": [-3347.427, 858.755, 366.915], "rotationMatrix": [-0.560952, -0.827848, 0.0, 0.827848, -0.560952, 0.0, 0.0, 0.0, 1.0], "scale": 1.0, "type": "farmhouse_d"}
{"ctxid": 0, "pos": [3717.558, 3668.647, 76.729], "rotationMatrix": [-0.826726, -0.562605, 0.0, 0.562605, -0.826726, 0.0, 0.0, 0.0, 1.0], "scale": 1.0, "type": "farmhouse_d"}
{"ctxid": 0, "pos": [3728.214, 3671.047, 76.729], "rotationMatrix": [0.843906, -0.536491, 0.0, 0.536491, 0.843906, 0.0, 0.0, 0.0, 1.0], "scale": 1.0, "type": "farmhouse_d"}
{"ctxid": 0, "pos": [3548.879, 3608.299, 76.729], "rotationMatrix": [-0.905321, -0.424727, 0.0, 0.424727, -0.905321, 0.0, 0.0, 0.0, 1.0], "scale": 1.0, "type": "farmhouse_d"}
{"ctxid": 0, "pos": [2659.703, -4056.168, 134.77], "rotationMatrix": [-0.83318, -0.553001, 0.0, 0.553001, -0.83318, 0.0, 0.0, 0.0, 1.0], "scale": 1.0, "type": "farmhouse_d"}
{"ctxid": 0, "pos": [2368.856, -3523.047, 188.723], "rotationMatrix": [0.98684, -0.161701, 0.0, 0.161701, 0.98684, 0.0, 0.0, 0.0, 1.0], "scale": 1.0, "type": "farmhouse_d"}
{"ctxid": 0, "pos": [1244.317, -2907.143, 245.142], "rotationMatrix": [0.846415, -0.532524, 0.0, 0.532524, 0.846415, 0.0, 0.0, 0.0, 1.0], "scale": 1.0, "type": "farmhouse_d"}
{"ctxid": 0, "pos": [1273.412, -2964.57, 245.359], "rotationMatrix": [0.495384, -0.868674, 0.0, 0.868674, 0.495384, 0.0, 0.0, 0.0, 1.0], "scale": 1.0, "type": "farmhouse_d"}
{"ctxid": 0, "pos": [1174.705, -2029.975, 207.853], "rotationMatrix": [0.258597, -0.965985, 0.0, 0.965985, 0.258597, 0.0, 0.0, 0.0, 1.0], "scale": 1.0, "type": "farmhouse_d"}
{"ctxid": 0, "pos": [591.642, -285.153, 26.364], "rotationMatrix": [0.992086, -0.125563, 0.0, 0.125563, 0.992086, 0.0, 0.0, 0.0, 1.0], "scale": 1.0, "type": "farmhouse_d"}
{"ctxid": 0, "pos": [-25.475, -1166.82, 7.341], "rotationMatrix": [0.226819, -0.973937, 0.0, 0.973937, 0.226819, 0.0, 0.0, 0.0, 1.0], "scale": 1.0, "type": "farmhouse_d"}
{"ctxid": 0, "pos": [-771.331, -2374.964, 83.249], "rotationMatrix": [0.929321, -0.369272, 0.0, 0.369272, 0.929321, 0.0, 0.0, 0.0, 1.0], "scale": 1.0, "type": "farmhouse_d"}
{"ctxid": 0, "pos": [-750.803, -2263.975, 61.054], "rotationMatrix": [-0.293828, -0.955858, 0.0, 0.955858, -0.293828, 0.0, 0.0, 0.0, 1.0], "scale": 1.0, "type": "farmhouse_d"}
{"ctxid": 0, "pos": [-764.894, 3346.006, 364.604], "rotationMatrix": [-0.389732, -0.920928, 0.0, 0.920928, -0.389732, 0.0, 0.0, 0.0, 1.0], "scale": 1.0, "type": "farmhouse_d"}
{"ctxid": 0, "pos": [-769.541, 3337.279, 364.604], "rotationMatrix": [0.750487, -0.660885, 0.0, 0.660885, 0.750487, 0.0, 0.0, 0.0, 1.0], "scale": 1.0, "type": "farmhouse_d"}
{"ctxid": 0, "pos": [-852.776, 3299.676, 364.954], "rotationMatrix": [-0.999865, -0.01641, 0.0, 0.01641, -0.999865, 0.0, 0.0, 0.0, 1.0], "scale": 1.0, "type": "farmhouse_d"}
{"ctxid": 0, "pos": [-832.088, 3287.519, 364.604], "rotationMatrix": [0.394779, -0.918776, 0.0, 0.918776, 0.394779, 0.0, 0.0, 0.0, 1.0], "scale": 1.0, "type": "farmhouse_d"}
{"ctxid": 0, "pos": [-814.279, 3330.728, 364.954], "rotationMatrix": [-0.214964, -0.976622, 0.0, 0.976622, -0.214964, 0.0, 0.0, 0.0, 1.0], "scale": 1.0, "type": "farmhouse_d"}
{"ctxid": 0, "pos": [-810.635, 3311.858, 364.604], "rotationMatrix": [-0.734669, -0.678426, 0.0, 0.678426, -0.734669, 0.0, 0.0, 0.0, 1.0], "scale": 1.0, "type": "farmhouse_d"}
{"ctxid": 0, "pos": [-885.47, 3331.395, 364.954], "rotationMatrix": [-0.522087, -0.852892, 0.0, 0.852892, -0.522087, 0.0, 0.0, 0.0, 1.0], "scale": 1.0, "type": "farmhouse_d"}
{"ctxid": 0, "pos": [-825.904, 3372.697, 364.954], "rotationMatrix": [-0.479909, -0.877318, 0.0, 0.877318, -0.479909, 0.0, 0.0, 0.0, 1.0], "scale": 1.0, "type": "farmhouse_d"}
{"ctxid": 0, "pos": [-736.565, 3013.516, 364.425], "rotationMatrix": [0.782188, -0.623043, 0.0, 0.623043, 0.782188, 0.0, 0.0, 0.0, 1.0], "scale": 1.0, "type": "farmhouse_d"}
{"ctxid": 0, "pos": [-712.655, 3351.956, 364.604], "rotationMatrix": [0.516486, -0.856296, 0.0, 0.856296, 0.516486, 0.0, 0.0, 0.0, 1.0], "scale": 1.0, "type": "farmhouse_d"}
{"ctxid": 0, "pos": [-633.354, 3293.833, 363.99], "rotationMatrix": [-0.843535, -0.537075, 0.0, 0.537075, -0.843535, 0.0, 0.0, 0.0, 1.0], "scale": 1.0, "type": "farmhouse_d"}
{"ctxid": 0, "pos": [-649.882, 3335.624, 363.99], "rotationMatrix": [0.042604, -0.999092, 0.0, 0.999092, 0.042604, 0.0, 0.0, 0.0, 1.0], "scale": 1.0, "type": "farmhouse_d"}
{"ctxid": 0, "pos": [-631.172, 3408.84, 364.604], "rotationMatrix": [0.12287, -0.992423, 0.0, 0.992423, 0.12287, 0.0, 0.0, 0.0, 1.0], "scale": 1.0, "type": "farmhouse_d"}
{"ctxid": 0, "pos": [-576.063, 3404.164, 363.99], "rotationMatrix": [-0.417225, -0.908803, 0.0, 0.908803, -0.417225, 0.0, 0.0, 0.0, 1.0], "scale": 1.0, "type": "farmhouse_d"}
{"ctxid": 0, "pos": [-620.405, 3373.377, 363.99], "rotationMatrix": [0.181394, -0.98341, 0.0, 0.98341, 0.181394, 0.0, 0.0, 0.0, 1.0], "scale": 1.0, "type": "farmhouse_d"}
{"ctxid": 0, "pos": [-657.587, 3304.378, 363.99], "rotationMatrix": [0.70491, -0.709297, 0.0, 0.709297, 0.70491, 0.0, 0.0, 0.0, 1.0], "scale": 1.0, "type": "farmhouse_d"}
{"ctxid": 0, "pos": [-420.473, 3426.309, 363.99], "rotationMatrix": [-0.182576, -0.983192, 0.0, 0.983192, -0.182576, 0.0, 0.0, 0.0, 1.0], "scale": 1.0, "type": "farmhouse_d"}
{"ctxid": 0, "pos": [-355.659, 3327.799, 363.975], "rotationMatrix": [-0.98698, -0.160842, 0.0, 0.160842, -0.98698, 0.0, 0.0, 0.0, 1.0], "scale": 1.0, "type": "farmhouse_d"}
{"ctxid": 0, "pos": [-418.756, 3433.947, 363.99], "rotationMatrix": [0.931171, -0.364582, 0.0, 0.364582, 0.931171, 0.0, 0.0, 0.0, 1.0], "scale": 1.0, "type": "farmhouse_d"}
{"ctxid": 0, "pos": [-759.773, 3276.834, 364.604], "rotationMatrix": [-0.347342, -0.937738, 0.0, 0.937738, -0.347342, 0.0, 0.0, 0.0, 1.0], "scale": 1.0, "type": "farmhouse_d"}
{"ctxid": 0, "pos": [-765.321, 3275.621, 364.604], "rotationMatrix": [0.217809, -0.975991, 0.0, 0.975991, 0.217809, 0.0, 0.0, 0.0, 1.0], "scale": 1.0, "type": "farmhouse_d"}
{"ctxid": 0, "pos": [-778.516, 3278.866, 364.604], "rotationMatrix": [-0.986802, -0.16193, 0.0, 0.16193, -0.986802, 0.0, 0.0, 0.0, 1.0], "scale": 1.0, "type": "farmhouse_d"}
{"ctxid": 0, "pos": [-885.2, 3251.764, 364.604], "rotationMatrix": [0.62518, -0.78048, 0.0, 0.78048, 0.62518, 0.0, 0.0, 0.0, 1.0], "scale": 1.0, "type": "farmhouse_d"}
{"ctxid": 0, "pos": [-1149.719, 3647.562, 382.351], "rotationMatrix": [0.320979, -0.947086, 0.0, 0.947086, 0.320979, 0.0, 0.0, 0.0, 1.0], "scale": 1.0, "type": "farmhouse_d"}
{"ctxid": 0, "pos": [-718.639, 3155.437, 363.975], "rotationMatrix": [-0.741267, -0.671211, 0.0, 0.671211, -0.741267, 0.0, 0.0, 0.0, 1.0], "scale": 1.0, "type": "farmhouse_d"}
{"ctxid": 0, "pos": [-1467.88, 3532.16, 384.277], "rotationMatrix": [-0.019641, -0.999807, 0.0, 0.999807, -0.019641, 0.0, 0.0, 0.0, 1.0], "scale": 1.0, "type": "farmhouse_d"}
{"ctxid": 0, "pos": [-749.967, 3452.226, 364.954], "rotationMatrix": [0.622609, -0.782533, 0.0, 0.782533, 0.622609, 0.0, 0.0, 0.0, 1.0], "scale": 1.0, "type": "farmhouse_d"}
{"ctxid": 0, "pos": [-1266.218, 3578.412, 382.351], "rotationMatrix": [-0.954817, -0.297194, 0.0, 0.297194, -0.954817, 0.0, 0.0, 0.0, 1.0], "scale": 1.0, "type": "farmhouse_d"}
{"ctxid": 0, "pos": [-710.012, 3111.998, 363.975], "rotationMatrix": [0.665443, -0.746449, 0.0, 0.746449, 0.665443, 0.0, 0.0, 0.0, 1.0], "scale": 1.0, "type": "farmhouse_d"}
{"ctxid": 0, "pos": [-654.636, 3201.312, 363.975], "rotationMatrix": [0.973638, -0.228099, 0.0, 0.228099, 0.973638, 0.0, 0.0, 0.0, 1.0], "scale": 1.0, "type": "farmhouse_d"}
{"ctxid": 0, "pos": [-549.767, 3165.167, 363.975], "rotationMatrix": [0.324326, -0.945946, 0.0, 0.945946, 0.324326, 0.0, 0.0, 0.0, 1.0], "scale": 1.0, "type": "farmhouse_d"}
{"ctxid": 0, "pos": [-540.426, 3451.221, 364.604], "rotationMatrix": [-0.208952, -0.977926, 0.0, 0.977926, -0.208952, 0.0, 0.0, 0.0, 1.0], "scale": 1.0, "type": "farmhouse_d"}
{"ctxid": 0, "pos": [-529.894, 3427.539, 363.99], "rotationMatrix": [0.055508, -0.998458, 0.0, 0.998458, 0.055508, 0.0, 0.0, 0.0, 1.0], "scale": 1.0, "type": "farmhouse_d"}
{"ctxid": 0, "pos": [-577.554, 3301.785, 363.99], "rotationMatrix": [-0.948314, -0.317334, 0.0, 0.317334, -0.948314, 0.0, 0.0, 0.0, 1.0], "scale": 1.0, "type": "farmhouse_d"}
{"ctxid": 0, "pos": [-604.162, 3358.953, 363.99], "rotationMatrix": [0.669888, -0.742462, 0.0, 0.742462, 0.669888, 0.0, 0.0, 0.0, 1.0], "scale": 1.0, "type": "farmhouse_d"}
{"ctxid": 0, "pos": [-564.255, 3307.69, 363.99], "rotationMatrix": [0.28061, -0.959822, 0.0, 0.959822, 0.28061, 0.0, 0.0, 0.0, 1.0], "scale": 1.0, "type": "farmhouse_d"}
{"ctxid": 0, "pos": [-597.312, 3367.103, 363.99], "rotationMatrix": [0.980562, -0.196208, 0.0, 0.196208, 0.980562, 0.0, 0.0, 0.0, 1.0], "scale": 1.0, "type": "farmhouse_d"}
{"ctxid": 0, "pos": [92.808, 3301.025, 364.425], "rotationMatrix": [0.242678, -0.970107, 0.0, 0.970107, 0.242678, 0.0, 0.0, 0.0, 1.0], "scale": 1.0, "type": "farmhouse_d"}
{"ctxid": 0, "pos": [326.13, 3957.841, 363.99], "rotationMatrix": [-0.985748, -0.168228, 0.0, 0.168228, -0.985748, 0.0, 0.0, 0.0, 1.0], "scale": 1.0, "type": "farmhouse_d"}
{"ctxid": 0, "pos": [-276.123, 3714.367, 364.604], "rotationMatrix": [0.154857, -0.987937, 0.0, 0.987937, 0.154857, 0.0, 0.0, 0.0, 1.0], "scale": 1.0, "type": "farmhouse_d"}
{"ctxid": 0, "pos": [-911.471, 3486.004, 365.67], "rotationMatrix": [-0.444423, -0.895817, 0.0, 0.895817, -0.444423, 0.0, 0.0, 0.0, 1.0], "scale": 1.0, "type": "farmhouse_d"}
{"ctxid": 0, "pos": [-917.294, 3481.242, 365.67], "rotationMatrix": [-0.17587, -0.984413, 0.0, 0.984413, -0.17587, 0.0, 0.0, 0.0, 1.0], "scale": 1.0, "type": "farmhouse_d"}
{"ctxid": 0, "pos": [432.161, -391.996, 12.255], "rotationMatrix": [-0.015045, -0.999887, 0.0, 0.999887, -0.015045, 0.0, 0.0, 0.0, 1.0], "scale": 1.0, "type": "farmhouse_d"}
{"ctxid": 0, "pos": [423.093, -406.667, 10.35], "rotationMatrix": [-0.741022, -0.671481, 0.0, 0.671481, -0.741022, 0.0, 0.0, 0.0, 1.0], "scale": 1.0, "type": "farmhouse_d"}
{"ctxid": 0, "pos": [527.424, -335.264, 20.751], "rotationMatrix": [0.971214, -0.238207, 0.0, 0.238207, 0.971214, 0.0, 0.0, 0.0, 1.0], "scale": 1.0, "type": "farmhouse_d"}
{"ctxid": 0, "pos": [524.679, -291.533, 22.93], "rotationMatrix": [-0.897596, -0.44082, 0.0, 0.44082, -0.897596, 0.0, 0.0, 0.0, 1.0], "scale": 1.0, "type": "farmhouse_d"}
{"ctxid": 0, "pos": [499.423, -40.523, 54.177], "rotationMatrix": [0.467495, -0.883996, 0.0, 0.883996, 0.467495, 0.0, 0.0, 0.0, 1.0], "scale": 1.0, "type": "farmhouse_d"}
{"ctxid": 0, "pos": [478.817, -37.935, 54.589], "rotationMatrix": [-0.865986, -0.500067, 0.0, 0.500067, -0.865986, 0.0, 0.0, 0.0, 1.0], "scale": 1.0, "type": "farmhouse_d"}
{"ctxid": 0, "pos": [637.092, 256.033, 38.946], "rotationMatrix": [-0.481466, -0.876465, 0.0, 0.876465, -0.481466, 0.0, 0.0, 0.0, 1.0], "scale": 1.0, "type": "farmhouse_d"}
{"ctxid": 0, "pos": [640.088, 247.91, 37.187], "rotationMatrix": [0.048397, -0.998828, 0.0, 0.998828, 0.048397, 0.0, 0.0, 0.0, 1.0], "scale": 1.0, "type": "farmhouse_d"}
{"ctxid": 0, "pos": [919.143, 233.034, 73.328], "rotationMatrix": [-0.331857, -0.94333, 0.0, 0.94333, -0.331857, 0.0, 0.0, 0.0, 1.0], "scale": 1.0, "type": "farmhouse_d"}
{"ctxid": 0, "pos": [973.742, 253.346, 73.328], "rotationMatrix": [0.248137, -0.968725, 0.0, 0.968725, 0.248137, 0.0, 0.0, 0.0, 1.0], "scale": 1.0, "type": "farmhouse_d"}
{"ctxid": 0, "pos": [948.519, 229.232, 71.303], "rotationMatrix": [0.821853, -0.5697, 0.0, 0.5697, 0.821853, 0.0, 0.0, 0.0, 1.0], "scale": 1.0, "type": "farmhouse_d"}
{"ctxid": 0, "pos": [927.869, 212.952, 71.303], "rotationMatrix": [0.656274, -0.754523, 0.0, 0.754523, 0.656274, 0.0, 0.0, 0.0, 1.0], "scale": 1.0, "type": "farmhouse_d"}
{"ctxid": 0, "pos": [167.135, 4392.026, 364.954], "rotationMatrix": [0.386938, -0.922106, 0.0, 0.922106, 0.386938, 0.0, 0.0, 0.0, 1.0], "scale": 1.0, "type": "farmhouse_d"}
{"ctxid": 0, "pos": [463.769, 5093.933, 384.277], "rotationMatrix": [0.59692, -0.802301, 0.0, 0.802301, 0.59692, 0.0, 0.0, 0.0, 1.0], "scale": 1.0, "type": "farmhouse_d"}
{"ctxid": 0, "pos": [882.153, 5130.043, 364.954], "rotationMatrix": [-0.866242, -0.499625, 0.0, 0.499625, -0.866242, 0.0, 0.0, 0.0, 1.0], "scale": 1.0, "type": "farmhouse_d"}
{"ctxid": 0, "pos": [680.45, 5048.709, 365.289], "rotationMatrix": [0.831203, -0.555969, 0.0, 0.555969, 0.831203, 0.0, 0.0, 0.0, 1.0], "scale": 1.0, "type": "farmhouse_d"}
{"ctxid": 0, "pos": [-522.872, 3256.533, 363.975], "rotationMatrix": [0.803132, -0.595801, 0.0, 0.595801, 0.803132, 0.0, 0.0, 0.0, 1.0], "scale": 1.0, "type": "farmhouse_d"}
{"ctxid": 0, "pos": [-928.98, 3372.38, 365.289], "rotationMatrix": [0.638599, -0.76954, 0.0, 0.76954, 0.638599, 0.0, 0.0, 0.0, 1.0], "scale": 1.0, "type": "farmhouse_d"}
{"ctxid": 0, "pos": [-886.001, 3303.083, 364.954], "rotationMatrix": [-0.262166, -0.965023, 0.0, 0.965023, -0.262166, 0.0, 0.0, 0.0, 1.0], "scale": 1.0, "type": "farmhouse_d"}
{"ctxid": 0, "pos": [-894.014, 3305.528, 364.954], "rotationMatrix": [-0.520852, -0.853647, 0.0, 0.853647, -0.520852, 0.0, 0.0, 0.0, 1.0], "scale": 1.0, "type": "farmhouse_d"}
{"ctxid": 0, "pos": [-1001.865, 212.562, 210.65], "rotationMatrix": [0.050035, -0.998747, 0.0, 0.998747, 0.050035, 0.0, 0.0, 0.0, 1.0], "scale": 1.0, "type": "farmhouse_d"}
{"ctxid": 0, "pos": [-520.163, 791.768, 203.374], "rotationMatrix": [0.639438, -0.768843, 0.0, 0.768843, 0.639438, 0.0, 0.0, 0.0, 1.0], "scale": 1.0, "type": "farmhouse_d"}
{"ctxid": 0, "pos": [-56.793, 902.776, 172.279], "rotationMatrix": [0.965211, -0.261474, 0.0, 0.261474, 0.965211, 0.0, 0.0, 0.0, 1.0], "scale": 1.0, "type": "farmhouse_d"}
{"ctxid": 0, "pos": [-885.921, 3278.806, 364.954], "rotationMatrix": [-0.14082, -0.990035, 0.0, 0.990035, -0.14082, 0.0, 0.0, 0.0, 1.0], "scale": 1.0, "type": "farmhouse_d"}
{"ctxid": 0, "pos": [-889.311, 3268.425, 364.954], "rotationMatrix": [0.416697, -0.909045, 0.0, 0.909045, 0.416697, 0.0, 0.0, 0.0, 1.0], "scale": 1.0, "type": "farmhouse_d"}
{"ctxid": 0, "pos": [-914.465, 3288.421, 364.954], "rotationMatrix": [0.66887, -0.74338, 0.0, 0.74338, 0.66887, 0.0, 0.0, 0.0, 1.0], "scale": 1.0, "type": "farmhouse_d"}
{"ctxid": 0, "pos": [-914.708, 3300.677, 364.954], "rotationMatrix": [-0.794494, -0.607272, 0.0, 0.607272, -0.794494, 0.0, 0.0, 0.0, 1.0], "scale": 1.0, "type": "farmhouse_d"}
{"ctxid": 0, "pos": [-853.162, 3259.819, 364.604], "rotationMatrix": [0.921292, -0.388872, 0.0, 0.388872, 0.921292, 0.0, 0.0, 0.0, 1.0], "scale": 1.0, "type": "farmhouse_d"}
{"ctxid": 0, "pos": [-865.092, 3256.792, 364.604], "rotationMatrix": [0.445184, -0.895439, 0.0, 0.895439, 0.445184, 0.0, 0.0, 0.0, 1.0], "scale": 1.0, "type": "farmhouse_d"}
{"ctxid": 0, "pos": [-867.613, 3291.665, 364.954], "rotationMatrix": [-0.986023, -0.166608, 0.0, 0.166608, -0.986023, 0.0, 0.0, 0.0, 1.0], "scale": 1.0, "type": "farmhouse_d"}
{"ctxid": 0, "pos": [-875.042, 3291.084, 364.954], "rotationMatrix": [0.186055, -0.982539, 0.0, 0.982539, 0.186055, 0.0, 0.0, 0.0, 1.0], "scale": 1.0, "type": "farmhouse_d"}
{"ctxid": 0, "pos": [-872.561, 3281.845, 364.954], "rotationMatrix": [0.021186, -0.999776, 0.0, 0.999776, 0.021186, 0.0, 0.0, 0.0, 1.0], "scale": 1.0, "type": "farmhouse_d"}
{"ctxid": 0, "pos": [-862.492, 3415.195, 365.289], "rotationMatrix": [-0.221558, -0.975147, 0.0, 0.975147, -0.221558, 0.0, 0.0, 0.0, 1.0], "scale": 1.0, "type": "farmhouse_d"}
{"ctxid": 0, "pos": [-859.108, 3431.316, 365.289], "rotationMatrix": [0.949512, -0.313731, 0.0, 0.313731, 0.949512, 0.0, 0.0, 0.0, 1.0], "scale": 1.0, "type": "farmhouse_d"}
{"ctxid": 0, "pos": [-855.353, 3357.227, 364.954], "rotationMatrix": [0.927046, -0.374947, 0.0, 0.374947, 0.927046, 0.0, 0.0, 0.0, 1.0], "scale": 1.0, "type": "farmhouse_d"}
{"ctxid": 0, "pos": [-689.309, 3263.58, 363.99], "rotationMatrix": [-0.870722, -0.491775, 0.0, 0.491775, -0.870722, 0.0, 0.0, 0.0, 1.0], "scale": 1.0, "type": "farmhouse_d"}
{"ctxid": 0, "pos": [-749.274, 3171.475, 363.99], "rotationMatrix": [-0.228877, -0.973455, 0.0, 0.973455, -0.228877, 0.0, 0.0, 0.0, 1.0], "scale": 1.0, "type": "farmhouse_d"}
{"ctxid": 0, "pos": [-788.547, 3196.147, 363.99], "rotationMatrix": [0.233818, -0.97228, 0.0, 0.97228, 0.233818, 0.0, 0.0, 0.0, 1.0], "scale": 1.0, "type": "farmhouse_d"}
{"ctxid": 0, "pos": [-790.882, 3158.398, 363.99], "rotationMatrix": [0.515409, -0.856944, 0.0, 0.856944, 0.515409, 0.0, 0.0, 0.0, 1.0], "scale": 1.0, "type": "farmhouse_d"}
{"ctxid": 0, "pos": [-785.602, 3177.886, 363.99], "rotationMatrix": [0.884082, -0.467331, 0.0, 0.467331, 0.884082, 0.0, 0.0, 0.0, 1.0], "scale": 1.0, "type": "farmhouse_d"}
{"ctxid": 0, "pos": [-783.458, 3203.036, 363.99], "rotationMatrix": [0.185614, -0.982623, 0.0, 0.982623, 0.185614, 0.0, 0.0, 0.0, 1.0], "scale": 1.0, "type": "farmhouse_d"}
{"ctxid": 0, "pos": [-789.112, 3183.449, 363.99], "rotationMatrix": [0.68119, -0.732106, 0.0, 0.732106, 0.68119, 0.0, 0.0, 0.0, 1.0], "scale": 1.0, "type": "farmhouse_d"}
{"ctxid": 0, "pos": [-728.286, 3218.338, 363.99], "rotationMatrix": [-0.832874, -0.553463, 0.0, 0.553463, -0.832874, 0.0, 0.0, 0.0, 1.0], "scale": 1.0, "type": "farmhouse_d"}
{"ctxid": 0, "pos": [-579.78, 3241.78, 363.975], "rotationMatrix": [0.741383, -0.671083, 0.0, 0.671083, 0.741383, 0.0, 0.0, 0.0, 1.0], "scale": 1.0, "type": "farmhouse_d"}
{"ctxid": 0, "pos": [-825.277, 3151.034, 363.99], "rotationMatrix": [0.08213, -0.996622, 0.0, 0.996622, 0.08213, 0.0, 0.0, 0.0, 1.0], "scale": 1.0, "type": "farmhouse_d"}
{"ctxid": 0, "pos": [-860.586, 3157.715, 363.99], "rotationMatrix": [-0.946661, -0.322232, 0.0, 0.322232, -0.946661, 0.0, 0.0, 0.0, 1.0], "scale": 1.0, "type": "farmhouse_d"}
{"ctxid": 0, "pos": [-854.473, 3165.601, 363.99], "rotationMatrix": [0.732827, -0.680415, 0.0, 0.680415, 0.732827, 0.0, 0.0, 0.0, 1.0], "scale": 1.0, "type": "farmhouse_d"}
{"ctxid": 0, "pos": [-1322.412, 3647.375, 384.277], "rotationMatrix": [0.242112, -0.970248, 0.0, 0.970248, 0.242112, 0.0, 0.0, 0.0, 1.0], "scale": 1.0, "type": "farmhouse_d"}
{"ctxid": 0, "pos": [-1201.127, 3739.926, 384.277], "rotationMatrix": [-0.369669, -0.929164, 0.0, 0.929164, -0.369669, 0.0, 0.0, 0.0, 1.0], "scale": 1.0, "type": "farmhouse_d"}
{"ctxid": 0, "pos": [-844.306, 1665.292, 318.379], "rotationMatrix": [0.999834, -0.018204, 0.0, 0.018204, 0.999834, 0.0, 0.0, 0.0, 1.0], "scale": 1.0, "type": "farmhouse_d"}
