{"ctxid": 0, "pos": [2010.725, -2867.611, 244.404], "rotationMatrix": [-0.573432, -0.819253, 0.0, 0.819253, -0.573432, 0.0, 0.0, 0.0, 1.0], "scale": 0.835, "type": "farmhouse_f"}
{"ctxid": 0, "pos": [1135.469, -1816.969, 178.184], "rotationMatrix": [0.999968, 0.007941, 0.0, -0.007941, 0.999968, 0.0, 0.0, 0.0, 1.0], "scale": 0.826, "type": "farmhouse_f"}
{"ctxid": 0, "pos": [276.329, 130.306, 101.916], "rotationMatrix": [0.317276, 0.948333, 0.0, -0.948333, 0.317276, 0.0, 0.0, 0.0, 1.0], "scale": 0.905, "type": "farmhouse_f"}
{"ctxid": 0, "pos": [-3033.364, 3785.432, 507.354], "rotationMatrix": [-0.713016, -0.701148, 0.0, 0.701148, -0.713016, 0.0, 0.0, 0.0, 1.0], "scale": 0.805, "type": "farmhouse_f"}
{"ctxid": 0, "pos": [2938.885, 1946.691, 75.236], "rotationMatrix": [0.873555, -0.486725, 0.0, 0.486725, 0.873555, 0.0, 0.0, 0.0, 1.0], "scale": 1.0, "type": "farmhouse_f"}
{"ctxid": 0, "pos": [2280.212, 360.94, 71.303], "rotationMatrix": [-0.957472, -0.288525, 0.0, 0.288525, -0.957472, 0.0, 0.0, 0.0, 1.0], "scale": 1.0, "type": "farmhouse_f"}
{"ctxid": 0, "pos": [-3441.451, 4710.38, 629.274], "rotationMatrix": [0.998996, -0.04481, 0.0, 0.04481, 0.998996, 0.0, 0.0, 0.0, 1.0], "scale": 1.0, "type": "farmhouse_f"}
{"ctxid": 0, "pos": [-3699.359, 4741.516, 593.735], "rotationMatrix": [-0.918369, -0.395726, 0.0, 0.395726, -0.918369, 0.0, 0.0, 0.0, 1.0], "scale": 1.0, "type": "farmhouse_f"}
{"ctxid": 0, "pos": [-3681.994, 4803.09, 600.279], "rotationMatrix": [-0.590045, -0.80737, 0.0, 0.80737, -0.590045, 0.0, 0.0, 0.0, 1.0], "scale": 1.0, "type": "farmhouse_f"}
{"ctxid": 0, "pos": [-3200.145, 776.367, 319.36], "rotationMatrix": [0.9999, -0.01415, 0.0, 0.01415, 0.9999, 0.0, 0.0, 0.0, 1.0], "scale": 1.0, "type": "farmhouse_f"}
{"ctxid": 0, "pos": [-3218.299, 825.566, 366.915], "rotationMatrix": [0.9195, -0.39309, 0.0, 0.39309, 0.9195, 0.0, 0.0, 0.0, 1.0], "scale": 1.0, "type": "farmhouse_f"}
{"ctxid": 0, "pos": [-3428.261, 818.957, 366.915], "rotationMatrix": [-0.825413, -0.564529, 0.0, 0.564529, -0.825413, 0.0, 0.0, 0.0, 1.0], "scale": 1.0, "type": "farmhouse_f"}
{"ctxid": 0, "pos": [-3400.779, 796.535, 366.915], "rotationMatrix": [0.654115, -0.756395, 0.0, 0.756395, 0.654115, 0.0, 0.0, 0.0, 1.0], "scale": 1.0, "type": "farmhouse_f"}
{"ctxid": 0, "pos": [-3332.64, 761.796, 366.915], "rotationMatrix": [0.562988, -0.826465, 0.0, 0.826465, 0.562988, 0.0, 0.0, 0.0, 1.0], "scale": 1.0, "type": "farmhouse_f"}
{"ctxid": 0, "pos": [-3113.847, 767.697, 316.872], "rotationMatrix": [0.578967, -0.815351, 0.0, 0.815351, 0.578967, 0.0, 0.0, 0.0, 1.0], "scale": 1.0, "type": "farmhouse_f"}
{"ctxid": 0, "pos": [-3181.105, 787.268, 319.36], "rotationMatrix": [-0.217644, -0.976028, 0.0, 0.976028, -0.217644, 0.0, 0.0, 0.0, 1.0], "scale": 1.0, "type": "farmhouse_f"}
{"ctxid": 0, "pos": [-3070.92, 718.972, 316.872], "rotationMatrix": [-0.004937, -0.999988, 0.0, 0.999988, -0.004937, 0.0, 0.0, 0.0, 1.0], "scale": 1.0, "type": "farmhouse_f"}
{"ctxid": 0, "pos": [-3074.865, 741.923, 316.872], "rotationMatrix": [0.999696, -0.024636, 0.0, 0.024636, 0.999696, 0.0, 0.0, 0.0, 1.0], "scale": 1.0, "type": "farmhouse_f"}
{"ctxid": 0, "pos": [-3071.879, 731.864, 316.872], "rotationMatrix": [-0.171893, -0.985116, 0.0, 0.985116, -0.171893, 0.0, 0.0, 0.0, 1.0], "scale": 1.0, "type": "farmhouse_f"}
{"ctxid": 0, "pos": [-2990.428, 689.425, 316.872], "rotationMatrix": [-0.967239, -0.253866, 0.0, 0.253866, -0.967239, 0.0, 0.0, 0.0, 1.0], "scale": 1.0, "type": "farmhouse_f"}
{"ctxid": 0, "pos": [-3363.976, 770.334, 366.915], "rotationMatrix": [-0.835175, -0.549984, 0.0, 0.549984, -0.835175, 0.0, 0.0, 0.0, 1.0], "scale": 1.0, "type": "farmhouse_f"}
{"ctxid": 0, "pos": [-3049.707, 775.544, 316.872], "rotationMatrix": [0.659538, -0.751671, 0.0, 0.751671, 0.659538, 0.0, 0.0, 0.0, 1.0], "scale": 1.0, "type": "farmhouse_f"}
{"ctxid": 0, "pos": [-3052.852, 896.132, 366.915], "rotationMatrix": [-0.425275, -0.905064, 0.0, 0.905064, -0.425275, 0.0, 0.0, 0.0, 1.0], "scale": 1.0, "type": "farmhouse_f"}
{"ctxid": 0, "pos": [-3018.938, 877.907, 319.36], "rotationMatrix": [-0.573725, -0.819048, 0.0, 0.819048, -0.573725, 0.0, 0.0, 0.0, 1.0], "scale": 1.0, "type": "farmhouse_f"}
{"ctxid": 0, "pos": [-3050.851, 863.035, 319.36], "rotationMatrix": [-0.207662, -0.978201, 0.0, 0.978201, -0.207662, 0.0, 0.0, 0.0, 1.0], "scale": 1.0, "type": "farmhouse_f"}
{"ctxid": 0, "pos": [-3087.723, 842.278, 319.36], "rotationMatrix": [-0.066854, -0.997763, 0.0, 0.997763, -0.066854, 0.0, 0.0, 0.0, 1.0], "scale": 1.0, "type": "farmhouse_f"}
{"ctxid": 0, "pos": [-3499.3, 570.078, 316.872], "rotationMatrix": [-0.733933, -0.679222, 0.0, 0.679222, -0.733933, 0.0, 0.0, 0.0, 1.0], "scale": 1.0, "type": "farmhouse_f"}
{"ctxid": 0, "pos": [-3529.456, 525.057, 316.872], "rotationMatrix": [-0.989891, -0.141827, 0.0, 0.141827, -0.989891, 0.0, 0.0, 0.0, 1.0], "scale": 1.0, "type": "farmhouse_f"}
{"ctxid": 0, "pos": [-3638.409, 513.532, 316.872], "rotationMatrix": [-0.874105, -0.485737, 0.0, 0.485737, -0.874105, 0.0, 0.0, 0.0, 1.0], "scale": 1.0, "type": "farmhouse_f"}
{"ctxid": 0, "pos": [-3402.511, 508.056, 316.872], "rotationMatrix": [-0.881704, -0.471803, 0.0, 0.471803, -0.881704, 0.0, 0.0, 0.0, 1.0], "scale": 1.0, "type": "farmhouse_f"}
{"ctxid": 0, "pos": [-3431.281, 398.805, 316.872], "rotationMatrix": [0.973826, -0.227296, 0.0, 0.227296, 0.973826, 0.0, 0.0, 0.0, 1.0], "scale": 1.0, "type": "farmhouse_f"}
{"ctxid": 0, "pos": [-2866.551, 1123.66, 366.915], "rotationMatrix": [-0.955313, -0.295595, 0.0, 0.295595, -0.955313, 0.0, 0.0, 0.0, 1.0], "scale": 1.0, "type": "farmhouse_f"}
{"ctxid": 0, "pos": [-3212.525, 733.412, 316.872], "rotationMatrix": [0.418193, -0.908358, 0.0, 0.908358, 0.418193, 0.0, 0.0, 0.0, 1.0], "scale": 1.0, "type": "farmhouse_f"}
{"ctxid": 0, "pos": [-3275.883, 674.908, 316.872], "rotationMatrix": [0.714463, -0.699674, 0.0, 0.699674, 0.714463, 0.0, 0.0, 0.0, 1.0], "scale": 1.0, "type": "farmhouse_f"}
{"ctxid": 0, "pos": [-3275.091, 516.725, 316.872], "rotationMatrix": [0.815157, -0.579241, 0.0, 0.579241, 0.815157, 0.0, 0.0, 0.0, 1.0], "scale": 1.0, "type": "farmhouse_f"}
{"ctxid": 0, "pos": [-3243.511, 508.344, 316.872], "rotationMatrix": [-0.744371, -0.667766, 0.0, 0.667766, -0.744371, 0.0, 0.0, 0.0, 1.0], "scale": 1.0, "type": "farmhouse_f"}
{"ctxid": 0, "pos": [-3167.315, 1114.951, 366.915], "rotationMatrix": [0.823389, -0.567477, 0.0, 0.567477, 0.823389, 0.0, 0.0, 0.0, 1.0], "scale": 1.0, "type": "farmhouse_f"}
{"ctxid": 0, "pos": [-2875.049, 627.373, 316.872], "rotationMatrix": [-0.240481, -0.970654, 0.0, 0.970654, -0.240481, 0.0, 0.0, 0.0, 1.0], "scale": 1.0, "type": "farmhouse_f"}
{"ctxid": 0, "pos": [-3058.152, 863.185, 319.36], "rotationMatrix": [-0.398171, -0.917311, 0.0, 0.917311, -0.398171, 0.0, 0.0, 0.0, 1.0], "scale": 1.0, "type": "farmhouse_f"}
{"ctxid": 0, "pos": [-2991.401, 804.165, 316.872], "rotationMatrix": [0.016006, -0.999872, 0.0, 0.999872, 0.016006, 0.0, 0.0, 0.0, 1.0], "scale": 1.0, "type": "farmhouse_f"}
{"ctxid": 0, "pos": [-3839.637, 627.284, 366.915], "rotationMatrix": [0.678398, -0.734694, 0.0, 0.734694, 0.678398, 0.0, 0.0, 0.0, 1.0], "scale": 1.0, "type": "farmhouse_f"}
{"ctxid": 0, "pos": [-3551.397, 584.236, 316.872], "rotationMatrix": [-0.623552, -0.781782, 0.0, 0.781782, -0.623552, 0.0, 0.0, 0.0, 1.0], "scale": 1.0, "type": "farmhouse_f"}
{"ctxid": 0, "pos": [3780.956, 3438.499, 76.729], "rotationMatrix": [-0.928732, -0.370752, 0.0, 0.370752, -0.928732, 0.0, 0.0, 0.0, 1.0], "scale": 1.0, "type": "farmhouse_f"}
{"ctxid": 0, "pos": [3754.005, 3279.432, 76.729], "rotationMatrix": [-0.916797, -0.399353, 0.0, 0.399353, -0.916797, 0.0, 0.0, 0.0, 1.0], "scale": 1.0, "type": "farmhouse_f"}
{"ctxid": 0, "pos": [3889.423, 3488.589, 76.729], "rotationMatrix": [0.259899, -0.965636, 0.0, 0.965636, 0.259899, 0.0, 0.0, 0.0, 1.0], "scale": 1.0, "type": "farmhouse_f"}
{"ctxid": 0, "pos": [3678.276, -4703.563, 67.681], "rotationMatrix": [-0.946749, -0.321972, 0.0, 0.321972, -0.946749, 0.0, 0.0, 0.0, 1.0], "scale": 1.0, "type": "farmhouse_f"}
{"ctxid": 0, "pos": [3732.348, -4789.724, 67.681], "rotationMatrix": [0.86662, -0.498968, 0.0, 0.498968, 0.86662, 0.0, 0.0, 0.0, 1.0], "scale": 1.0, "type": "farmhouse_f"}
{"ctxid": 0, "pos": [2542.281, -3670.401, 173.925], "rotationMatrix": [0.728395, -0.685157, 0.0, 0.685157, 0.728395, 0.0, 0.0, 0.0, 1.0], "scale": 1.0, "type": "farmhouse_f"}
{"ctxid": 0, "pos": [2234.029, -3688.802, 210.508], "rotationMatrix": [-0.969878, -0.243592, 0.0, 0.243592, -0.969878, 0.0, 0.0, 0.0, 1.0], "scale": 1.0, "type": "farmhouse_f"}
{"ctxid": 0, "pos": [2085.307, -3524.182, 218.438], "rotationMatrix": [-0.845897, -0.533346, 0.0, 0.533346, -0.845897, 0.0, 0.0, 0.0, 1.0], "scale": 1.0, "type": "farmhouse_f"}
{"ctxid": 0, "pos": [1973.899, -3468.577, 245.891], "rotationMatrix": [0.649227, -0.760595, 0.0, 0.760595, 0.649227, 0.0, 0.0, 0.0, 1.0], "scale": 1.0, "type": "farmhouse_f"}
{"ctxid": 0, "pos": [1354.793, -3169.09, 246.304], "rotationMatrix": [0.142293, -0.989825, 0.0, 0.989825, 0.142293, 0.0, 0.0, 0.0, 1.0], "scale": 1.0, "type": "farmhouse_f"}
{"ctxid": 0, "pos": [1288.471, -2955.53, 245.359], "rotationMatrix": [-0.820431, -0.571745, 0.0, 0.571745, -0.820431, 0.0, 0.0, 0.0, 1.0], "scale": 1.0, "type": "farmhouse_f"}
{"ctxid": 0, "pos": [1502.649, -2745.252, 272.882], "rotationMatrix": [-0.879156, -0.476534, 0.0, 0.476534, -0.879156, 0.0, 0.0, 0.0, 1.0], "scale": 1.0, "type": "farmhouse_f"}
{"ctxid": 0, "pos": [714.935, -161.01, 34.503], "rotationMatrix": [0.307151, -0.951661, 0.0, 0.951661, 0.307151, 0.0, 0.0, 0.0, 1.0], "scale": 1.0, "type": "farmhouse_f"}
{"ctxid": 0, "pos": [462.991, -280.944, 23.335], "rotationMatrix": [-0.998258, -0.059001, 0.0, 0.059001, -0.998258, 0.0, 0.0, 0.0, 1.0], "scale": 1.0, "type": "farmhouse_f"}
{"ctxid": 0, "pos": [476.891, -280.986, 22.65], "rotationMatrix": [-0.980957, 0.194223, 0.0, -0.194223, -0.980957, 0.0, 0.0, 0.0, 1.0], "scale": 1.0, "type": "farmhouse_f"}
{"ctxid": 0, "pos": [162.54, -895.134, -0.389], "rotationMatrix": [0.890755, -0.454483, 0.0, 0.454483, 0.890755, 0.0, 0.0, 0.0, 1.0], "scale": 1.0, "type": "farmhouse_f"}
{"ctxid": 0, "pos": [-1527.446, -1991.581, -1.074], "rotationMatrix": [-0.27357, -0.961852, 0.0, 0.961852, -0.27357, 0.0, 0.0, 0.0, 1.0], "scale": 1.0, "type": "farmhouse_f"}
{"ctxid": 0, "pos": [-674.339, -2236.4, 61.054], "rotationMatrix": [0.869762, -0.493471, 0.0, 0.493471, 0.869762, 0.0, 0.0, 0.0, 1.0], "scale": 1.0, "type": "farmhouse_f"}
{"ctxid": 0, "pos": [-1548.654, -2688.229, 58.994], "rotationMatrix": [0.653088, -0.757282, 0.0, 0.757282, 0.653088, 0.0, 0.0, 0.0, 1.0], "scale": 1.0, "type": "farmhouse_f"}
{"ctxid": 0, "pos": [3194.337, -3219.627, 136.142], "rotationMatrix": [-0.88226, -0.470762, 0.0, 0.470762, -0.88226, 0.0, 0.0, 0.0, 1.0], "scale": 1.0, "type": "farmhouse_f"}
{"ctxid": 0, "pos": [3591.433, -4426.89, 72.29], "rotationMatrix": [-0.562335, -0.826909, 0.0, 0.826909, -0.562335, 0.0, 0.0, 0.0, 1.0], "scale": 1.0, "type": "farmhouse_f"}
{"ctxid": 0, "pos": [3483.733, -4288.031, 75.551], "rotationMatrix": [0.889697, -0.456552, 0.0, 0.456552, 0.889697, 0.0, 0.0, 0.0, 1.0], "scale": 1.0, "type": "farmhouse_f"}
{"ctxid": 0, "pos": [3510.038, -4303.731, 75.359], "rotationMatrix": [0.604987, -0.796236, 0.0, 0.796236, 0.604987, 0.0, 0.0, 0.0, 1.0], "scale": 1.0, "type": "farmhouse_f"}
{"ctxid": 0, "pos": [3393.522, -4341.644, 75.088], "rotationMatrix": [0.88778, -0.460267, 0.0, 0.460267, 0.88778, 0.0, 0.0, 0.0, 1.0], "scale": 1.0, "type": "farmhouse_f"}
{"ctxid": 0, "pos": [3050.282, -3360.842, 129.993], "rotationMatrix": [-0.518665, -0.854977, 0.0, 0.854977, -0.518665, 0.0, 0.0, 0.0, 1.0], "scale": 1.0, "type": "farmhouse_f"}
{"ctxid": 0, "pos": [-858.171, 3345.871, 364.954], "rotationMatrix": [-0.985849, -0.167636, 0.0, 0.167636, -0.985849, 0.0, 0.0, 0.0, 1.0], "scale": 1.0, "type": "farmhouse_f"}
{"ctxid": 0, "pos": [-535.636, 820.173, 207.021], "rotationMatrix": [0.357564, -0.933888, 0.0, 0.933888, 0.357564, 0.0, 0.0, 0.0, 1.0], "scale": 1.0, "type": "farmhouse_f"}
{"ctxid": 0, "pos": [-533.388, 3365.666, 363.99], "rotationMatrix": [0.081947, -0.996637, 0.0, 0.996637, 0.081947, 0.0, 0.0, 0.0, 1.0], "scale": 1.0, "type": "farmhouse_f"}
{"ctxid": 0, "pos": [-454.973, 3331.341, 363.975], "rotationMatrix": [0.826577, -0.562824, 0.0, 0.562824, 0.826577, 0.0, 0.0, 0.0, 1.0], "scale": 1.0, "type": "farmhouse_f"}
{"ctxid": 0, "pos": [-794.211, 3297.797, 364.604], "rotationMatrix": [0.469182, -0.883101, 0.0, 0.883101, 0.469182, 0.0, 0.0, 0.0, 1.0], "scale": 1.0, "type": "farmhouse_f"}
{"ctxid": 0, "pos": [-806.024, 3340.033, 364.954], "rotationMatrix": [0.970667, -0.240429, 0.0, 0.240429, 0.970667, 0.0, 0.0, 0.0, 1.0], "scale": 1.0, "type": "farmhouse_f"}
{"ctxid": 0, "pos": [-834.992, 3321.169, 364.954], "rotationMatrix": [0.123546, -0.992339, 0.0, 0.992339, 0.123546, 0.0, 0.0, 0.0, 1.0], "scale": 1.0, "type": "farmhouse_f"}
{"ctxid": 0, "pos": [-875.864, 3332.754, 364.954], "rotationMatrix": [0.185815, -0.982585, 0.0, 0.982585, 0.185815, 0.0, 0.0, 0.0, 1.0], "scale": 1.0, "type": "farmhouse_f"}
{"ctxid": 0, "pos": [-535.719, 3271.566, 363.975], "rotationMatrix": [0.399317, -0.916813, 0.0, 0.916813, 0.399317, 0.0, 0.0, 0.0, 1.0], "scale": 1.0, "type": "farmhouse_f"}
{"ctxid": 0, "pos": [-865.456, 3367.444, 364.954], "rotationMatrix": [0.978232, -0.207514, 0.0, 0.207514, 0.978232, 0.0, 0.0, 0.0, 1.0], "scale": 1.0, "type": "farmhouse_f"}
{"ctxid": 0, "pos": [-600.585, 3205.453, 363.975], "rotationMatrix": [-0.09786, -0.9952, 0.0, 0.9952, -0.09786, 0.0, 0.0, 0.0, 1.0], "scale": 1.0, "type": "farmhouse_f"}
{"ctxid": 0, "pos": [-829.681, 3448.88, 365.289], "rotationMatrix": [0.252813, -0.967515, 0.0, 0.967515, 0.252813, 0.0, 0.0, 0.0, 1.0], "scale": 1.0, "type": "farmhouse_f"}
{"ctxid": 0, "pos": [-714.451, 3005.412, 364.425], "rotationMatrix": [-0.955147, -0.296134, 0.0, 0.296134, -0.955147, 0.0, 0.0, 0.0, 1.0], "scale": 1.0, "type": "farmhouse_f"}
{"ctxid": 0, "pos": [-789.575, 2983.076, 364.425], "rotationMatrix": [-0.053467, -0.99857, 0.0, 0.99857, -0.053467, 0.0, 0.0, 0.0, 1.0], "scale": 1.0, "type": "farmhouse_f"}
{"ctxid": 0, "pos": [-502.283, 2928.73, 364.796], "rotationMatrix": [-0.835744, -0.54912, 0.0, 0.54912, -0.835744, 0.0, 0.0, 0.0, 1.0], "scale": 1.0, "type": "farmhouse_f"}
{"ctxid": 0, "pos": [-140.005, 3343.839, 364.425], "rotationMatrix": [0.176589, -0.984285, 0.0, 0.984285, 0.176589, 0.0, 0.0, 0.0, 1.0], "scale": 1.0, "type": "farmhouse_f"}
{"ctxid": 0, "pos": [-506.979, 3179.849, 363.975], "rotationMatrix": [0.760844, -0.648935, 0.0, 0.648935, 0.760844, 0.0, 0.0, 0.0, 1.0], "scale": 1.0, "type": "farmhouse_f"}
{"ctxid": 0, "pos": [-641.98, 3311.089, 363.99], "rotationMatrix": [-0.841888, -0.539652, 0.0, 0.539652, -0.841888, 0.0, 0.0, 0.0, 1.0], "scale": 1.0, "type": "farmhouse_f"}
{"ctxid": 0, "pos": [-607.979, 3334.64, 363.99], "rotationMatrix": [-0.957541, -0.288297, 0.0, 0.288297, -0.957541, 0.0, 0.0, 0.0, 1.0], "scale": 1.0, "type": "farmhouse_f"}
{"ctxid": 0, "pos": [-718.912, 3333.56, 364.604], "rotationMatrix": [-0.862552, -0.505969, 0.0, 0.505969, -0.862552, 0.0, 0.0, 0.0, 1.0], "scale": 1.0, "type": "farmhouse_f"}
{"ctxid": 0, "pos": [-752.16, 3322.503, 364.604], "rotationMatrix": [-0.09391, -0.995581, 0.0, 0.995581, -0.09391, 0.0, 0.0, 0.0, 1.0], "scale": 1.0, "type": "farmhouse_f"}
{"ctxid": 0, "pos": [-570.213, 3248.812, 363.975], "rotationMatrix": [-0.197211, -0.980361, 0.0, 0.980361, -0.197211, 0.0, 0.0, 0.0, 1.0], "scale": 1.0, "type": "farmhouse_f"}
{"ctxid": 0, "pos": [-624.425, 3360.143, 363.99], "rotationMatrix": [0.350726, -0.936478, 0.0, 0.936478, 0.350726, 0.0, 0.0, 0.0, 1.0], "scale": 1.0, "type": "farmhouse_f"}
{"ctxid": 0, "pos": [-589.946, 3295.128, 363.99], "rotationMatrix": [0.987771, -0.155911, 0.0, 0.155911, 0.987771, 0.0, 0.0, 0.0, 1.0], "scale": 1.0, "type": "farmhouse_f"}
{"ctxid": 0, "pos": [-640.321, 3283.656, 363.99], "rotationMatrix": [0.578132, -0.815943, 0.0, 0.815943, 0.578132, 0.0, 0.0, 0.0, 1.0], "scale": 1.0, "type": "farmhouse_f"}
{"ctxid": 0, "pos": [-348.952, 3415.919, 363.975], "rotationMatrix": [-0.922688, -0.385548, 0.0, 0.385548, -0.922688, 0.0, 0.0, 0.0, 1.0], "scale": 1.0, "type": "farmhouse_f"}
{"ctxid": 0, "pos": [-747.211, 3272.136, 363.99], "rotationMatrix": [-0.066216, -0.997805, 0.0, 0.997805, -0.066216, 0.0, 0.0, 0.0, 1.0], "scale": 1.0, "type": "farmhouse_f"}
{"ctxid": 0, "pos": [-1201.005, 3571.653, 382.351], "rotationMatrix": [0.997677, -0.068127, 0.0, 0.068127, 0.997677, 0.0, 0.0, 0.0, 1.0], "scale": 1.0, "type": "farmhouse_f"}
{"ctxid": 0, "pos": [-1224.334, 3549.944, 382.351], "rotationMatrix": [0.642498, -0.766287, 0.0, 0.766287, 0.642498, 0.0, 0.0, 0.0, 1.0], "scale": 1.0, "type": "farmhouse_f"}
{"ctxid": 0, "pos": [-880.854, 3232.851, 364.604], "rotationMatrix": [-0.996521, -0.08334, 0.0, 0.08334, -0.996521, 0.0, 0.0, 0.0, 1.0], "scale": 1.0, "type": "farmhouse_f"}
{"ctxid": 0, "pos": [-847.239, 3236.787, 364.604], "rotationMatrix": [-0.204481, -0.97887, 0.0, 0.97887, -0.204481, 0.0, 0.0, 0.0, 1.0], "scale": 1.0, "type": "farmhouse_f"}
{"ctxid": 0, "pos": [-1207.439, 3673.658, 382.351], "rotationMatrix": [-0.921746, -0.387795, 0.0, 0.387795, -0.921746, 0.0, 0.0, 0.0, 1.0], "scale": 1.0, "type": "farmhouse_f"}
{"ctxid": 0, "pos": [-1298.578, 3300.231, 364.198], "rotationMatrix": [0.380096, -0.924947, 0.0, 0.924947, 0.380096, 0.0, 0.0, 0.0, 1.0], "scale": 1.0, "type": "farmhouse_f"}
{"ctxid": 0, "pos": [-639.834, 3169.291, 363.975], "rotationMatrix": [-0.378225, -0.925714, 0.0, 0.925714, -0.378225, 0.0, 0.0, 0.0, 1.0], "scale": 1.0, "type": "farmhouse_f"}
{"ctxid": 0, "pos": [-626.515, 3191.494, 363.975], "rotationMatrix": [-0.802408, -0.596776, 0.0, 0.596776, -0.802408, 0.0, 0.0, 0.0, 1.0], "scale": 1.0, "type": "farmhouse_f"}
{"ctxid": 0, "pos": [-450.565, 2605.285, 351.543], "rotationMatrix": [-0.974878, -0.22274, 0.0, 0.22274, -0.974878, 0.0, 0.0, 0.0, 1.0], "scale": 1.0, "type": "farmhouse_f"}
{"ctxid": 0, "pos": [-395.353, 2575.602, 351.543], "rotationMatrix": [0.298813, -0.954312, 0.0, 0.954312, 0.298813, 0.0, 0.0, 0.0, 1.0], "scale": 1.0, "type": "farmhouse_f"}
{"ctxid": 0, "pos": [-531.905, 3414.568, 363.99], "rotationMatrix": [-0.730596, -0.68281, 0.0, 0.68281, -0.730596, 0.0, 0.0, 0.0, 1.0], "scale": 1.0, "type": "farmhouse_f"}
{"ctxid": 0, "pos": [-522.045, 3423.023, 363.99], "rotationMatrix": [0.008664, -0.999962, 0.0, 0.999962, 0.008664, 0.0, 0.0, 0.0, 1.0], "scale": 1.0, "type": "farmhouse_f"}
{"ctxid": 0, "pos": [24.906, 3375.838, 364.425], "rotationMatrix": [-0.990363, -0.138496, 0.0, 0.138496, -0.990363, 0.0, 0.0, 0.0, 1.0], "scale": 1.0, "type": "farmhouse_f"}
{"ctxid": 0, "pos": [4.903, 3517.933, 363.975], "rotationMatrix": [0.982896, -0.184164, 0.0, 0.184164, 0.982896, 0.0, 0.0, 0.0, 1.0], "scale": 1.0, "type": "farmhouse_f"}
{"ctxid": 0, "pos": [-1004.178, 3549.502, 364.198], "rotationMatrix": [-0.679202, -0.733951, 0.0, 0.733951, -0.679202, 0.0, 0.0, 0.0, 1.0], "scale": 1.0, "type": "farmhouse_f"}
{"ctxid": 0, "pos": [-1053.628, 3564.861, 364.198], "rotationMatrix": [-0.909717, -0.415229, 0.0, 0.415229, -0.909717, 0.0, 0.0, 0.0, 1.0], "scale": 1.0, "type": "farmhouse_f"}
{"ctxid": 0, "pos": [-972.864, 3479.367, 365.67], "rotationMatrix": [-0.452942, -0.89154, 0.0, 0.89154, -0.452942, 0.0, 0.0, 0.0, 1.0], "scale": 1.0, "type": "farmhouse_f"}
{"ctxid": 0, "pos": [-936.033, 3474.377, 365.67], "rotationMatrix": [0.996309, -0.085834, 0.0, 0.085834, 0.996309, 0.0, 0.0, 0.0, 1.0], "scale": 1.0, "type": "farmhouse_f"}
{"ctxid": 0, "pos": [-799.114, 3221.371, 363.99], "rotationMatrix": [-0.390791, -0.920479, 0.0, 0.920479, -0.390791, 0.0, 0.0, 0.0, 1.0], "scale": 1.0, "type": "farmhouse_f"}
{"ctxid": 0, "pos": [482.492, -146.006, 44.611], "rotationMatrix": [0.689874, -0.72393, 0.0, 0.72393, 0.689874, 0.0, 0.0, 0.0, 1.0], "scale": 1.0, "type": "farmhouse_f"}
{"ctxid": 0, "pos": [928.836, 280.366, 73.328], "rotationMatrix": [-0.184398, -0.982852, 0.0, 0.982852, -0.184398, 0.0, 0.0, 0.0, 1.0], "scale": 1.0, "type": "farmhouse_f"}
{"ctxid": 0, "pos": [961.895, 235.495, 71.303], "rotationMatrix": [0.971206, -0.23824, 0.0, 0.23824, 0.971206, 0.0, 0.0, 0.0, 1.0], "scale": 1.0, "type": "farmhouse_f"}
{"ctxid": 0, "pos": [1001.689, 444.687, 75.236], "rotationMatrix": [0.469965, -0.882685, 0.0, 0.882685, 0.469965, 0.0, 0.0, 0.0, 1.0], "scale": 1.0, "type": "farmhouse_f"}
{"ctxid": 0, "pos": [943.301, 4076.169, 364.425], "rotationMatrix": [0.996874, -0.079007, 0.0, 0.079007, 0.996874, 0.0, 0.0, 0.0, 1.0], "scale": 1.0, "type": "farmhouse_f"}
{"ctxid": 0, "pos": [657.456, 5100.633, 365.961], "rotationMatrix": [0.882304, -0.470681, 0.0, 0.470681, 0.882304, 0.0, 0.0, 0.0, 1.0], "scale": 1.0, "type": "farmhouse_f"}
{"ctxid": 0, "pos": [-990.708, 215.32, 210.65], "rotationMatrix": [0.610341, -0.792139, 0.0, 0.792139, 0.610341, 0.0, 0.0, 0.0, 1.0], "scale": 1.0, "type": "farmhouse_f"}
{"ctxid": 0, "pos": [-994.172, 227.363, 210.65], "rotationMatrix": [-0.990365, -0.138479, 0.0, 0.138479, -0.990365, 0.0, 0.0, 0.0, 1.0], "scale": 1.0, "type": "farmhouse_f"}
{"ctxid": 0, "pos": [-957.089, 444.602, 210.65], "rotationMatrix": [0.988303, -0.152503, 0.0, 0.152503, 0.988303, 0.0, 0.0, 0.0, 1.0], "scale": 1.0, "type": "farmhouse_f"}
{"ctxid": 0, "pos": [-962.582, 435.094, 210.65], "rotationMatrix": [0.96399, -0.265938, 0.0, 0.265938, 0.96399, 0.0, 0.0, 0.0, 1.0], "scale": 1.0, "type": "farmhouse_f"}
{"ctxid": 0, "pos": [-655.0, 859.076, 213.105], "rotationMatrix": [-0.675055, -0.737767, 0.0, 0.737767, -0.675055, 0.0, 0.0, 0.0, 1.0], "scale": 1.0, "type": "farmhouse_f"}
{"ctxid": 0, "pos": [-467.359, 721.758, 191.219], "rotationMatrix": [-0.974668, -0.223657, 0.0, 0.223657, -0.974668, 0.0, 0.0, 0.0, 1.0], "scale": 1.0, "type": "farmhouse_f"}
{"ctxid": 0, "pos": [-436.187, 740.506, 188.895], "rotationMatrix": [0.936753, -0.349992, 0.0, 0.349992, 0.936753, 0.0, 0.0, 0.0, 1.0], "scale": 1.0, "type": "farmhouse_f"}
{"ctxid": 0, "pos": [-305.174, 874.85, 182.271], "rotationMatrix": [0.481921, -0.876215, 0.0, 0.876215, 0.481921, 0.0, 0.0, 0.0, 1.0], "scale": 1.0, "type": "farmhouse_f"}
{"ctxid": 0, "pos": [-606.463, 3241.73, 363.975], "rotationMatrix": [0.383494, -0.923543, 0.0, 0.923543, 0.383494, 0.0, 0.0, 0.0, 1.0], "scale": 1.0, "type": "farmhouse_f"}
{"ctxid": 0, "pos": [-626.849, 3248.008, 363.99], "rotationMatrix": [-0.994507, -0.104669, 0.0, 0.104669, -0.994507, 0.0, 0.0, 0.0, 1.0], "scale": 1.0, "type": "farmhouse_f"}
{"ctxid": 0, "pos": [-710.943, 3264.151, 363.99], "rotationMatrix": [-0.083425, -0.996514, 0.0, 0.996514, -0.083425, 0.0, 0.0, 0.0, 1.0], "scale": 1.0, "type": "farmhouse_f"}
{"ctxid": 0, "pos": [-772.424, 3176.545, 363.99], "rotationMatrix": [0.481676, -0.876349, 0.0, 0.876349, 0.481676, 0.0, 0.0, 0.0, 1.0], "scale": 1.0, "type": "farmhouse_f"}
{"ctxid": 0, "pos": [-561.646, 3229.182, 363.975], "rotationMatrix": [-0.988125, -0.15365, 0.0, 0.15365, -0.988125, 0.0, 0.0, 0.0, 1.0], "scale": 1.0, "type": "farmhouse_f"}
{"ctxid": 0, "pos": [-802.313, 3150.998, 363.99], "rotationMatrix": [-0.929603, -0.368562, 0.0, 0.368562, -0.929603, 0.0, 0.0, 0.0, 1.0], "scale": 1.0, "type": "farmhouse_f"}
