{"ctxid": 0, "pos": [3542.922, -4449.257, 72.524], "rotationMatrix": [0.737126, -0.675755, 0.0, 0.675755, 0.737126, 0.0, 0.0, 0.0, 1.0], "scale": 0.5, "type": "fluffy_bush"}
{"ctxid": 0, "pos": [3559.001, -4438.166, 72.524], "rotationMatrix": [-0.651254, 0.75886, 0.0, -0.75886, -0.651254, 0.0, 0.0, 0.0, 1.0], "scale": 0.5, "type": "fluffy_bush"}
{"ctxid": 0, "pos": [3541.624, -4449.73, 72.524], "rotationMatrix": [0.654099, -0.756409, 0.0, 0.756409, 0.654099, 0.0, 0.0, 0.0, 1.0], "scale": 0.5, "type": "fluffy_bush"}
{"ctxid": 0, "pos": [3551.605, -4429.047, 72.709], "rotationMatrix": [0.999915, -0.013013, 0.0, 0.013013, 0.999915, 0.0, 0.0, 0.0, 1.0], "scale": 0.5, "type": "fluffy_bush"}
{"ctxid": 0, "pos": [3530.798, -4431.857, 72.874], "rotationMatrix": [0.08103, 0.996712, 0.0, -0.996712, 0.08103, 0.0, 0.0, 0.0, 1.0], "scale": 0.5, "type": "fluffy_bush"}
{"ctxid": 0, "pos": [3541.888, -4423.983, 72.874], "rotationMatrix": [-0.999588, -0.028685, 0.0, 0.028685, -0.999588, 0.0, 0.0, 0.0, 1.0], "scale": 0.5, "type": "fluffy_bush"}
{"ctxid": 0, "pos": [3526.313, -4434.552, 72.874], "rotationMatrix": [0.342727, -0.939435, 0.0, 0.939435, 0.342727, 0.0, 0.0, 0.0, 1.0], "scale": 0.5, "type": "fluffy_bush"}
{"ctxid": 0, "pos": [3543.102, -4422.702, 72.874], "rotationMatrix": [0.564161, 0.825665, 0.0, -0.825665, 0.564161, 0.0, 0.0, 0.0, 1.0], "scale": 0.5, "type": "fluffy_bush"}
{"ctxid": 0, "pos": [3525.083, -4435.818, 72.874], "rotationMatrix": [-0.947495, -0.31977, 0.0, 0.31977, -0.947495, 0.0, 0.0, 0.0, 1.0], "scale": 0.5, "type": "fluffy_bush"}
{"ctxid": 0, "pos": [3547.262, -4419.834, 72.874], "rotationMatrix": [0.587728, 0.809058, 0.0, -0.809058, 0.587728, 0.0, 0.0, 0.0, 1.0], "scale": 0.5, "type": "fluffy_bush"}
{"ctxid": 0, "pos": [3528.524, -4425.954, 73.071], "rotationMatrix": [0.951268, -0.308366, 0.0, 0.308366, 0.951268, 0.0, 0.0, 0.0, 1.0], "scale": 0.5, "type": "fluffy_bush"}
{"ctxid": 0, "pos": [3528.611, -4426.933, 73.071], "rotationMatrix": [-0.960063, -0.279783, 0.0, 0.279783, -0.960063, 0.0, 0.0, 0.0, 1.0], "scale": 0.5, "type": "fluffy_bush"}
{"ctxid": 0, "pos": [3538.274, -4419.501, 73.071], "rotationMatrix": [-0.974225, -0.225578, 0.0, 0.225578, -0.974225, 0.0, 0.0, 0.0, 1.0], "scale": 0.5, "type": "fluffy_bush"}
{"ctxid": 0, "pos": [3538.043, -4418.666, 73.071], "rotationMatrix": [0.165583, 0.986196, 0.0, -0.986196, 0.165583, 0.0, 0.0, 0.0, 1.0], "scale": 0.5, "type": "fluffy_bush"}
{"ctxid": 0, "pos": [3530.713, -4407.542, 73.315], "rotationMatrix": [0.665168, 0.746694, 0.0, -0.746694, 0.665168, 0.0, 0.0, 0.0, 1.0], "scale": 0.5, "type": "fluffy_bush"}
{"ctxid": 0, "pos": [3519.032, -4416.155, 73.315], "rotationMatrix": [-0.99968, -0.025285, 0.0, 0.025285, -0.99968, 0.0, 0.0, 0.0, 1.0], "scale": 0.5, "type": "fluffy_bush"}
{"ctxid": 0, "pos": [3539.624, -4401.532, 73.315], "rotationMatrix": [0.995206, 0.097804, 0.0, -0.097804, 0.995206, 0.0, 0.0, 0.0, 1.0], "scale": 0.5, "type": "fluffy_bush"}
{"ctxid": 0, "pos": [3528.159, -4403.34, 73.419], "rotationMatrix": [0.745157, -0.666889, 0.0, 0.666889, 0.745157, 0.0, 0.0, 0.0, 1.0], "scale": 0.5, "type": "fluffy_bush"}
{"ctxid": 0, "pos": [3516.196, -4411.269, 73.419], "rotationMatrix": [0.958292, -0.285792, 0.0, 0.285792, 0.958292, 0.0, 0.0, 0.0, 1.0], "scale": 0.5, "type": "fluffy_bush"}
{"ctxid": 0, "pos": [3526.904, -4403.855, 73.419], "rotationMatrix": [0.617871, -0.786279, 0.0, 0.786279, 0.617871, 0.0, 0.0, 0.0, 1.0], "scale": 0.5, "type": "fluffy_bush"}
{"ctxid": 0, "pos": [3515.346, -4412.847, 73.419], "rotationMatrix": [0.257588, -0.966255, 0.0, 0.966255, 0.257588, 0.0, 0.0, 0.0, 1.0], "scale": 0.5, "type": "fluffy_bush"}
{"ctxid": 0, "pos": [3533.59, -4398.961, 73.419], "rotationMatrix": [-0.690091, -0.723722, 0.0, 0.723722, -0.690091, 0.0, 0.0, 0.0, 1.0], "scale": 0.5, "type": "fluffy_bush"}
{"ctxid": 0, "pos": [3512.842, -4407.636, 73.527], "rotationMatrix": [0.784453, -0.620188, 0.0, 0.620188, 0.784453, 0.0, 0.0, 0.0, 1.0], "scale": 0.5, "type": "fluffy_bush"}
{"ctxid": 0, "pos": [3509.394, -4403.671, 73.637], "rotationMatrix": [0.651907, 0.758299, 0.0, -0.758299, 0.651907, 0.0, 0.0, 0.0, 1.0], "scale": 0.5, "type": "fluffy_bush"}
{"ctxid": 0, "pos": [3520.941, -4395.211, 73.637], "rotationMatrix": [-0.930889, 0.365302, 0.0, -0.365302, -0.930889, 0.0, 0.0, 0.0, 1.0], "scale": 0.5, "type": "fluffy_bush"}
{"ctxid": 0, "pos": [3520.81, -4395.755, 73.637], "rotationMatrix": [-0.999384, -0.035095, 0.0, 0.035095, -0.999384, 0.0, 0.0, 0.0, 1.0], "scale": 0.5, "type": "fluffy_bush"}
{"ctxid": 0, "pos": [3503.099, -4402.595, 73.75], "rotationMatrix": [-0.854324, -0.519741, 0.0, 0.519741, -0.854324, 0.0, 0.0, 0.0, 1.0], "scale": 0.5, "type": "fluffy_bush"}
{"ctxid": 0, "pos": [3501.782, -4404.123, 73.75], "rotationMatrix": [0.940019, 0.341121, 0.0, -0.341121, 0.940019, 0.0, 0.0, 0.0, 1.0], "scale": 0.5, "type": "fluffy_bush"}
{"ctxid": 0, "pos": [3504.48, -4395.033, 73.863], "rotationMatrix": [-0.972809, -0.23161, 0.0, 0.23161, -0.972809, 0.0, 0.0, 0.0, 1.0], "scale": 0.5, "type": "fluffy_bush"}
{"ctxid": 0, "pos": [3515.003, -4387.53, 73.863], "rotationMatrix": [-0.657348, 0.753587, 0.0, -0.753587, -0.657348, 0.0, 0.0, 0.0, 1.0], "scale": 0.5, "type": "fluffy_bush"}
{"ctxid": 0, "pos": [3501.509, -4397.743, 73.863], "rotationMatrix": [0.683385, -0.730058, 0.0, 0.730058, 0.683385, 0.0, 0.0, 0.0, 1.0], "scale": 0.5, "type": "fluffy_bush"}
{"ctxid": 0, "pos": [3501.629, -4397.753, 73.863], "rotationMatrix": [0.992613, 0.121325, 0.0, -0.121325, 0.992613, 0.0, 0.0, 0.0, 1.0], "scale": 0.5, "type": "fluffy_bush"}
{"ctxid": 0, "pos": [3498.405, -4387.297, 74.077], "rotationMatrix": [-0.448264, -0.893901, 0.0, 0.893901, -0.448264, 0.0, 0.0, 0.0, 1.0], "scale": 0.5, "type": "fluffy_bush"}
{"ctxid": 0, "pos": [3509.587, -4378.028, 74.077], "rotationMatrix": [0.992806, 0.119731, 0.0, -0.119731, 0.992806, 0.0, 0.0, 0.0, 1.0], "scale": 0.5, "type": "fluffy_bush"}
{"ctxid": 0, "pos": [3498.466, -4387.108, 74.077], "rotationMatrix": [-0.997522, 0.070354, 0.0, -0.070354, -0.997522, 0.0, 0.0, 0.0, 1.0], "scale": 0.5, "type": "fluffy_bush"}
{"ctxid": 0, "pos": [3507.845, -4380.079, 74.077], "rotationMatrix": [-0.43049, 0.902596, 0.0, -0.902596, -0.43049, 0.0, 0.0, 0.0, 1.0], "scale": 0.5, "type": "fluffy_bush"}
{"ctxid": 0, "pos": [3494.952, -4390.386, 74.077], "rotationMatrix": [0.999802, 0.019885, 0.0, -0.019885, 0.999802, 0.0, 0.0, 0.0, 1.0], "scale": 0.5, "type": "fluffy_bush"}
{"ctxid": 0, "pos": [3490.454, -4393.917, 74.077], "rotationMatrix": [-0.005864, 0.999983, 0.0, -0.999983, -0.005864, 0.0, 0.0, 0.0, 1.0], "scale": 0.5, "type": "fluffy_bush"}
{"ctxid": 0, "pos": [3513.892, -4375.141, 74.077], "rotationMatrix": [0.331773, 0.943359, 0.0, -0.943359, 0.331773, 0.0, 0.0, 0.0, 1.0], "scale": 0.5, "type": "fluffy_bush"}
{"ctxid": 0, "pos": [3492.295, -4378.812, 74.262], "rotationMatrix": [0.999866, 0.016375, 0.0, -0.016375, 0.999866, 0.0, 0.0, 0.0, 1.0], "scale": 0.5, "type": "fluffy_bush"}
{"ctxid": 0, "pos": [3492.156, -4379.277, 74.262], "rotationMatrix": [0.630763, 0.775976, 0.0, -0.775976, 0.630763, 0.0, 0.0, 0.0, 1.0], "scale": 0.5, "type": "fluffy_bush"}
{"ctxid": 0, "pos": [3503.405, -4370.901, 74.262], "rotationMatrix": [-0.972412, 0.23327, 0.0, -0.23327, -0.972412, 0.0, 0.0, 0.0, 1.0], "scale": 0.5, "type": "fluffy_bush"}
{"ctxid": 0, "pos": [3486.752, -4384.128, 74.262], "rotationMatrix": [0.218125, -0.975921, 0.0, 0.975921, 0.218125, 0.0, 0.0, 0.0, 1.0], "scale": 0.5, "type": "fluffy_bush"}
{"ctxid": 0, "pos": [3509.39, -4365.898, 74.262], "rotationMatrix": [0.831528, 0.555482, 0.0, -0.555482, 0.831528, 0.0, 0.0, 0.0, 1.0], "scale": 0.5, "type": "fluffy_bush"}
{"ctxid": 0, "pos": [3505.617, -4369.34, 74.262], "rotationMatrix": [0.842884, -0.538096, 0.0, 0.538096, 0.842884, 0.0, 0.0, 0.0, 1.0], "scale": 0.5, "type": "fluffy_bush"}
{"ctxid": 0, "pos": [3497.961, -4362.572, 74.454], "rotationMatrix": [-0.622352, -0.782737, 0.0, 0.782737, -0.622352, 0.0, 0.0, 0.0, 1.0], "scale": 0.5, "type": "fluffy_bush"}
{"ctxid": 0, "pos": [3481.726, -4374.14, 74.454], "rotationMatrix": [0.216419, 0.976301, 0.0, -0.976301, 0.216419, 0.0, 0.0, 0.0, 1.0], "scale": 0.5, "type": "fluffy_bush"}
{"ctxid": 0, "pos": [3479.263, -4364.355, 74.655], "rotationMatrix": [-0.473855, -0.880603, 0.0, 0.880603, -0.473855, 0.0, 0.0, 0.0, 1.0], "scale": 0.5, "type": "fluffy_bush"}
{"ctxid": 0, "pos": [3491.719, -4354.625, 74.655], "rotationMatrix": [0.765214, -0.643776, 0.0, 0.643776, 0.765214, 0.0, 0.0, 0.0, 1.0], "scale": 0.5, "type": "fluffy_bush"}
{"ctxid": 0, "pos": [3473.618, -4367.7, 74.655], "rotationMatrix": [-0.995084, 0.099036, 0.0, -0.099036, -0.995084, 0.0, 0.0, 0.0, 1.0], "scale": 0.5, "type": "fluffy_bush"}
{"ctxid": 0, "pos": [3494.028, -4352.941, 74.655], "rotationMatrix": [0.759788, -0.650171, 0.0, 0.650171, 0.759788, 0.0, 0.0, 0.0, 1.0], "scale": 0.5, "type": "fluffy_bush"}
{"ctxid": 0, "pos": [3477.042, -4358.904, 74.747], "rotationMatrix": [0.696066, 0.717977, 0.0, -0.717977, 0.696066, 0.0, 0.0, 0.0, 1.0], "scale": 0.5, "type": "fluffy_bush"}
{"ctxid": 0, "pos": [3486.736, -4352.2, 74.747], "rotationMatrix": [-0.959209, -0.282696, 0.0, 0.282696, -0.959209, 0.0, 0.0, 0.0, 1.0], "scale": 0.5, "type": "fluffy_bush"}
{"ctxid": 0, "pos": [3487.846, -4344.493, 74.845], "rotationMatrix": [-0.931352, 0.364121, 0.0, -0.364121, -0.931352, 0.0, 0.0, 0.0, 1.0], "scale": 0.5, "type": "fluffy_bush"}
{"ctxid": 0, "pos": [3480.511, -4343.919, 74.957], "rotationMatrix": [-0.976222, -0.216771, 0.0, 0.216771, -0.976222, 0.0, 0.0, 0.0, 1.0], "scale": 0.5, "type": "fluffy_bush"}
{"ctxid": 0, "pos": [3467.578, -4353.35, 74.957], "rotationMatrix": [0.62946, -0.777033, 0.0, 0.777033, 0.62946, 0.0, 0.0, 0.0, 1.0], "scale": 0.5, "type": "fluffy_bush"}
{"ctxid": 0, "pos": [3478.952, -4337.613, 75.078], "rotationMatrix": [0.574418, 0.818562, 0.0, -0.818562, 0.574418, 0.0, 0.0, 0.0, 1.0], "scale": 0.5, "type": "fluffy_bush"}
{"ctxid": 0, "pos": [3464.966, -4348.531, 75.078], "rotationMatrix": [0.158889, 0.987296, 0.0, -0.987296, 0.158889, 0.0, 0.0, 0.0, 1.0], "scale": 0.5, "type": "fluffy_bush"}
{"ctxid": 0, "pos": [3481.794, -4336.063, 75.078], "rotationMatrix": [0.902539, 0.430608, 0.0, -0.430608, 0.902539, 0.0, 0.0, 0.0, 1.0], "scale": 0.5, "type": "fluffy_bush"}
{"ctxid": 0, "pos": [3464.392, -4341.446, 75.201], "rotationMatrix": [-0.264973, -0.964256, 0.0, 0.964256, -0.264973, 0.0, 0.0, 0.0, 1.0], "scale": 0.5, "type": "fluffy_bush"}
{"ctxid": 0, "pos": [3475.249, -4333.878, 75.201], "rotationMatrix": [-0.711612, 0.702573, 0.0, -0.702573, -0.711612, 0.0, 0.0, 0.0, 1.0], "scale": 0.5, "type": "fluffy_bush"}
{"ctxid": 0, "pos": [3455.257, -4348.273, 75.201], "rotationMatrix": [-0.744155, -0.668007, 0.0, 0.668007, -0.744155, 0.0, 0.0, 0.0, 1.0], "scale": 0.5, "type": "fluffy_bush"}
{"ctxid": 0, "pos": [3460.775, -4337.838, 75.319], "rotationMatrix": [-0.998292, -0.058421, 0.0, 0.058421, -0.998292, 0.0, 0.0, 0.0, 1.0], "scale": 0.5, "type": "fluffy_bush"}
{"ctxid": 0, "pos": [3472.144, -4329.362, 75.319], "rotationMatrix": [-0.194452, -0.980912, 0.0, 0.980912, -0.194452, 0.0, 0.0, 0.0, 1.0], "scale": 0.5, "type": "fluffy_bush"}
{"ctxid": 0, "pos": [3457.893, -4339.518, 75.319], "rotationMatrix": [0.974917, -0.222571, 0.0, 0.222571, 0.974917, 0.0, 0.0, 0.0, 1.0], "scale": 0.5, "type": "fluffy_bush"}
{"ctxid": 0, "pos": [3476.132, -4327.324, 75.319], "rotationMatrix": [0.432912, -0.901436, 0.0, 0.901436, 0.432912, 0.0, 0.0, 0.0, 1.0], "scale": 0.5, "type": "fluffy_bush"}
{"ctxid": 0, "pos": [3458.137, -4333.01, 75.431], "rotationMatrix": [-0.770096, -0.637927, 0.0, 0.637927, -0.770096, 0.0, 0.0, 0.0, 1.0], "scale": 0.5, "type": "fluffy_bush"}
{"ctxid": 0, "pos": [3454.043, -4329.952, 75.537], "rotationMatrix": [-0.999975, -0.00708, 0.0, 0.00708, -0.999975, 0.0, 0.0, 0.0, 1.0], "scale": 0.5, "type": "fluffy_bush"}
{"ctxid": 0, "pos": [3450.039, -4332.698, 75.537], "rotationMatrix": [-0.56787, 0.823118, 0.0, -0.823118, -0.56787, 0.0, 0.0, 0.0, 1.0], "scale": 0.5, "type": "fluffy_bush"}
{"ctxid": 0, "pos": [3471.898, -4316.1, 75.537], "rotationMatrix": [0.248277, -0.968689, 0.0, 0.968689, 0.248277, 0.0, 0.0, 0.0, 1.0], "scale": 0.5, "type": "fluffy_bush"}
{"ctxid": 0, "pos": [3463.59, -4316.244, 75.638], "rotationMatrix": [-0.057907, 0.998322, 0.0, -0.998322, -0.057907, 0.0, 0.0, 0.0, 1.0], "scale": 0.5, "type": "fluffy_bush"}
{"ctxid": 0, "pos": [3448.334, -4320.802, 75.734], "rotationMatrix": [0.845008, -0.534753, 0.0, 0.534753, 0.845008, 0.0, 0.0, 0.0, 1.0], "scale": 0.5, "type": "fluffy_bush"}
{"ctxid": 0, "pos": [3440.815, -4326.897, 75.734], "rotationMatrix": [-0.671942, -0.740603, 0.0, 0.740603, -0.671942, 0.0, 0.0, 0.0, 1.0], "scale": 0.5, "type": "fluffy_bush"}
{"ctxid": 0, "pos": [3446.434, -4316.12, 75.823], "rotationMatrix": [-0.637205, -0.770694, 0.0, 0.770694, -0.637205, 0.0, 0.0, 0.0, 1.0], "scale": 0.5, "type": "fluffy_bush"}
{"ctxid": 0, "pos": [3442.06, -4312.409, 75.906], "rotationMatrix": [0.349239, 0.937034, 0.0, -0.937034, 0.349239, 0.0, 0.0, 0.0, 1.0], "scale": 0.5, "type": "fluffy_bush"}
{"ctxid": 0, "pos": [3453.915, -4303.692, 75.906], "rotationMatrix": [0.958578, -0.284831, 0.0, 0.284831, 0.958578, 0.0, 0.0, 0.0, 1.0], "scale": 0.5, "type": "fluffy_bush"}
{"ctxid": 0, "pos": [3439.305, -4308.142, 75.983], "rotationMatrix": [-0.680113, 0.733107, 0.0, -0.733107, -0.680113, 0.0, 0.0, 0.0, 1.0], "scale": 0.5, "type": "fluffy_bush"}
{"ctxid": 0, "pos": [3449.919, -4299.831, 75.983], "rotationMatrix": [-0.127559, 0.991831, 0.0, -0.991831, -0.127559, 0.0, 0.0, 0.0, 1.0], "scale": 0.5, "type": "fluffy_bush"}
{"ctxid": 0, "pos": [3455.343, -4295.262, 75.983], "rotationMatrix": [0.81275, -0.582613, 0.0, 0.582613, 0.81275, 0.0, 0.0, 0.0, 1.0], "scale": 0.5, "type": "fluffy_bush"}
{"ctxid": 0, "pos": [3436.952, -4303.581, 76.056], "rotationMatrix": [-0.630124, -0.776494, 0.0, 0.776494, -0.630124, 0.0, 0.0, 0.0, 1.0], "scale": 0.5, "type": "fluffy_bush"}
{"ctxid": 0, "pos": [3446.186, -4296.078, 76.056], "rotationMatrix": [0.853465, -0.521151, 0.0, 0.521151, 0.853465, 0.0, 0.0, 0.0, 1.0], "scale": 0.5, "type": "fluffy_bush"}
{"ctxid": 0, "pos": [3431.617, -4300.275, 76.131], "rotationMatrix": [0.391972, -0.919977, 0.0, 0.919977, 0.391972, 0.0, 0.0, 0.0, 1.0], "scale": 0.5, "type": "fluffy_bush"}
{"ctxid": 0, "pos": [3444.177, -4291.156, 76.131], "rotationMatrix": [0.977821, 0.209443, 0.0, -0.209443, 0.977821, 0.0, 0.0, 0.0, 1.0], "scale": 0.5, "type": "fluffy_bush"}
{"ctxid": 0, "pos": [3428.539, -4302.577, 76.131], "rotationMatrix": [0.896226, -0.443597, 0.0, 0.443597, 0.896226, 0.0, 0.0, 0.0, 1.0], "scale": 0.5, "type": "fluffy_bush"}
{"ctxid": 0, "pos": [3428.956, -4296.043, 76.223], "rotationMatrix": [-0.043818, 0.99904, 0.0, -0.99904, -0.043818, 0.0, 0.0, 0.0, 1.0], "scale": 0.5, "type": "fluffy_bush"}
{"ctxid": 0, "pos": [3437.882, -4283.176, 76.346], "rotationMatrix": [0.902712, 0.430246, 0.0, -0.430246, 0.902712, 0.0, 0.0, 0.0, 1.0], "scale": 0.5, "type": "fluffy_bush"}
{"ctxid": 0, "pos": [3434.761, -4277.868, 76.496], "rotationMatrix": [0.4939, 0.869519, 0.0, -0.869519, 0.4939, 0.0, 0.0, 0.0, 1.0], "scale": 0.5, "type": "fluffy_bush"}
{"ctxid": 0, "pos": [3437.868, -4276.157, 76.496], "rotationMatrix": [-0.254266, 0.967134, 0.0, -0.967134, -0.254266, 0.0, 0.0, 0.0, 1.0], "scale": 0.5, "type": "fluffy_bush"}
{"ctxid": 0, "pos": [3420.082, -4282.726, 76.656], "rotationMatrix": [0.809292, 0.587406, 0.0, -0.587406, 0.809292, 0.0, 0.0, 0.0, 1.0], "scale": 0.5, "type": "fluffy_bush"}
{"ctxid": 0, "pos": [3432.747, -4273.133, 76.656], "rotationMatrix": [-0.381982, 0.92417, 0.0, -0.92417, -0.381982, 0.0, 0.0, 0.0, 1.0], "scale": 0.5, "type": "fluffy_bush"}
{"ctxid": 0, "pos": [3414.619, -4273.613, 76.958], "rotationMatrix": [0.998469, 0.055306, 0.0, -0.055306, 0.998469, 0.0, 0.0, 0.0, 1.0], "scale": 0.5, "type": "fluffy_bush"}
{"ctxid": 0, "pos": [3410.587, -4277.353, 76.958], "rotationMatrix": [0.931836, -0.36288, 0.0, 0.36288, 0.931836, 0.0, 0.0, 0.0, 1.0], "scale": 0.5, "type": "fluffy_bush"}
{"ctxid": 0, "pos": [3409.476, -4271.155, 77.093], "rotationMatrix": [-0.185321, 0.982678, 0.0, -0.982678, -0.185321, 0.0, 0.0, 0.0, 1.0], "scale": 0.5, "type": "fluffy_bush"}
{"ctxid": 0, "pos": [3420.421, -4262.294, 77.093], "rotationMatrix": [0.624366, 0.781132, 0.0, -0.781132, 0.624366, 0.0, 0.0, 0.0, 1.0], "scale": 0.5, "type": "fluffy_bush"}
{"ctxid": 0, "pos": [3404.481, -4275.163, 77.093], "rotationMatrix": [0.992034, -0.125969, 0.0, 0.125969, 0.992034, 0.0, 0.0, 0.0, 1.0], "scale": 0.5, "type": "fluffy_bush"}
{"ctxid": 0, "pos": [3418.252, -4258.17, 77.216], "rotationMatrix": [-0.822342, -0.568994, 0.0, 0.568994, -0.822342, 0.0, 0.0, 0.0, 1.0], "scale": 0.5, "type": "fluffy_bush"}
{"ctxid": 0, "pos": [3403.525, -4269.539, 77.216], "rotationMatrix": [-0.339592, 0.940573, 0.0, -0.940573, -0.339592, 0.0, 0.0, 0.0, 1.0], "scale": 0.5, "type": "fluffy_bush"}
{"ctxid": 0, "pos": [3425.6, -4251.54, 77.216], "rotationMatrix": [0.96331, 0.268393, 0.0, -0.268393, 0.96331, 0.0, 0.0, 0.0, 1.0], "scale": 0.5, "type": "fluffy_bush"}
{"ctxid": 0, "pos": [3396.432, -4268.133, 77.328], "rotationMatrix": [-0.130845, -0.991403, 0.0, 0.991403, -0.130845, 0.0, 0.0, 0.0, 1.0], "scale": 0.5, "type": "fluffy_bush"}
{"ctxid": 0, "pos": [3424.237, -4247.294, 77.328], "rotationMatrix": [-0.267609, 0.963528, 0.0, -0.963528, -0.267609, 0.0, 0.0, 0.0, 1.0], "scale": 0.5, "type": "fluffy_bush"}
{"ctxid": 0, "pos": [3400.933, -4257.479, 77.43], "rotationMatrix": [-0.341627, -0.939836, 0.0, 0.939836, -0.341627, 0.0, 0.0, 0.0, 1.0], "scale": 0.5, "type": "fluffy_bush"}
{"ctxid": 0, "pos": [3395.212, -4262.056, 77.43], "rotationMatrix": [-0.833572, -0.552411, 0.0, 0.552411, -0.833572, 0.0, 0.0, 0.0, 1.0], "scale": 0.5, "type": "fluffy_bush"}
{"ctxid": 0, "pos": [3414.38, -4248.338, 77.43], "rotationMatrix": [0.685376, -0.728189, 0.0, 0.728189, 0.685376, 0.0, 0.0, 0.0, 1.0], "scale": 0.5, "type": "fluffy_bush"}
{"ctxid": 0, "pos": [3398.218, -4253.708, 77.52], "rotationMatrix": [-0.113713, 0.993514, 0.0, -0.993514, -0.113713, 0.0, 0.0, 0.0, 1.0], "scale": 0.5, "type": "fluffy_bush"}
{"ctxid": 0, "pos": [3393.443, -4257.572, 77.52], "rotationMatrix": [0.005406, -0.999985, 0.0, 0.999985, 0.005406, 0.0, 0.0, 0.0, 1.0], "scale": 0.5, "type": "fluffy_bush"}
{"ctxid": 0, "pos": [3415.433, -4241.359, 77.52], "rotationMatrix": [0.097323, -0.995253, 0.0, 0.995253, 0.097323, 0.0, 0.0, 0.0, 1.0], "scale": 0.5, "type": "fluffy_bush"}
{"ctxid": 0, "pos": [3395.961, -4249.112, 77.601], "rotationMatrix": [0.961549, 0.274635, 0.0, -0.274635, 0.961549, 0.0, 0.0, 0.0, 1.0], "scale": 0.5, "type": "fluffy_bush"}
{"ctxid": 0, "pos": [3390.501, -4253.687, 77.601], "rotationMatrix": [0.492591, 0.870261, 0.0, -0.870261, 0.492591, 0.0, 0.0, 0.0, 1.0], "scale": 0.5, "type": "fluffy_bush"}
{"ctxid": 0, "pos": [3408.243, -4239.741, 77.601], "rotationMatrix": [0.582035, 0.813164, 0.0, -0.813164, 0.582035, 0.0, 0.0, 0.0, 1.0], "scale": 0.5, "type": "fluffy_bush"}
{"ctxid": 0, "pos": [3391.76, -4246.621, 77.671], "rotationMatrix": [0.74425, 0.667902, 0.0, -0.667902, 0.74425, 0.0, 0.0, 0.0, 1.0], "scale": 0.5, "type": "fluffy_bush"}
{"ctxid": 0, "pos": [3402.064, -4237.887, 77.671], "rotationMatrix": [0.973246, -0.229766, 0.0, 0.229766, 0.973246, 0.0, 0.0, 0.0, 1.0], "scale": 0.5, "type": "fluffy_bush"}
{"ctxid": 0, "pos": [3406.952, -4233.928, 77.671], "rotationMatrix": [0.981972, -0.189029, 0.0, 0.189029, 0.981972, 0.0, 0.0, 0.0, 1.0], "scale": 0.5, "type": "fluffy_bush"}
{"ctxid": 0, "pos": [3389.183, -4241.188, 77.734], "rotationMatrix": [-0.61394, 0.789353, 0.0, -0.789353, -0.61394, 0.0, 0.0, 0.0, 1.0], "scale": 0.5, "type": "fluffy_bush"}
{"ctxid": 0, "pos": [3401.056, -4231.738, 77.734], "rotationMatrix": [0.408732, 0.912654, 0.0, -0.912654, 0.408732, 0.0, 0.0, 0.0, 1.0], "scale": 0.5, "type": "fluffy_bush"}
{"ctxid": 0, "pos": [3378.032, -4243.076, 77.799], "rotationMatrix": [0.987271, 0.159046, 0.0, -0.159046, 0.987271, 0.0, 0.0, 0.0, 1.0], "scale": 0.5, "type": "fluffy_bush"}
{"ctxid": 0, "pos": [3402.29, -4224.733, 77.799], "rotationMatrix": [-0.645944, 0.763384, 0.0, -0.763384, -0.645944, 0.0, 0.0, 0.0, 1.0], "scale": 0.5, "type": "fluffy_bush"}
{"ctxid": 0, "pos": [3390.407, -4221.096, 77.969], "rotationMatrix": [0.555726, -0.831365, 0.0, 0.831365, 0.555726, 0.0, 0.0, 0.0, 1.0], "scale": 0.5, "type": "fluffy_bush"}
{"ctxid": 0, "pos": [3392.09, -4212.322, 78.058], "rotationMatrix": [0.986604, -0.163132, 0.0, 0.163132, 0.986604, 0.0, 0.0, 0.0, 1.0], "scale": 0.5, "type": "fluffy_bush"}
{"ctxid": 0, "pos": [3384.582, -4211.878, 78.134], "rotationMatrix": [-0.029723, -0.999558, 0.0, 0.999558, -0.029723, 0.0, 0.0, 0.0, 1.0], "scale": 0.5, "type": "fluffy_bush"}
{"ctxid": 0, "pos": [3384.552, -4212.666, 78.134], "rotationMatrix": [0.96597, 0.258655, 0.0, -0.258655, 0.96597, 0.0, 0.0, 0.0, 1.0], "scale": 0.5, "type": "fluffy_bush"}
{"ctxid": 0, "pos": [3382.92, -4213.603, 78.134], "rotationMatrix": [0.814532, -0.580119, 0.0, 0.580119, 0.814532, 0.0, 0.0, 0.0, 1.0], "scale": 0.5, "type": "fluffy_bush"}
{"ctxid": 0, "pos": [3391.701, -4207.526, 78.134], "rotationMatrix": [-0.390969, 0.920404, 0.0, -0.920404, -0.390969, 0.0, 0.0, 0.0, 1.0], "scale": 0.5, "type": "fluffy_bush"}
{"ctxid": 0, "pos": [3364.982, -4227.016, 78.134], "rotationMatrix": [-0.612337, -0.790597, 0.0, 0.790597, -0.612337, 0.0, 0.0, 0.0, 1.0], "scale": 0.5, "type": "fluffy_bush"}
{"ctxid": 0, "pos": [3389.487, -4208.955, 78.134], "rotationMatrix": [-0.991012, -0.133771, 0.0, 0.133771, -0.991012, 0.0, 0.0, 0.0, 1.0], "scale": 0.5, "type": "fluffy_bush"}
{"ctxid": 0, "pos": [3370.122, -4217.206, 78.204], "rotationMatrix": [-0.070515, 0.997511, 0.0, -0.997511, -0.070515, 0.0, 0.0, 0.0, 1.0], "scale": 0.5, "type": "fluffy_bush"}
{"ctxid": 0, "pos": [3380.484, -4209.38, 78.204], "rotationMatrix": [-0.578482, -0.815695, 0.0, 0.815695, -0.578482, 0.0, 0.0, 0.0, 1.0], "scale": 0.5, "type": "fluffy_bush"}
{"ctxid": 0, "pos": [3366.163, -4213.169, 78.296], "rotationMatrix": [0.903644, 0.428284, 0.0, -0.428284, 0.903644, 0.0, 0.0, 0.0, 1.0], "scale": 0.5, "type": "fluffy_bush"}
{"ctxid": 0, "pos": [3362.194, -4216.702, 78.296], "rotationMatrix": [-0.419171, 0.907907, 0.0, -0.907907, -0.419171, 0.0, 0.0, 0.0, 1.0], "scale": 0.5, "type": "fluffy_bush"}
{"ctxid": 0, "pos": [3382.495, -4200.448, 78.296], "rotationMatrix": [0.900397, -0.43507, 0.0, 0.43507, 0.900397, 0.0, 0.0, 0.0, 1.0], "scale": 0.5, "type": "fluffy_bush"}
{"ctxid": 0, "pos": [3363.997, -4208.816, 78.428], "rotationMatrix": [0.884466, 0.466605, 0.0, -0.466605, 0.884466, 0.0, 0.0, 0.0, 1.0], "scale": 0.5, "type": "fluffy_bush"}
{"ctxid": 0, "pos": [3359.357, -4212.268, 78.428], "rotationMatrix": [-0.957866, 0.287214, 0.0, -0.287214, -0.957866, 0.0, 0.0, 0.0, 1.0], "scale": 0.5, "type": "fluffy_bush"}
{"ctxid": 0, "pos": [3382.103, -4194.55, 78.428], "rotationMatrix": [-0.980619, -0.195924, 0.0, 0.195924, -0.980619, 0.0, 0.0, 0.0, 1.0], "scale": 0.5, "type": "fluffy_bush"}
{"ctxid": 0, "pos": [3371.546, -4195.697, 78.593], "rotationMatrix": [-0.999943, 0.010651, 0.0, -0.010651, -0.999943, 0.0, 0.0, 0.0, 1.0], "scale": 0.5, "type": "fluffy_bush"}
{"ctxid": 0, "pos": [3360.68, -4205.319, 78.593], "rotationMatrix": [-0.568459, -0.822712, 0.0, 0.822712, -0.568459, 0.0, 0.0, 0.0, 1.0], "scale": 0.5, "type": "fluffy_bush"}
{"ctxid": 0, "pos": [3370.691, -4196.864, 78.593], "rotationMatrix": [0.809219, 0.587507, 0.0, -0.587507, 0.809219, 0.0, 0.0, 0.0, 1.0], "scale": 0.5, "type": "fluffy_bush"}
{"ctxid": 0, "pos": [3360.624, -4204.713, 78.593], "rotationMatrix": [-0.38312, -0.923699, 0.0, 0.923699, -0.38312, 0.0, 0.0, 0.0, 1.0], "scale": 0.5, "type": "fluffy_bush"}
{"ctxid": 0, "pos": [3376.184, -4192.26, 78.593], "rotationMatrix": [0.860581, 0.509313, 0.0, -0.509313, 0.860581, 0.0, 0.0, 0.0, 1.0], "scale": 0.5, "type": "fluffy_bush"}
{"ctxid": 0, "pos": [3354.107, -4209.759, 78.593], "rotationMatrix": [0.698129, 0.715972, 0.0, -0.715972, 0.698129, 0.0, 0.0, 0.0, 1.0], "scale": 0.5, "type": "fluffy_bush"}
{"ctxid": 0, "pos": [3378.42, -4190.563, 78.593], "rotationMatrix": [0.90314, 0.429346, 0.0, -0.429346, 0.90314, 0.0, 0.0, 0.0, 1.0], "scale": 0.5, "type": "fluffy_bush"}
{"ctxid": 0, "pos": [3372.292, -4195.829, 78.593], "rotationMatrix": [0.745099, 0.666953, 0.0, -0.666953, 0.745099, 0.0, 0.0, 0.0, 1.0], "scale": 0.5, "type": "fluffy_bush"}
{"ctxid": 0, "pos": [3358.015, -4200.217, 78.77], "rotationMatrix": [0.25365, -0.967296, 0.0, 0.967296, 0.25365, 0.0, 0.0, 0.0, 1.0], "scale": 0.5, "type": "fluffy_bush"}
{"ctxid": 0, "pos": [3368.491, -4191.75, 78.77], "rotationMatrix": [0.313451, 0.949605, 0.0, -0.949605, 0.313451, 0.0, 0.0, 0.0, 1.0], "scale": 0.5, "type": "fluffy_bush"}
{"ctxid": 0, "pos": [3368.032, -4192.024, 78.77], "rotationMatrix": [0.582721, 0.812672, 0.0, -0.812672, 0.582721, 0.0, 0.0, 0.0, 1.0], "scale": 0.5, "type": "fluffy_bush"}
{"ctxid": 0, "pos": [3357.108, -4200.65, 78.77], "rotationMatrix": [0.64431, -0.764764, 0.0, 0.764764, 0.64431, 0.0, 0.0, 0.0, 1.0], "scale": 0.5, "type": "fluffy_bush"}
{"ctxid": 0, "pos": [3353.838, -4203.264, 78.77], "rotationMatrix": [0.950393, -0.311053, 0.0, 0.311053, 0.950393, 0.0, 0.0, 0.0, 1.0], "scale": 0.5, "type": "fluffy_bush"}
{"ctxid": 0, "pos": [3354.407, -4196.249, 78.947], "rotationMatrix": [0.419267, -0.907863, 0.0, 0.907863, 0.419267, 0.0, 0.0, 0.0, 1.0], "scale": 0.5, "type": "fluffy_bush"}
{"ctxid": 0, "pos": [3364.021, -4188.742, 78.947], "rotationMatrix": [0.7683, -0.64009, 0.0, 0.64009, 0.7683, 0.0, 0.0, 0.0, 1.0], "scale": 0.5, "type": "fluffy_bush"}
{"ctxid": 0, "pos": [3353.372, -4197.005, 78.947], "rotationMatrix": [0.747185, -0.664616, 0.0, 0.664616, 0.747185, 0.0, 0.0, 0.0, 1.0], "scale": 0.5, "type": "fluffy_bush"}
{"ctxid": 0, "pos": [3364.236, -4187.997, 78.947], "rotationMatrix": [0.999978, -0.006674, 0.0, 0.006674, 0.999978, 0.0, 0.0, 0.0, 1.0], "scale": 0.5, "type": "fluffy_bush"}
{"ctxid": 0, "pos": [3350.423, -4193.112, 79.123], "rotationMatrix": [0.052308, 0.998631, 0.0, -0.998631, 0.052308, 0.0, 0.0, 0.0, 1.0], "scale": 0.5, "type": "fluffy_bush"}
{"ctxid": 0, "pos": [3361.542, -4184.916, 79.123], "rotationMatrix": [0.596189, -0.802844, 0.0, 0.802844, 0.596189, 0.0, 0.0, 0.0, 1.0], "scale": 0.5, "type": "fluffy_bush"}
{"ctxid": 0, "pos": [3350.234, -4193.072, 79.123], "rotationMatrix": [0.98974, 0.142881, 0.0, -0.142881, 0.98974, 0.0, 0.0, 0.0, 1.0], "scale": 0.5, "type": "fluffy_bush"}
{"ctxid": 0, "pos": [3365.484, -4181.146, 79.123], "rotationMatrix": [-0.786257, 0.6179, 0.0, -0.6179, -0.786257, 0.0, 0.0, 0.0, 1.0], "scale": 0.5, "type": "fluffy_bush"}
{"ctxid": 0, "pos": [3344.19, -4198.579, 79.123], "rotationMatrix": [-0.978889, 0.204392, 0.0, -0.204392, -0.978889, 0.0, 0.0, 0.0, 1.0], "scale": 0.5, "type": "fluffy_bush"}
{"ctxid": 0, "pos": [3345.72, -4196.462, 79.123], "rotationMatrix": [0.846898, -0.531756, 0.0, 0.531756, 0.846898, 0.0, 0.0, 0.0, 1.0], "scale": 0.5, "type": "fluffy_bush"}
{"ctxid": 0, "pos": [3346.907, -4189.033, 79.297], "rotationMatrix": [0.383674, -0.923468, 0.0, 0.923468, 0.383674, 0.0, 0.0, 0.0, 1.0], "scale": 0.5, "type": "fluffy_bush"}
{"ctxid": 0, "pos": [3347.092, -4189.254, 79.297], "rotationMatrix": [-0.745827, 0.66614, 0.0, -0.66614, -0.745827, 0.0, 0.0, 0.0, 1.0], "scale": 0.5, "type": "fluffy_bush"}
{"ctxid": 0, "pos": [3359.583, -4179.857, 79.297], "rotationMatrix": [0.535221, -0.844712, 0.0, 0.844712, 0.535221, 0.0, 0.0, 0.0, 1.0], "scale": 0.5, "type": "fluffy_bush"}
{"ctxid": 0, "pos": [3348.105, -4188.969, 79.297], "rotationMatrix": [-0.982207, -0.187802, 0.0, 0.187802, -0.982207, 0.0, 0.0, 0.0, 1.0], "scale": 0.5, "type": "fluffy_bush"}
{"ctxid": 0, "pos": [3358.402, -4180.349, 79.297], "rotationMatrix": [0.800976, 0.598696, 0.0, -0.598696, 0.800976, 0.0, 0.0, 0.0, 1.0], "scale": 0.5, "type": "fluffy_bush"}
{"ctxid": 0, "pos": [3347.258, -4188.39, 79.297], "rotationMatrix": [0.259875, -0.965642, 0.0, 0.965642, 0.259875, 0.0, 0.0, 0.0, 1.0], "scale": 0.5, "type": "fluffy_bush"}
{"ctxid": 0, "pos": [3341.524, -4193.297, 79.297], "rotationMatrix": [-0.732363, 0.680915, 0.0, -0.680915, -0.732363, 0.0, 0.0, 0.0, 1.0], "scale": 0.5, "type": "fluffy_bush"}
{"ctxid": 0, "pos": [3361.459, -4178.099, 79.297], "rotationMatrix": [0.107617, -0.994192, 0.0, 0.994192, 0.107617, 0.0, 0.0, 0.0, 1.0], "scale": 0.5, "type": "fluffy_bush"}
{"ctxid": 0, "pos": [3362.106, -4177.442, 79.297], "rotationMatrix": [-0.903339, -0.428928, 0.0, 0.428928, -0.903339, 0.0, 0.0, 0.0, 1.0], "scale": 0.5, "type": "fluffy_bush"}
{"ctxid": 0, "pos": [3345.216, -4189.626, 79.297], "rotationMatrix": [0.998293, 0.0584, 0.0, -0.0584, 0.998293, 0.0, 0.0, 0.0, 1.0], "scale": 0.5, "type": "fluffy_bush"}
{"ctxid": 0, "pos": [3365.887, -4175.133, 79.297], "rotationMatrix": [-0.865401, 0.501079, 0.0, -0.501079, -0.865401, 0.0, 0.0, 0.0, 1.0], "scale": 0.5, "type": "fluffy_bush"}
{"ctxid": 0, "pos": [3344.211, -4184.621, 79.467], "rotationMatrix": [-0.365048, 0.930989, 0.0, -0.930989, -0.365048, 0.0, 0.0, 0.0, 1.0], "scale": 0.5, "type": "fluffy_bush"}
{"ctxid": 0, "pos": [3345.453, -4184.27, 79.467], "rotationMatrix": [0.967792, -0.25175, 0.0, 0.25175, 0.967792, 0.0, 0.0, 0.0, 1.0], "scale": 0.5, "type": "fluffy_bush"}
{"ctxid": 0, "pos": [3344.818, -4183.699, 79.467], "rotationMatrix": [-0.898482, 0.43901, 0.0, -0.43901, -0.898482, 0.0, 0.0, 0.0, 1.0], "scale": 0.5, "type": "fluffy_bush"}
{"ctxid": 0, "pos": [3356.252, -4175.606, 79.467], "rotationMatrix": [-0.99986, 0.016705, 0.0, -0.016705, -0.99986, 0.0, 0.0, 0.0, 1.0], "scale": 0.5, "type": "fluffy_bush"}
{"ctxid": 0, "pos": [3339.579, -4188.782, 79.467], "rotationMatrix": [-0.667807, 0.744334, 0.0, -0.744334, -0.667807, 0.0, 0.0, 0.0, 1.0], "scale": 0.5, "type": "fluffy_bush"}
{"ctxid": 0, "pos": [3341.773, -4180.258, 79.624], "rotationMatrix": [0.800167, 0.599777, 0.0, -0.599777, 0.800167, 0.0, 0.0, 0.0, 1.0], "scale": 0.5, "type": "fluffy_bush"}
{"ctxid": 0, "pos": [3351.971, -4173.137, 79.624], "rotationMatrix": [-0.151179, 0.988506, 0.0, -0.988506, -0.151179, 0.0, 0.0, 0.0, 1.0], "scale": 0.5, "type": "fluffy_bush"}
{"ctxid": 0, "pos": [3352.16, -4172.131, 79.624], "rotationMatrix": [-0.775282, 0.631616, 0.0, -0.631616, -0.775282, 0.0, 0.0, 0.0, 1.0], "scale": 0.5, "type": "fluffy_bush"}
{"ctxid": 0, "pos": [3342.195, -4179.381, 79.624], "rotationMatrix": [0.886805, 0.462144, 0.0, -0.462144, 0.886805, 0.0, 0.0, 0.0, 1.0], "scale": 0.5, "type": "fluffy_bush"}
{"ctxid": 0, "pos": [3334.312, -4185.396, 79.624], "rotationMatrix": [0.886983, 0.461802, 0.0, -0.461802, 0.886983, 0.0, 0.0, 0.0, 1.0], "scale": 0.5, "type": "fluffy_bush"}
{"ctxid": 0, "pos": [3357.478, -4168.011, 79.624], "rotationMatrix": [0.208753, -0.977968, 0.0, 0.977968, 0.208753, 0.0, 0.0, 0.0, 1.0], "scale": 0.5, "type": "fluffy_bush"}
{"ctxid": 0, "pos": [3338.616, -4175.53, 79.748], "rotationMatrix": [0.035772, -0.99936, 0.0, 0.99936, 0.035772, 0.0, 0.0, 0.0, 1.0], "scale": 0.5, "type": "fluffy_bush"}
{"ctxid": 0, "pos": [3348.469, -4168.738, 79.748], "rotationMatrix": [-0.582212, -0.813037, 0.0, 0.813037, -0.582212, 0.0, 0.0, 0.0, 1.0], "scale": 0.5, "type": "fluffy_bush"}
{"ctxid": 0, "pos": [3339.303, -4175.727, 79.748], "rotationMatrix": [0.763274, 0.646075, 0.0, -0.646075, 0.763274, 0.0, 0.0, 0.0, 1.0], "scale": 0.5, "type": "fluffy_bush"}
{"ctxid": 0, "pos": [3357.287, -4161.621, 79.748], "rotationMatrix": [0.166966, 0.985963, 0.0, -0.985963, 0.166966, 0.0, 0.0, 0.0, 1.0], "scale": 0.5, "type": "fluffy_bush"}
{"ctxid": 0, "pos": [3335.055, -4178.522, 79.748], "rotationMatrix": [0.731123, -0.682246, 0.0, 0.682246, 0.731123, 0.0, 0.0, 0.0, 1.0], "scale": 0.5, "type": "fluffy_bush"}
{"ctxid": 0, "pos": [3352.682, -4165.5, 79.748], "rotationMatrix": [0.00448, 0.99999, 0.0, -0.99999, 0.00448, 0.0, 0.0, 0.0, 1.0], "scale": 0.5, "type": "fluffy_bush"}
{"ctxid": 0, "pos": [3345.304, -4164.375, 79.835], "rotationMatrix": [-0.562983, 0.826468, 0.0, -0.826468, -0.562983, 0.0, 0.0, 0.0, 1.0], "scale": 0.5, "type": "fluffy_bush"}
{"ctxid": 0, "pos": [3352.233, -4159.718, 79.835], "rotationMatrix": [-0.739215, -0.67347, 0.0, 0.67347, -0.739215, 0.0, 0.0, 0.0, 1.0], "scale": 0.5, "type": "fluffy_bush"}
{"ctxid": 0, "pos": [3333.315, -4166.794, 79.923], "rotationMatrix": [-0.898186, 0.439615, 0.0, -0.439615, -0.898186, 0.0, 0.0, 0.0, 1.0], "scale": 0.5, "type": "fluffy_bush"}
{"ctxid": 0, "pos": [3331.175, -4168.044, 79.923], "rotationMatrix": [0.241968, -0.970284, 0.0, 0.970284, 0.241968, 0.0, 0.0, 0.0, 1.0], "scale": 0.5, "type": "fluffy_bush"}
{"ctxid": 0, "pos": [3342.445, -4160.042, 79.923], "rotationMatrix": [-0.578291, 0.815831, 0.0, -0.815831, -0.578291, 0.0, 0.0, 0.0, 1.0], "scale": 0.5, "type": "fluffy_bush"}
{"ctxid": 0, "pos": [3326.746, -4171.992, 79.923], "rotationMatrix": [-0.979159, 0.203095, 0.0, -0.203095, -0.979159, 0.0, 0.0, 0.0, 1.0], "scale": 0.5, "type": "fluffy_bush"}
{"ctxid": 0, "pos": [3350.299, -4153.636, 79.923], "rotationMatrix": [-0.409773, -0.912188, 0.0, 0.912188, -0.409773, 0.0, 0.0, 0.0, 1.0], "scale": 0.5, "type": "fluffy_bush"}
{"ctxid": 0, "pos": [3327.871, -4170.664, 79.923], "rotationMatrix": [0.554495, -0.832187, 0.0, 0.832187, 0.554495, 0.0, 0.0, 0.0, 1.0], "scale": 0.5, "type": "fluffy_bush"}
{"ctxid": 0, "pos": [3344.655, -4158.911, 79.923], "rotationMatrix": [0.141666, 0.989914, 0.0, -0.989914, 0.141666, 0.0, 0.0, 0.0, 1.0], "scale": 0.5, "type": "fluffy_bush"}
{"ctxid": 0, "pos": [3328.896, -4163.447, 80.073], "rotationMatrix": [-0.140423, -0.990092, 0.0, 0.990092, -0.140423, 0.0, 0.0, 0.0, 1.0], "scale": 0.5, "type": "fluffy_bush"}
{"ctxid": 0, "pos": [3339.681, -4155.125, 80.073], "rotationMatrix": [0.183774, 0.982969, 0.0, -0.982969, 0.183774, 0.0, 0.0, 0.0, 1.0], "scale": 0.5, "type": "fluffy_bush"}
{"ctxid": 0, "pos": [3329.283, -4163.271, 80.073], "rotationMatrix": [0.899347, 0.437236, 0.0, -0.437236, 0.899347, 0.0, 0.0, 0.0, 1.0], "scale": 0.5, "type": "fluffy_bush"}
{"ctxid": 0, "pos": [3339.769, -4154.922, 80.073], "rotationMatrix": [-0.840651, -0.541578, 0.0, 0.541578, -0.840651, 0.0, 0.0, 0.0, 1.0], "scale": 0.5, "type": "fluffy_bush"}
{"ctxid": 0, "pos": [3322.029, -4168.304, 80.073], "rotationMatrix": [0.989958, -0.141363, 0.0, 0.141363, 0.989958, 0.0, 0.0, 0.0, 1.0], "scale": 0.629, "type": "fluffy_bush"}
{"ctxid": 0, "pos": [3344.168, -4151.787, 80.073], "rotationMatrix": [0.96013, -0.279554, 0.0, 0.279554, 0.96013, 0.0, 0.0, 0.0, 1.0], "scale": 0.5, "type": "fluffy_bush"}
{"ctxid": 0, "pos": [3325.463, -4159.228, 80.315], "rotationMatrix": [0.456224, -0.889865, 0.0, 0.889865, 0.456224, 0.0, 0.0, 0.0, 1.0], "scale": 0.5, "type": "fluffy_bush"}
{"ctxid": 0, "pos": [3337.725, -4150.445, 80.315], "rotationMatrix": [-0.818345, 0.574728, 0.0, -0.574728, -0.818345, 0.0, 0.0, 0.0, 1.0], "scale": 0.5, "type": "fluffy_bush"}
{"ctxid": 0, "pos": [3336.113, -4151.998, 80.315], "rotationMatrix": [0.565221, 0.82494, 0.0, -0.82494, 0.565221, 0.0, 0.0, 0.0, 1.0], "scale": 0.5, "type": "fluffy_bush"}
{"ctxid": 0, "pos": [3337.787, -4150.598, 80.315], "rotationMatrix": [0.163463, -0.986549, 0.0, 0.986549, 0.163463, 0.0, 0.0, 0.0, 1.0], "scale": 0.5, "type": "fluffy_bush"}
{"ctxid": 0, "pos": [3323.546, -4161.65, 80.315], "rotationMatrix": [0.994063, -0.108802, 0.0, 0.108802, 0.994063, 0.0, 0.0, 0.0, 1.0], "scale": 0.5, "type": "fluffy_bush"}
{"ctxid": 0, "pos": [3339.506, -4149.679, 80.315], "rotationMatrix": [0.996829, 0.079571, 0.0, -0.079571, 0.996829, 0.0, 0.0, 0.0, 1.0], "scale": 0.5, "type": "fluffy_bush"}
{"ctxid": 0, "pos": [3317.466, -4165.398, 80.315], "rotationMatrix": [0.999723, 0.023523, 0.0, -0.023523, 0.999723, 0.0, 0.0, 0.0, 1.0], "scale": 0.5, "type": "fluffy_bush"}
{"ctxid": 0, "pos": [3317.512, -4165.177, 80.315], "rotationMatrix": [0.16763, 0.98585, 0.0, -0.98585, 0.16763, 0.0, 0.0, 0.0, 1.0], "scale": 0.5, "type": "fluffy_bush"}
{"ctxid": 0, "pos": [3346.162, -4144.833, 80.315], "rotationMatrix": [-0.967393, -0.253278, 0.0, 0.253278, -0.967393, 0.0, 0.0, 0.0, 1.0], "scale": 0.5, "type": "fluffy_bush"}
{"ctxid": 0, "pos": [3322.789, -4155.973, 80.627], "rotationMatrix": [-0.620605, 0.784123, 0.0, -0.784123, -0.620605, 0.0, 0.0, 0.0, 1.0], "scale": 0.5, "type": "fluffy_bush"}
{"ctxid": 0, "pos": [3337.209, -4145.345, 80.627], "rotationMatrix": [0.894136, 0.447795, 0.0, -0.447795, 0.894136, 0.0, 0.0, 0.0, 1.0], "scale": 0.5, "type": "fluffy_bush"}
{"ctxid": 0, "pos": [3342.32, -4140.926, 80.627], "rotationMatrix": [-0.998651, 0.051928, 0.0, -0.051928, -0.998651, 0.0, 0.0, 0.0, 1.0], "scale": 0.5, "type": "fluffy_bush"}
{"ctxid": 0, "pos": [3314.45, -4160.789, 80.627], "rotationMatrix": [-0.696082, 0.717963, 0.0, -0.717963, -0.696082, 0.0, 0.0, 0.0, 1.0], "scale": 0.5, "type": "fluffy_bush"}
{"ctxid": 0, "pos": [3330.954, -4142.748, 80.964], "rotationMatrix": [-0.219428, 0.975629, 0.0, -0.975629, -0.219428, 0.0, 0.0, 0.0, 1.0], "scale": 0.5, "type": "fluffy_bush"}
{"ctxid": 0, "pos": [3336.602, -4137.949, 80.964], "rotationMatrix": [-0.827152, -0.561979, 0.0, 0.561979, -0.827152, 0.0, 0.0, 0.0, 1.0], "scale": 0.5, "type": "fluffy_bush"}
{"ctxid": 0, "pos": [3315.39, -4153.578, 80.964], "rotationMatrix": [-0.995146, -0.098409, 0.0, 0.098409, -0.995146, 0.0, 0.0, 0.0, 1.0], "scale": 0.5, "type": "fluffy_bush"}
{"ctxid": 0, "pos": [3337.291, -4138.262, 80.964], "rotationMatrix": [-0.971795, 0.235829, 0.0, -0.235829, -0.971795, 0.0, 0.0, 0.0, 1.0], "scale": 0.5, "type": "fluffy_bush"}
{"ctxid": 0, "pos": [3316.057, -4146.838, 81.29], "rotationMatrix": [0.203293, 0.979118, 0.0, -0.979118, 0.203293, 0.0, 0.0, 0.0, 1.0], "scale": 0.5, "type": "fluffy_bush"}
{"ctxid": 0, "pos": [3316.847, -4146.631, 81.29], "rotationMatrix": [-0.42709, 0.904209, 0.0, -0.904209, -0.42709, 0.0, 0.0, 0.0, 1.0], "scale": 0.5, "type": "fluffy_bush"}
{"ctxid": 0, "pos": [3330.742, -4136.763, 81.29], "rotationMatrix": [0.353973, 0.935256, 0.0, -0.935256, 0.353973, 0.0, 0.0, 0.0, 1.0], "scale": 0.5, "type": "fluffy_bush"}
{"ctxid": 0, "pos": [3331.542, -4135.774, 81.29], "rotationMatrix": [-0.085936, 0.996301, 0.0, -0.996301, -0.085936, 0.0, 0.0, 0.0, 1.0], "scale": 0.5, "type": "fluffy_bush"}
{"ctxid": 0, "pos": [3313.221, -4142.464, 81.582], "rotationMatrix": [-0.991347, -0.131266, 0.0, 0.131266, -0.991347, 0.0, 0.0, 0.0, 1.0], "scale": 0.5, "type": "fluffy_bush"}
{"ctxid": 0, "pos": [3312.846, -4142.454, 81.582], "rotationMatrix": [0.451707, 0.892166, 0.0, -0.892166, 0.451707, 0.0, 0.0, 0.0, 1.0], "scale": 0.5, "type": "fluffy_bush"}
{"ctxid": 0, "pos": [3325.312, -4134.133, 81.582], "rotationMatrix": [-0.656737, -0.75412, 0.0, 0.75412, -0.656737, 0.0, 0.0, 0.0, 1.0], "scale": 0.5, "type": "fluffy_bush"}
{"ctxid": 0, "pos": [3305.742, -4147.461, 81.582], "rotationMatrix": [0.515661, 0.856793, 0.0, -0.856793, 0.515661, 0.0, 0.0, 0.0, 1.0], "scale": 0.5, "type": "fluffy_bush"}
{"ctxid": 0, "pos": [3307.542, -4145.753, 81.582], "rotationMatrix": [0.794724, -0.60697, 0.0, 0.60697, 0.794724, 0.0, 0.0, 0.0, 1.0], "scale": 0.5, "type": "fluffy_bush"}
{"ctxid": 0, "pos": [3322.005, -4129.563, 81.822], "rotationMatrix": [-0.795991, -0.605308, 0.0, 0.605308, -0.795991, 0.0, 0.0, 0.0, 1.0], "scale": 0.5, "type": "fluffy_bush"}
{"ctxid": 0, "pos": [3310.007, -4138.028, 81.822], "rotationMatrix": [0.828709, -0.55968, 0.0, 0.55968, 0.828709, 0.0, 0.0, 0.0, 1.0], "scale": 0.5, "type": "fluffy_bush"}
{"ctxid": 0, "pos": [3318.917, -4125.909, 82.002], "rotationMatrix": [0.65872, -0.752389, 0.0, 0.752389, 0.65872, 0.0, 0.0, 0.0, 1.0], "scale": 0.5, "type": "fluffy_bush"}
{"ctxid": 0, "pos": [3299.868, -4139.278, 82.002], "rotationMatrix": [0.162102, -0.986774, 0.0, 0.986774, 0.162102, 0.0, 0.0, 0.0, 1.0], "scale": 0.5, "type": "fluffy_bush"}
{"ctxid": 0, "pos": [3305.321, -4128.736, 82.138], "rotationMatrix": [0.963732, 0.266873, 0.0, -0.266873, 0.963732, 0.0, 0.0, 0.0, 1.0], "scale": 0.5, "type": "fluffy_bush"}
