{"ctxid": 0, "pos": [3554.663, -4441.88, 72.524], "rotationMatrix": [-0.77103, 0.636798, 0.0, -0.636798, -0.77103, 0.0, 0.0, 0.0, 1.0], "scale": 0.5, "type": "generibush"}
{"ctxid": 0, "pos": [3555.12, -4441.341, 72.524], "rotationMatrix": [-0.105164, 0.994455, 0.0, -0.994455, -0.105164, 0.0, 0.0, 0.0, 1.0], "scale": 0.5, "type": "generibush"}
{"ctxid": 0, "pos": [3548.002, -4431.328, 72.709], "rotationMatrix": [0.066367, 0.997795, 0.0, -0.997795, 0.066367, 0.0, 0.0, 0.0, 1.0], "scale": 0.5, "type": "generibush"}
{"ctxid": 0, "pos": [3536.259, -4439.227, 72.709], "rotationMatrix": [0.904466, 0.426545, 0.0, -0.426545, 0.904466, 0.0, 0.0, 0.0, 1.0], "scale": 0.5, "type": "generibush"}
{"ctxid": 0, "pos": [3548.753, -4430.634, 72.709], "rotationMatrix": [-0.980907, 0.194475, 0.0, -0.194475, -0.980907, 0.0, 0.0, 0.0, 1.0], "scale": 0.5, "type": "generibush"}
{"ctxid": 0, "pos": [3539.686, -4417.578, 73.071], "rotationMatrix": [0.41943, -0.907788, 0.0, 0.907788, 0.41943, 0.0, 0.0, 0.0, 1.0], "scale": 0.5, "type": "generibush"}
{"ctxid": 0, "pos": [3522.587, -4421.047, 73.221], "rotationMatrix": [0.548415, 0.836206, 0.0, -0.836206, 0.548415, 0.0, 0.0, 0.0, 1.0], "scale": 0.5, "type": "generibush"}
{"ctxid": 0, "pos": [3534.144, -4412.023, 73.221], "rotationMatrix": [-0.789991, -0.613119, 0.0, 0.613119, -0.789991, 0.0, 0.0, 0.0, 1.0], "scale": 0.5, "type": "generibush"}
{"ctxid": 0, "pos": [3535.704, -4411.267, 73.221], "rotationMatrix": [-0.558549, 0.829471, 0.0, -0.829471, -0.558549, 0.0, 0.0, 0.0, 1.0], "scale": 0.5, "type": "generibush"}
{"ctxid": 0, "pos": [3520.793, -4416.013, 73.315], "rotationMatrix": [-0.105557, -0.994413, 0.0, 0.994413, -0.105557, 0.0, 0.0, 0.0, 1.0], "scale": 0.5, "type": "generibush"}
{"ctxid": 0, "pos": [3520.628, -4415.837, 73.315], "rotationMatrix": [0.816588, -0.577221, 0.0, 0.577221, 0.816588, 0.0, 0.0, 0.0, 1.0], "scale": 0.5, "type": "generibush"}
{"ctxid": 0, "pos": [3510.199, -4403.717, 73.637], "rotationMatrix": [0.892235, -0.451571, 0.0, 0.451571, 0.892235, 0.0, 0.0, 0.0, 1.0], "scale": 0.557, "type": "generibush"}
{"ctxid": 0, "pos": [3525.287, -4392.004, 73.637], "rotationMatrix": [-0.117787, -0.993039, 0.0, 0.993039, -0.117787, 0.0, 0.0, 0.0, 1.0], "scale": 0.5, "type": "generibush"}
{"ctxid": 0, "pos": [3508.893, -4379.598, 74.077], "rotationMatrix": [0.372964, 0.927846, 0.0, -0.927846, 0.372964, 0.0, 0.0, 0.0, 1.0], "scale": 0.5, "type": "generibush"}
{"ctxid": 0, "pos": [3503.228, -4371.555, 74.262], "rotationMatrix": [-0.566653, 0.823957, 0.0, -0.823957, -0.566653, 0.0, 0.0, 0.0, 1.0], "scale": 0.533, "type": "generibush"}
{"ctxid": 0, "pos": [3502.789, -4371.387, 74.262], "rotationMatrix": [0.936556, -0.350518, 0.0, 0.350518, 0.936556, 0.0, 0.0, 0.0, 1.0], "scale": 0.5, "type": "generibush"}
{"ctxid": 0, "pos": [3484.815, -4384.029, 74.262], "rotationMatrix": [-0.706224, 0.707989, 0.0, -0.707989, -0.706224, 0.0, 0.0, 0.0, 1.0], "scale": 0.5, "type": "generibush"}
{"ctxid": 0, "pos": [3486.201, -4371.32, 74.454], "rotationMatrix": [0.637235, 0.770669, 0.0, -0.770669, 0.637235, 0.0, 0.0, 0.0, 1.0], "scale": 0.5, "type": "generibush"}
{"ctxid": 0, "pos": [3497.743, -4362.408, 74.454], "rotationMatrix": [-0.115776, -0.993275, 0.0, 0.993275, -0.115776, 0.0, 0.0, 0.0, 1.0], "scale": 0.5, "type": "generibush"}
{"ctxid": 0, "pos": [3475.305, -4360.232, 74.747], "rotationMatrix": [-0.194183, -0.980965, 0.0, 0.980965, -0.194183, 0.0, 0.0, 0.0, 1.0], "scale": 0.5, "type": "generibush"}
{"ctxid": 0, "pos": [3491.258, -4348.296, 74.747], "rotationMatrix": [0.022904, 0.999738, 0.0, -0.999738, 0.022904, 0.0, 0.0, 0.0, 1.0], "scale": 0.5, "type": "generibush"}
{"ctxid": 0, "pos": [3470.512, -4350.581, 74.957], "rotationMatrix": [0.657274, -0.753652, 0.0, 0.753652, 0.657274, 0.0, 0.0, 0.0, 1.0], "scale": 0.5, "type": "generibush"}
{"ctxid": 0, "pos": [3483.99, -4340.454, 74.957], "rotationMatrix": [0.885847, 0.463978, 0.0, -0.463978, 0.885847, 0.0, 0.0, 0.0, 1.0], "scale": 0.5, "type": "generibush"}
{"ctxid": 0, "pos": [3467.726, -4345.673, 75.078], "rotationMatrix": [0.983262, 0.182198, 0.0, -0.182198, 0.983262, 0.0, 0.0, 0.0, 1.0], "scale": 0.5, "type": "generibush"}
{"ctxid": 0, "pos": [3476.965, -4332.052, 75.201], "rotationMatrix": [0.252981, -0.967471, 0.0, 0.967471, 0.252981, 0.0, 0.0, 0.0, 1.0], "scale": 0.547, "type": "generibush"}
{"ctxid": 0, "pos": [3452.362, -4324.499, 75.638], "rotationMatrix": [0.90253, 0.430627, 0.0, -0.430627, 0.90253, 0.0, 0.0, 0.0, 1.0], "scale": 0.568, "type": "generibush"}
{"ctxid": 0, "pos": [3443.909, -4330.906, 75.638], "rotationMatrix": [0.134023, -0.990978, 0.0, 0.990978, 0.134023, 0.0, 0.0, 0.0, 1.0], "scale": 0.5, "type": "generibush"}
{"ctxid": 0, "pos": [3466.317, -4314.502, 75.638], "rotationMatrix": [0.94966, 0.313281, 0.0, -0.313281, 0.94966, 0.0, 0.0, 0.0, 1.0], "scale": 0.5, "type": "generibush"}
{"ctxid": 0, "pos": [3460.167, -4312.063, 75.734], "rotationMatrix": [0.593661, 0.804715, 0.0, -0.804715, 0.593661, 0.0, 0.0, 0.0, 1.0], "scale": 0.5, "type": "generibush"}
{"ctxid": 0, "pos": [3455.958, -4308.841, 75.823], "rotationMatrix": [-0.163407, 0.986559, 0.0, -0.986559, -0.163407, 0.0, 0.0, 0.0, 1.0], "scale": 0.566, "type": "generibush"}
{"ctxid": 0, "pos": [3459.59, -4299.48, 75.906], "rotationMatrix": [0.992571, 0.121667, 0.0, -0.121667, 0.992571, 0.0, 0.0, 0.0, 1.0], "scale": 0.5, "type": "generibush"}
{"ctxid": 0, "pos": [3427.525, -4309.847, 76.056], "rotationMatrix": [-0.722865, 0.690989, 0.0, -0.690989, -0.722865, 0.0, 0.0, 0.0, 1.0], "scale": 0.5, "type": "generibush"}
{"ctxid": 0, "pos": [3440.789, -4286.594, 76.223], "rotationMatrix": [-0.896355, 0.443337, 0.0, -0.443337, -0.896355, 0.0, 0.0, 0.0, 1.0], "scale": 0.543, "type": "generibush"}
{"ctxid": 0, "pos": [3427.825, -4269.808, 76.812], "rotationMatrix": [0.997605, -0.069163, 0.0, 0.069163, 0.997605, 0.0, 0.0, 0.0, 1.0], "scale": 0.5, "type": "generibush"}
{"ctxid": 0, "pos": [3408.383, -4265.691, 77.216], "rotationMatrix": [0.6203, 0.784365, 0.0, -0.784365, 0.6203, 0.0, 0.0, 0.0, 1.0], "scale": 0.5, "type": "generibush"}
{"ctxid": 0, "pos": [3411.765, -4250.237, 77.43], "rotationMatrix": [0.95588, 0.293757, 0.0, -0.293757, 0.95588, 0.0, 0.0, 0.0, 1.0], "scale": 0.51, "type": "generibush"}
{"ctxid": 0, "pos": [3384.438, -4251.965, 77.671], "rotationMatrix": [0.766407, 0.642356, 0.0, -0.642356, 0.766407, 0.0, 0.0, 0.0, 1.0], "scale": 0.528, "type": "generibush"}
{"ctxid": 0, "pos": [3397.137, -4228.777, 77.799], "rotationMatrix": [-0.939531, 0.342463, 0.0, -0.342463, -0.939531, 0.0, 0.0, 0.0, 1.0], "scale": 0.534, "type": "generibush"}
{"ctxid": 0, "pos": [3373.784, -4233.666, 77.969], "rotationMatrix": [-0.999924, -0.012304, 0.0, 0.012304, -0.999924, 0.0, 0.0, 0.0, 1.0], "scale": 0.5, "type": "generibush"}
{"ctxid": 0, "pos": [3372.3, -4221.709, 78.134], "rotationMatrix": [0.897425, 0.441166, 0.0, -0.441166, 0.897425, 0.0, 0.0, 0.0, 1.0], "scale": 0.5, "type": "generibush"}
{"ctxid": 0, "pos": [3376.475, -4205.312, 78.296], "rotationMatrix": [-0.757538, 0.652791, 0.0, -0.652791, -0.757538, 0.0, 0.0, 0.0, 1.0], "scale": 0.5, "type": "generibush"}
{"ctxid": 0, "pos": [3363.733, -4209.582, 78.428], "rotationMatrix": [0.843287, -0.537463, 0.0, 0.537463, 0.843287, 0.0, 0.0, 0.0, 1.0], "scale": 0.5, "type": "generibush"}
{"ctxid": 0, "pos": [3364.069, -4208.562, 78.428], "rotationMatrix": [-0.425124, 0.905135, 0.0, -0.905135, -0.425124, 0.0, 0.0, 0.0, 1.0], "scale": 0.503, "type": "generibush"}
{"ctxid": 0, "pos": [3359.248, -4205.15, 78.593], "rotationMatrix": [0.541967, -0.8404, 0.0, 0.8404, 0.541967, 0.0, 0.0, 0.0, 1.0], "scale": 0.5, "type": "generibush"}
{"ctxid": 0, "pos": [3367.094, -4193.104, 78.77], "rotationMatrix": [0.865665, -0.500624, 0.0, 0.500624, 0.865665, 0.0, 0.0, 0.0, 1.0], "scale": 0.546, "type": "generibush"}
{"ctxid": 0, "pos": [3373.722, -4187.502, 78.77], "rotationMatrix": [0.065772, -0.997835, 0.0, 0.997835, 0.065772, 0.0, 0.0, 0.0, 1.0], "scale": 0.55, "type": "generibush"}
{"ctxid": 0, "pos": [3364.099, -4188.192, 78.947], "rotationMatrix": [0.850555, 0.525886, 0.0, -0.525886, 0.850555, 0.0, 0.0, 0.0, 1.0], "scale": 0.646, "type": "generibush"}
{"ctxid": 0, "pos": [3373.201, -4182.363, 78.947], "rotationMatrix": [0.998221, 0.059619, 0.0, -0.059619, 0.998221, 0.0, 0.0, 0.0, 1.0], "scale": 0.5, "type": "generibush"}
{"ctxid": 0, "pos": [3362.851, -4183.77, 79.123], "rotationMatrix": [-0.821753, -0.569844, 0.0, 0.569844, -0.821753, 0.0, 0.0, 0.0, 1.0], "scale": 0.5, "type": "generibush"}
{"ctxid": 0, "pos": [3345.121, -4183.814, 79.467], "rotationMatrix": [-0.804629, 0.593777, 0.0, -0.593777, -0.804629, 0.0, 0.0, 0.0, 1.0], "scale": 0.5, "type": "generibush"}
{"ctxid": 0, "pos": [3351.535, -4172.587, 79.624], "rotationMatrix": [-0.923535, -0.383515, 0.0, 0.383515, -0.923535, 0.0, 0.0, 0.0, 1.0], "scale": 0.591, "type": "generibush"}
{"ctxid": 0, "pos": [3335.54, -4184.638, 79.624], "rotationMatrix": [-0.291909, -0.956446, 0.0, 0.956446, -0.291909, 0.0, 0.0, 0.0, 1.0], "scale": 0.532, "type": "generibush"}
{"ctxid": 0, "pos": [3337.132, -4176.327, 79.748], "rotationMatrix": [0.498556, -0.866857, 0.0, 0.866857, 0.498556, 0.0, 0.0, 0.0, 1.0], "scale": 0.5, "type": "generibush"}
{"ctxid": 0, "pos": [3323.793, -4173.4, 79.923], "rotationMatrix": [-0.420961, -0.907079, 0.0, 0.907079, -0.420961, 0.0, 0.0, 0.0, 1.0], "scale": 0.5, "type": "generibush"}
{"ctxid": 0, "pos": [3340.68, -4155.217, 80.073], "rotationMatrix": [-0.382052, -0.924141, 0.0, 0.924141, -0.382052, 0.0, 0.0, 0.0, 1.0], "scale": 0.516, "type": "generibush"}
{"ctxid": 0, "pos": [3327.183, -4164.701, 80.073], "rotationMatrix": [-0.88873, -0.458432, 0.0, 0.458432, -0.88873, 0.0, 0.0, 0.0, 1.0], "scale": 0.741, "type": "generibush"}
{"ctxid": 0, "pos": [3330.904, -4141.978, 80.964], "rotationMatrix": [-0.404272, 0.914639, 0.0, -0.914639, -0.404272, 0.0, 0.0, 0.0, 1.0], "scale": 0.5, "type": "generibush"}
{"ctxid": 0, "pos": [3320.505, -4150.658, 80.964], "rotationMatrix": [-0.58735, -0.809333, 0.0, 0.809333, -0.58735, 0.0, 0.0, 0.0, 1.0], "scale": 0.5, "type": "generibush"}
{"ctxid": 0, "pos": [3316.078, -4147.006, 81.29], "rotationMatrix": [-0.891667, 0.452692, 0.0, -0.452692, -0.891667, 0.0, 0.0, 0.0, 1.0], "scale": 0.5, "type": "generibush"}
{"ctxid": 0, "pos": [3327.902, -4138.83, 81.29], "rotationMatrix": [0.445644, 0.89521, 0.0, -0.89521, 0.445644, 0.0, 0.0, 0.0, 1.0], "scale": 0.509, "type": "generibush"}
{"ctxid": 0, "pos": [3327.489, -4139.151, 81.29], "rotationMatrix": [-0.116383, 0.993204, 0.0, -0.993204, -0.116383, 0.0, 0.0, 0.0, 1.0], "scale": 0.513, "type": "generibush"}
{"ctxid": 0, "pos": [3325.113, -4133.895, 81.582], "rotationMatrix": [-0.240645, -0.970613, 0.0, 0.970613, -0.240645, 0.0, 0.0, 0.0, 1.0], "scale": 0.604, "type": "generibush"}
{"ctxid": 0, "pos": [3312.876, -4142.081, 81.582], "rotationMatrix": [0.301741, 0.95339, 0.0, -0.95339, 0.301741, 0.0, 0.0, 0.0, 1.0], "scale": 0.5, "type": "generibush"}
{"ctxid": 0, "pos": [3327.88, -4132.037, 81.582], "rotationMatrix": [0.037545, -0.999295, 0.0, 0.999295, 0.037545, 0.0, 0.0, 0.0, 1.0], "scale": 0.5, "type": "generibush"}
{"ctxid": 0, "pos": [3321.695, -4130.522, 81.822], "rotationMatrix": [0.914502, -0.404582, 0.0, 0.404582, 0.914502, 0.0, 0.0, 0.0, 1.0], "scale": 0.5, "type": "generibush"}
{"ctxid": 0, "pos": [3311.276, -4137.667, 81.822], "rotationMatrix": [-0.7486, 0.663022, 0.0, -0.663022, -0.7486, 0.0, 0.0, 0.0, 1.0], "scale": 0.5, "type": "generibush"}
{"ctxid": 0, "pos": [3307.88, -4140.143, 81.822], "rotationMatrix": [0.994131, -0.108186, 0.0, 0.108186, 0.994131, 0.0, 0.0, 0.0, 1.0], "scale": 0.5, "type": "generibush"}
{"ctxid": 0, "pos": [3306.563, -4140.578, 81.822], "rotationMatrix": [-0.165994, -0.986127, 0.0, 0.986127, -0.165994, 0.0, 0.0, 0.0, 1.0], "scale": 0.5, "type": "generibush"}
{"ctxid": 0, "pos": [3306.171, -4134.918, 82.002], "rotationMatrix": [0.978135, 0.207971, 0.0, -0.207971, 0.978135, 0.0, 0.0, 0.0, 1.0], "scale": 0.5, "type": "generibush"}
{"ctxid": 0, "pos": [3309.33, -4113.207, 82.356], "rotationMatrix": [-0.184431, 0.982845, 0.0, -0.982845, -0.184431, 0.0, 0.0, 0.0, 1.0], "scale": 0.5, "type": "generibush"}
{"ctxid": 0, "pos": [3309.411, -4112.411, 82.356], "rotationMatrix": [-0.885563, -0.464519, 0.0, 0.464519, -0.885563, 0.0, 0.0, 0.0, 1.0], "scale": 0.5, "type": "generibush"}
{"ctxid": 0, "pos": [3313.718, -4110.137, 82.356], "rotationMatrix": [0.925136, -0.379637, 0.0, 0.379637, 0.925136, 0.0, 0.0, 0.0, 1.0], "scale": 0.5, "type": "generibush"}
{"ctxid": 0, "pos": [3305.991, -4109.084, 82.468], "rotationMatrix": [0.281381, 0.959596, 0.0, -0.959596, 0.281381, 0.0, 0.0, 0.0, 1.0], "scale": 0.541, "type": "generibush"}
{"ctxid": 0, "pos": [3288.998, -4120.796, 82.468], "rotationMatrix": [-0.462602, 0.886566, 0.0, -0.886566, -0.462602, 0.0, 0.0, 0.0, 1.0], "scale": 0.5, "type": "generibush"}
{"ctxid": 0, "pos": [3307.646, -4107.854, 82.468], "rotationMatrix": [0.992442, 0.122715, 0.0, -0.122715, 0.992442, 0.0, 0.0, 0.0, 1.0], "scale": 0.5, "type": "generibush"}
{"ctxid": 0, "pos": [3303.552, -4104.399, 82.59], "rotationMatrix": [0.403955, 0.914779, 0.0, -0.914779, 0.403955, 0.0, 0.0, 0.0, 1.0], "scale": 0.5, "type": "generibush"}
{"ctxid": 0, "pos": [3292.89, -4111.613, 82.59], "rotationMatrix": [0.328842, 0.944385, 0.0, -0.944385, 0.328842, 0.0, 0.0, 0.0, 1.0], "scale": 0.5, "type": "generibush"}
{"ctxid": 0, "pos": [3303.871, -4104.248, 82.59], "rotationMatrix": [-0.153865, -0.988092, 0.0, 0.988092, -0.153865, 0.0, 0.0, 0.0, 1.0], "scale": 0.5, "type": "generibush"}
{"ctxid": 0, "pos": [3309.279, -4100.604, 82.59], "rotationMatrix": [0.188947, -0.981987, 0.0, 0.981987, 0.188947, 0.0, 0.0, 0.0, 1.0], "scale": 0.501, "type": "generibush"}
{"ctxid": 0, "pos": [3287.22, -4114.736, 82.59], "rotationMatrix": [0.997003, 0.077357, 0.0, -0.077357, 0.997003, 0.0, 0.0, 0.0, 1.0], "scale": 0.5, "type": "generibush"}
{"ctxid": 0, "pos": [3307.266, -4101.104, 82.59], "rotationMatrix": [-0.970147, 0.242516, 0.0, -0.242516, -0.970147, 0.0, 0.0, 0.0, 1.0], "scale": 0.5, "type": "generibush"}
{"ctxid": 0, "pos": [3290.288, -4106.752, 82.719], "rotationMatrix": [0.993093, -0.117331, 0.0, 0.117331, 0.993093, 0.0, 0.0, 0.0, 1.0], "scale": 0.5, "type": "generibush"}
{"ctxid": 0, "pos": [3288.916, -4107.629, 82.719], "rotationMatrix": [0.492875, 0.8701, 0.0, -0.8701, 0.492875, 0.0, 0.0, 0.0, 1.0], "scale": 0.5, "type": "generibush"}
{"ctxid": 0, "pos": [3301.361, -4099.74, 82.719], "rotationMatrix": [-0.980243, 0.197798, 0.0, -0.197798, -0.980243, 0.0, 0.0, 0.0, 1.0], "scale": 0.5, "type": "generibush"}
{"ctxid": 0, "pos": [3282.131, -4112.598, 82.719], "rotationMatrix": [0.922685, 0.385554, 0.0, -0.385554, 0.922685, 0.0, 0.0, 0.0, 1.0], "scale": 0.5, "type": "generibush"}
{"ctxid": 0, "pos": [3304.147, -4097.546, 82.719], "rotationMatrix": [-0.441734, 0.897146, 0.0, -0.897146, -0.441734, 0.0, 0.0, 0.0, 1.0], "scale": 0.5, "type": "generibush"}
{"ctxid": 0, "pos": [3280.599, -4113.137, 82.719], "rotationMatrix": [-0.999604, 0.028139, 0.0, -0.028139, -0.999604, 0.0, 0.0, 0.0, 1.0], "scale": 0.503, "type": "generibush"}
{"ctxid": 0, "pos": [3287.751, -4102.639, 82.845], "rotationMatrix": [-0.722596, 0.691271, 0.0, -0.691271, -0.722596, 0.0, 0.0, 0.0, 1.0], "scale": 0.5, "type": "generibush"}
{"ctxid": 0, "pos": [3298.705, -4095.128, 82.845], "rotationMatrix": [0.010853, 0.999941, 0.0, -0.999941, 0.010853, 0.0, 0.0, 0.0, 1.0], "scale": 0.5, "type": "generibush"}
{"ctxid": 0, "pos": [3282.762, -4105.994, 82.845], "rotationMatrix": [0.987974, -0.154622, 0.0, 0.154622, 0.987974, 0.0, 0.0, 0.0, 1.0], "scale": 0.5, "type": "generibush"}
{"ctxid": 0, "pos": [3304.627, -4091.234, 82.845], "rotationMatrix": [0.25849, 0.966014, 0.0, -0.966014, 0.25849, 0.0, 0.0, 0.0, 1.0], "scale": 0.5, "type": "generibush"}
{"ctxid": 0, "pos": [3303.297, -4091.756, 82.845], "rotationMatrix": [-0.708656, -0.705554, 0.0, 0.705554, -0.708656, 0.0, 0.0, 0.0, 1.0], "scale": 0.5, "type": "generibush"}
{"ctxid": 0, "pos": [3283.978, -4098.861, 82.961], "rotationMatrix": [-0.95431, 0.298817, 0.0, -0.298817, -0.95431, 0.0, 0.0, 0.0, 1.0], "scale": 0.572, "type": "generibush"}
{"ctxid": 0, "pos": [3284.668, -4098.416, 82.961], "rotationMatrix": [0.82144, 0.570296, 0.0, -0.570296, 0.82144, 0.0, 0.0, 0.0, 1.0], "scale": 0.5, "type": "generibush"}
{"ctxid": 0, "pos": [3282.941, -4099.746, 82.961], "rotationMatrix": [-0.781892, -0.623414, 0.0, 0.623414, -0.781892, 0.0, 0.0, 0.0, 1.0], "scale": 0.5, "type": "generibush"}
{"ctxid": 0, "pos": [3284.15, -4098.523, 82.961], "rotationMatrix": [0.809848, -0.58664, 0.0, 0.58664, 0.809848, 0.0, 0.0, 0.0, 1.0], "scale": 0.5, "type": "generibush"}
{"ctxid": 0, "pos": [3278.458, -4102.409, 82.961], "rotationMatrix": [0.823796, 0.566886, 0.0, -0.566886, 0.823796, 0.0, 0.0, 0.0, 1.0], "scale": 0.529, "type": "generibush"}
{"ctxid": 0, "pos": [3292.378, -4085.781, 83.064], "rotationMatrix": [0.974589, 0.224003, 0.0, -0.224003, 0.974589, 0.0, 0.0, 0.0, 1.0], "scale": 0.5, "type": "generibush"}
{"ctxid": 0, "pos": [3298.018, -4083.152, 83.064], "rotationMatrix": [-0.986235, -0.16535, 0.0, 0.16535, -0.986235, 0.0, 0.0, 0.0, 1.0], "scale": 0.5, "type": "generibush"}
{"ctxid": 0, "pos": [3287.987, -4082.93, 83.155], "rotationMatrix": [0.92019, 0.391471, 0.0, -0.391471, 0.92019, 0.0, 0.0, 0.0, 1.0], "scale": 0.5, "type": "generibush"}
{"ctxid": 0, "pos": [3269.871, -4095.671, 83.155], "rotationMatrix": [-0.963406, -0.268047, 0.0, 0.268047, -0.963406, 0.0, 0.0, 0.0, 1.0], "scale": 0.5, "type": "generibush"}
{"ctxid": 0, "pos": [3271.12, -4094.447, 83.155], "rotationMatrix": [0.284679, -0.958623, 0.0, 0.958623, 0.284679, 0.0, 0.0, 0.0, 1.0], "scale": 0.5, "type": "generibush"}
{"ctxid": 0, "pos": [3285.715, -4077.844, 83.234], "rotationMatrix": [-0.620305, -0.784361, 0.0, 0.784361, -0.620305, 0.0, 0.0, 0.0, 1.0], "scale": 0.5, "type": "generibush"}
{"ctxid": 0, "pos": [3268.325, -4090.557, 83.234], "rotationMatrix": [0.481713, 0.876329, 0.0, -0.876329, 0.481713, 0.0, 0.0, 0.0, 1.0], "scale": 0.5, "type": "generibush"}
{"ctxid": 0, "pos": [3288.375, -4070.028, 83.299], "rotationMatrix": [0.575761, -0.817618, 0.0, 0.817618, 0.575761, 0.0, 0.0, 0.0, 1.0], "scale": 0.614, "type": "generibush"}
{"ctxid": 0, "pos": [3267.711, -4077.771, 83.352], "rotationMatrix": [-0.58049, -0.814267, 0.0, 0.814267, -0.58049, 0.0, 0.0, 0.0, 1.0], "scale": 0.5, "type": "generibush"}
{"ctxid": 0, "pos": [3280.863, -4068.818, 83.352], "rotationMatrix": [-0.760737, -0.649061, 0.0, 0.649061, -0.760737, 0.0, 0.0, 0.0, 1.0], "scale": 0.5, "type": "generibush"}
{"ctxid": 0, "pos": [3279.326, -4069.445, 83.352], "rotationMatrix": [-0.757463, 0.652878, 0.0, -0.652878, -0.757463, 0.0, 0.0, 0.0, 1.0], "scale": 0.5, "type": "generibush"}
{"ctxid": 0, "pos": [3264.946, -4073.382, 83.393], "rotationMatrix": [-0.512229, -0.858849, 0.0, 0.858849, -0.512229, 0.0, 0.0, 0.0, 1.0], "scale": 0.5, "type": "generibush"}
{"ctxid": 0, "pos": [3276.721, -4065.522, 83.393], "rotationMatrix": [-0.944884, 0.327404, 0.0, -0.327404, -0.944884, 0.0, 0.0, 0.0, 1.0], "scale": 0.5, "type": "generibush"}
{"ctxid": 0, "pos": [3258.938, -4077.635, 83.393], "rotationMatrix": [-0.910687, -0.413097, 0.0, 0.413097, -0.910687, 0.0, 0.0, 0.0, 1.0], "scale": 0.639, "type": "generibush"}
{"ctxid": 0, "pos": [3262.694, -4068.771, 83.421], "rotationMatrix": [-0.627765, -0.778403, 0.0, 0.778403, -0.627765, 0.0, 0.0, 0.0, 1.0], "scale": 0.552, "type": "generibush"}
{"ctxid": 0, "pos": [3273.539, -4061.779, 83.421], "rotationMatrix": [-0.33277, 0.943008, 0.0, -0.943008, -0.33277, 0.0, 0.0, 0.0, 1.0], "scale": 0.5, "type": "generibush"}
{"ctxid": 0, "pos": [3254.082, -4067.729, 83.438], "rotationMatrix": [-0.402275, 0.915519, 0.0, -0.915519, -0.402275, 0.0, 0.0, 0.0, 1.0], "scale": 0.5, "type": "generibush"}
{"ctxid": 0, "pos": [3275.414, -4053.205, 83.438], "rotationMatrix": [0.999794, 0.020319, 0.0, -0.020319, 0.999794, 0.0, 0.0, 0.0, 1.0], "scale": 0.5, "type": "generibush"}
{"ctxid": 0, "pos": [3261.382, -4044.181, 83.593], "rotationMatrix": [-0.65168, -0.758494, 0.0, 0.758494, -0.65168, 0.0, 0.0, 0.0, 1.0], "scale": 0.5, "type": "generibush"}
{"ctxid": 0, "pos": [3242.661, -4058.272, 83.593], "rotationMatrix": [0.059843, 0.998208, 0.0, -0.998208, 0.059843, 0.0, 0.0, 0.0, 1.0], "scale": 0.5, "type": "generibush"}
{"ctxid": 0, "pos": [3236.75, -4031.41, 85.33], "rotationMatrix": [-0.546907, -0.837194, 0.0, 0.837194, -0.546907, 0.0, 0.0, 0.0, 1.0], "scale": 0.5, "type": "generibush"}
{"ctxid": 0, "pos": [3233.318, -4035.833, 85.33], "rotationMatrix": [-0.467214, 0.884144, 0.0, -0.884144, -0.467214, 0.0, 0.0, 0.0, 1.0], "scale": 0.5, "type": "generibush"}
{"ctxid": 0, "pos": [3241.578, -4017.983, 85.884], "rotationMatrix": [-0.016298, -0.999867, 0.0, 0.999867, -0.016298, 0.0, 0.0, 0.0, 1.0], "scale": 0.5, "type": "generibush"}
{"ctxid": 0, "pos": [3231.038, -4028.65, 85.884], "rotationMatrix": [-0.842437, 0.538795, 0.0, -0.538795, -0.842437, 0.0, 0.0, 0.0, 1.0], "scale": 0.5, "type": "generibush"}
{"ctxid": 0, "pos": [3241.751, -4017.064, 85.884], "rotationMatrix": [0.002511, 0.999997, 0.0, -0.999997, 0.002511, 0.0, 0.0, 0.0, 1.0], "scale": 0.5, "type": "generibush"}
{"ctxid": 0, "pos": [3213.864, -4005.837, 87.096], "rotationMatrix": [-0.378411, -0.925638, 0.0, 0.925638, -0.378411, 0.0, 0.0, 0.0, 1.0], "scale": 0.5, "type": "generibush"}
{"ctxid": 0, "pos": [3214.168, -4007.403, 87.096], "rotationMatrix": [0.964048, -0.265728, 0.0, 0.265728, 0.964048, 0.0, 0.0, 0.0, 1.0], "scale": 0.57, "type": "generibush"}
{"ctxid": 0, "pos": [3186.665, -4018.696, 88.715], "rotationMatrix": [0.662414, 0.749138, 0.0, -0.749138, 0.662414, 0.0, 0.0, 0.0, 1.0], "scale": 0.5, "type": "generibush"}
{"ctxid": 0, "pos": [3186.714, -4003.471, 88.715], "rotationMatrix": [-0.819126, -0.573614, 0.0, 0.573614, -0.819126, 0.0, 0.0, 0.0, 1.0], "scale": 0.5, "type": "generibush"}
{"ctxid": 0, "pos": [3181.595, -4017.773, 89.167], "rotationMatrix": [-0.894208, -0.447653, 0.0, 0.447653, -0.894208, 0.0, 0.0, 0.0, 1.0], "scale": 0.5, "type": "generibush"}
{"ctxid": 0, "pos": [3181.3, -4003.961, 89.167], "rotationMatrix": [-0.970163, -0.242452, 0.0, 0.242452, -0.970163, 0.0, 0.0, 0.0, 1.0], "scale": 0.512, "type": "generibush"}
{"ctxid": 0, "pos": [3176.857, -4021.791, 89.626], "rotationMatrix": [-0.99826, 0.058972, 0.0, -0.058972, -0.99826, 0.0, 0.0, 0.0, 1.0], "scale": 0.5, "type": "generibush"}
{"ctxid": 0, "pos": [3171.115, -4006.787, 90.087], "rotationMatrix": [-0.388175, 0.921586, 0.0, -0.921586, -0.388175, 0.0, 0.0, 0.0, 1.0], "scale": 0.557, "type": "generibush"}
{"ctxid": 0, "pos": [3171.6, -4006.283, 90.087], "rotationMatrix": [0.306116, 0.951994, 0.0, -0.951994, 0.306116, 0.0, 0.0, 0.0, 1.0], "scale": 0.631, "type": "generibush"}
{"ctxid": 0, "pos": [3170.847, -4024.673, 90.087], "rotationMatrix": [-0.809764, -0.586756, 0.0, 0.586756, -0.809764, 0.0, 0.0, 0.0, 1.0], "scale": 0.5, "type": "generibush"}
{"ctxid": 0, "pos": [3171.379, -3998.132, 90.087], "rotationMatrix": [0.86706, 0.498203, 0.0, -0.498203, 0.86706, 0.0, 0.0, 0.0, 1.0], "scale": 0.504, "type": "generibush"}
{"ctxid": 0, "pos": [3161.144, -4020.249, 91.012], "rotationMatrix": [-0.964175, 0.265268, 0.0, -0.265268, -0.964175, 0.0, 0.0, 0.0, 1.0], "scale": 0.5, "type": "generibush"}
{"ctxid": 0, "pos": [3145.67, -4006.45, 92.412], "rotationMatrix": [-0.945665, -0.325144, 0.0, 0.325144, -0.945665, 0.0, 0.0, 0.0, 1.0], "scale": 0.508, "type": "generibush"}
{"ctxid": 0, "pos": [3140.696, -4006.266, 92.882], "rotationMatrix": [0.435829, -0.900029, 0.0, 0.900029, 0.435829, 0.0, 0.0, 0.0, 1.0], "scale": 0.501, "type": "generibush"}
{"ctxid": 0, "pos": [3140.349, -4018.674, 92.882], "rotationMatrix": [0.978773, 0.204948, 0.0, -0.204948, 0.978773, 0.0, 0.0, 0.0, 1.0], "scale": 0.553, "type": "generibush"}
{"ctxid": 0, "pos": [3134.977, -4020.649, 93.356], "rotationMatrix": [-0.225569, -0.974227, 0.0, 0.974227, -0.225569, 0.0, 0.0, 0.0, 1.0], "scale": 0.5, "type": "generibush"}
{"ctxid": 0, "pos": [3134.743, -4005.525, 93.356], "rotationMatrix": [0.757931, -0.652335, 0.0, 0.652335, 0.757931, 0.0, 0.0, 0.0, 1.0], "scale": 0.5, "type": "generibush"}
{"ctxid": 0, "pos": [3134.719, -4005.305, 93.356], "rotationMatrix": [-0.030903, 0.999522, 0.0, -0.999522, -0.030903, 0.0, 0.0, 0.0, 1.0], "scale": 0.5, "type": "generibush"}
{"ctxid": 0, "pos": [3135.203, -4023.519, 93.356], "rotationMatrix": [0.936907, 0.349578, 0.0, -0.349578, 0.936907, 0.0, 0.0, 0.0, 1.0], "scale": 0.593, "type": "generibush"}
{"ctxid": 0, "pos": [3124.544, -4020.214, 94.306], "rotationMatrix": [-0.942698, 0.333647, 0.0, -0.333647, -0.942698, 0.0, 0.0, 0.0, 1.0], "scale": 0.5, "type": "generibush"}
{"ctxid": 0, "pos": [3118.729, -4021.039, 94.786], "rotationMatrix": [-0.661978, 0.749523, 0.0, -0.749523, -0.661978, 0.0, 0.0, 0.0, 1.0], "scale": 0.5, "type": "generibush"}
{"ctxid": 0, "pos": [3119.339, -4030.902, 94.786], "rotationMatrix": [-0.602166, 0.798371, 0.0, -0.798371, -0.602166, 0.0, 0.0, 0.0, 1.0], "scale": 0.5, "type": "generibush"}
{"ctxid": 0, "pos": [3118.772, -3997.675, 94.786], "rotationMatrix": [0.449305, 0.893378, 0.0, -0.893378, 0.449305, 0.0, 0.0, 0.0, 1.0], "scale": 0.5, "type": "generibush"}
{"ctxid": 0, "pos": [3113.487, -4007.887, 95.267], "rotationMatrix": [-0.691029, 0.722827, 0.0, -0.722827, -0.691029, 0.0, 0.0, 0.0, 1.0], "scale": 0.5, "type": "generibush"}
{"ctxid": 0, "pos": [3109.092, -4020.736, 95.748], "rotationMatrix": [-0.002264, 0.999997, 0.0, -0.999997, -0.002264, 0.0, 0.0, 0.0, 1.0], "scale": 0.5, "type": "generibush"}
{"ctxid": 0, "pos": [3098.148, -4005.955, 96.698], "rotationMatrix": [0.957981, -0.286833, 0.0, 0.286833, 0.957981, 0.0, 0.0, 0.0, 1.0], "scale": 0.5, "type": "generibush"}
{"ctxid": 0, "pos": [3097.416, -4020.897, 96.698], "rotationMatrix": [0.998217, -0.059688, 0.0, 0.059688, 0.998217, 0.0, 0.0, 0.0, 1.0], "scale": 0.5, "type": "generibush"}
{"ctxid": 0, "pos": [3097.353, -4006.346, 96.698], "rotationMatrix": [0.992257, 0.124198, 0.0, -0.124198, 0.992257, 0.0, 0.0, 0.0, 1.0], "scale": 0.5, "type": "generibush"}
{"ctxid": 0, "pos": [3098.214, -4031.19, 96.698], "rotationMatrix": [0.345148, -0.938548, 0.0, 0.938548, 0.345148, 0.0, 0.0, 0.0, 1.0], "scale": 0.5, "type": "generibush"}
{"ctxid": 0, "pos": [3087.088, -4019.653, 97.312], "rotationMatrix": [-0.998704, -0.050895, 0.0, 0.050895, -0.998704, 0.0, 0.0, 0.0, 1.0], "scale": 0.5, "type": "generibush"}
{"ctxid": 0, "pos": [3087.063, -4006.635, 97.312], "rotationMatrix": [0.681749, 0.731586, 0.0, -0.731586, 0.681749, 0.0, 0.0, 0.0, 1.0], "scale": 0.5, "type": "generibush"}
{"ctxid": 0, "pos": [3076.259, -4020.344, 97.92], "rotationMatrix": [0.941231, 0.337764, 0.0, -0.337764, 0.941231, 0.0, 0.0, 0.0, 1.0], "scale": 0.5, "type": "generibush"}
{"ctxid": 0, "pos": [3075.592, -4001.32, 97.92], "rotationMatrix": [-0.999477, -0.032328, 0.0, 0.032328, -0.999477, 0.0, 0.0, 0.0, 1.0], "scale": 0.5, "type": "generibush"}
{"ctxid": 0, "pos": [3070.947, -4007.371, 98.224], "rotationMatrix": [0.973898, -0.226986, 0.0, 0.226986, 0.973898, 0.0, 0.0, 0.0, 1.0], "scale": 0.581, "type": "generibush"}
{"ctxid": 0, "pos": [3071.133, -4027.5, 98.224], "rotationMatrix": [0.897256, 0.441511, 0.0, -0.441511, 0.897256, 0.0, 0.0, 0.0, 1.0], "scale": 0.503, "type": "generibush"}
{"ctxid": 0, "pos": [3071.719, -4032.301, 98.224], "rotationMatrix": [-0.978398, 0.20673, 0.0, -0.20673, -0.978398, 0.0, 0.0, 0.0, 1.0], "scale": 0.5, "type": "generibush"}
{"ctxid": 0, "pos": [3065.719, -4001.046, 98.529], "rotationMatrix": [0.366124, -0.930566, 0.0, 0.930566, 0.366124, 0.0, 0.0, 0.0, 1.0], "scale": 0.5, "type": "generibush"}
{"ctxid": 0, "pos": [3059.967, -4006.45, 98.836], "rotationMatrix": [0.912691, -0.408649, 0.0, 0.408649, 0.912691, 0.0, 0.0, 0.0, 1.0], "scale": 0.5, "type": "generibush"}
{"ctxid": 0, "pos": [3061.112, -4031.143, 98.836], "rotationMatrix": [0.438644, 0.898661, 0.0, -0.898661, 0.438644, 0.0, 0.0, 0.0, 1.0], "scale": 0.5, "type": "generibush"}
{"ctxid": 0, "pos": [3049.207, -4007.82, 99.46], "rotationMatrix": [0.999025, -0.044153, 0.0, 0.044153, 0.999025, 0.0, 0.0, 0.0, 1.0], "scale": 0.5, "type": "generibush"}
{"ctxid": 0, "pos": [3049.918, -4022.482, 99.46], "rotationMatrix": [-0.297764, -0.954639, 0.0, 0.954639, -0.297764, 0.0, 0.0, 0.0, 1.0], "scale": 0.511, "type": "generibush"}
{"ctxid": 0, "pos": [3044.347, -4021.929, 99.782], "rotationMatrix": [-0.421545, 0.906808, 0.0, -0.906808, -0.421545, 0.0, 0.0, 0.0, 1.0], "scale": 0.5, "type": "generibush"}
{"ctxid": 0, "pos": [3044.786, -4007.173, 99.782], "rotationMatrix": [-0.445576, -0.895244, 0.0, 0.895244, -0.445576, 0.0, 0.0, 0.0, 1.0], "scale": 0.505, "type": "generibush"}
{"ctxid": 0, "pos": [3044.832, -4004.955, 99.782], "rotationMatrix": [0.55031, -0.83496, 0.0, 0.83496, 0.55031, 0.0, 0.0, 0.0, 1.0], "scale": 0.5, "type": "generibush"}
{"ctxid": 0, "pos": [3039.275, -4006.947, 100.113], "rotationMatrix": [0.202764, 0.979228, 0.0, -0.979228, 0.202764, 0.0, 0.0, 0.0, 1.0], "scale": 0.5, "type": "generibush"}
{"ctxid": 0, "pos": [3034.746, -3996.974, 100.455], "rotationMatrix": [0.050415, 0.998728, 0.0, -0.998728, 0.050415, 0.0, 0.0, 0.0, 1.0], "scale": 0.543, "type": "generibush"}
{"ctxid": 0, "pos": [3028.62, -4020.27, 100.81], "rotationMatrix": [0.548798, -0.835955, 0.0, 0.835955, 0.548798, 0.0, 0.0, 0.0, 1.0], "scale": 0.5, "type": "generibush"}
{"ctxid": 0, "pos": [3027.8, -4030.034, 100.81], "rotationMatrix": [0.831039, 0.556214, 0.0, -0.556214, 0.831039, 0.0, 0.0, 0.0, 1.0], "scale": 0.5, "type": "generibush"}
{"ctxid": 0, "pos": [3016.399, -4027.654, 101.564], "rotationMatrix": [-0.516571, -0.856244, 0.0, 0.856244, -0.516571, 0.0, 0.0, 0.0, 1.0], "scale": 0.5, "type": "generibush"}
{"ctxid": 0, "pos": [3014.338, -4003.023, 101.964], "rotationMatrix": [-0.990806, -0.135288, 0.0, 0.135288, -0.990806, 0.0, 0.0, 0.0, 1.0], "scale": 0.506, "type": "generibush"}
{"ctxid": 0, "pos": [3006.928, -4019.424, 102.38], "rotationMatrix": [0.277209, 0.96081, 0.0, -0.96081, 0.277209, 0.0, 0.0, 0.0, 1.0], "scale": 0.5, "type": "generibush"}
{"ctxid": 0, "pos": [3006.464, -4019.313, 102.38], "rotationMatrix": [-0.460135, 0.887849, 0.0, -0.887849, -0.460135, 0.0, 0.0, 0.0, 1.0], "scale": 0.5, "type": "generibush"}
{"ctxid": 0, "pos": [2999.439, -4027.476, 102.82], "rotationMatrix": [-0.645071, -0.764123, 0.0, 0.764123, -0.645071, 0.0, 0.0, 0.0, 1.0], "scale": 0.5, "type": "generibush"}
{"ctxid": 0, "pos": [2989.933, -4016.82, 103.795], "rotationMatrix": [-0.53308, 0.846065, 0.0, -0.846065, -0.53308, 0.0, 0.0, 0.0, 1.0], "scale": 0.5, "type": "generibush"}
{"ctxid": 0, "pos": [2986.889, -4001.122, 104.285], "rotationMatrix": [0.803393, -0.595449, 0.0, 0.595449, 0.803393, 0.0, 0.0, 0.0, 1.0], "scale": 0.586, "type": "generibush"}
{"ctxid": 0, "pos": [2987.667, -4000.188, 104.285], "rotationMatrix": [0.324792, -0.945785, 0.0, 0.945785, 0.324792, 0.0, 0.0, 0.0, 1.0], "scale": 0.536, "type": "generibush"}
{"ctxid": 0, "pos": [2984.354, -4016.681, 104.285], "rotationMatrix": [0.946189, 0.323615, 0.0, -0.323615, 0.946189, 0.0, 0.0, 0.0, 1.0], "scale": 0.5, "type": "generibush"}
{"ctxid": 0, "pos": [2979.488, -4012.353, 104.778], "rotationMatrix": [0.98908, 0.147381, 0.0, -0.147381, 0.98908, 0.0, 0.0, 0.0, 1.0], "scale": 0.558, "type": "generibush"}
{"ctxid": 0, "pos": [2982.369, -4001.433, 104.778], "rotationMatrix": [-0.992112, -0.125358, 0.0, 0.125358, -0.992112, 0.0, 0.0, 0.0, 1.0], "scale": 0.573, "type": "generibush"}
{"ctxid": 0, "pos": [2963.106, -4008.973, 106.287], "rotationMatrix": [-0.333506, -0.942748, 0.0, 0.942748, -0.333506, 0.0, 0.0, 0.0, 1.0], "scale": 0.507, "type": "generibush"}
{"ctxid": 0, "pos": [2952.127, -4006.963, 107.294], "rotationMatrix": [0.251638, -0.967821, 0.0, 0.967821, 0.251638, 0.0, 0.0, 0.0, 1.0], "scale": 0.5, "type": "generibush"}
{"ctxid": 0, "pos": [2955.814, -3993.009, 107.294], "rotationMatrix": [0.973236, -0.229807, 0.0, 0.229807, 0.973236, 0.0, 0.0, 0.0, 1.0], "scale": 0.5, "type": "generibush"}
{"ctxid": 0, "pos": [2951.556, -4008.879, 107.294], "rotationMatrix": [-0.453702, -0.891154, 0.0, 0.891154, -0.453702, 0.0, 0.0, 0.0, 1.0], "scale": 0.5, "type": "generibush"}
{"ctxid": 0, "pos": [2943.896, -3991.849, 108.304], "rotationMatrix": [-0.87679, 0.480873, 0.0, -0.480873, -0.87679, 0.0, 0.0, 0.0, 1.0], "scale": 0.546, "type": "generibush"}
{"ctxid": 0, "pos": [2935.242, -4005.035, 108.811], "rotationMatrix": [-0.310662, 0.95052, 0.0, -0.95052, -0.310662, 0.0, 0.0, 0.0, 1.0], "scale": 0.5, "type": "generibush"}
{"ctxid": 0, "pos": [2934.267, -4010.855, 108.811], "rotationMatrix": [-0.889521, 0.456894, 0.0, -0.456894, -0.889521, 0.0, 0.0, 0.0, 1.0], "scale": 0.5, "type": "generibush"}
{"ctxid": 0, "pos": [2932.865, -3988.792, 109.286], "rotationMatrix": [0.949189, -0.314706, 0.0, 0.314706, 0.949189, 0.0, 0.0, 0.0, 1.0], "scale": 0.5, "type": "generibush"}
{"ctxid": 0, "pos": [2933.302, -3988.117, 109.286], "rotationMatrix": [0.983872, -0.178874, 0.0, 0.178874, 0.983872, 0.0, 0.0, 0.0, 1.0], "scale": 0.5, "type": "generibush"}
{"ctxid": 0, "pos": [2932.913, -3990.234, 109.286], "rotationMatrix": [0.712149, -0.702028, 0.0, 0.702028, 0.712149, 0.0, 0.0, 0.0, 1.0], "scale": 0.5, "type": "generibush"}
{"ctxid": 0, "pos": [2923.528, -3986.583, 109.822], "rotationMatrix": [0.303509, -0.952828, 0.0, 0.952828, 0.303509, 0.0, 0.0, 0.0, 1.0], "scale": 0.504, "type": "generibush"}
{"ctxid": 0, "pos": [2911.301, -3999.199, 110.234], "rotationMatrix": [-0.720191, 0.693776, 0.0, -0.693776, -0.720191, 0.0, 0.0, 0.0, 1.0], "scale": 0.5, "type": "generibush"}
{"ctxid": 0, "pos": [2903.594, -3996.467, 110.594], "rotationMatrix": [-0.662594, -0.748979, 0.0, 0.748979, -0.662594, 0.0, 0.0, 0.0, 1.0], "scale": 0.5, "type": "generibush"}
{"ctxid": 0, "pos": [2901.083, -3980.211, 110.942], "rotationMatrix": [-0.671267, -0.741216, 0.0, 0.741216, -0.671267, 0.0, 0.0, 0.0, 1.0], "scale": 0.5, "type": "generibush"}
{"ctxid": 0, "pos": [2889.799, -3991.865, 111.248], "rotationMatrix": [0.461922, -0.886921, 0.0, 0.886921, 0.461922, 0.0, 0.0, 0.0, 1.0], "scale": 0.5, "type": "generibush"}
{"ctxid": 0, "pos": [2891.131, -3973.948, 112.116], "rotationMatrix": [-0.075712, 0.99713, 0.0, -0.99713, -0.075712, 0.0, 0.0, 0.0, 1.0], "scale": 0.5, "type": "generibush"}
{"ctxid": 0, "pos": [2876.955, -3970.687, 112.754], "rotationMatrix": [0.972952, -0.231007, 0.0, 0.231007, 0.972952, 0.0, 0.0, 0.0, 1.0], "scale": 0.5, "type": "generibush"}
{"ctxid": 0, "pos": [2876.932, -3963.286, 113.302], "rotationMatrix": [-0.141684, 0.989912, 0.0, -0.989912, -0.141684, 0.0, 0.0, 0.0, 1.0], "scale": 0.5, "type": "generibush"}
{"ctxid": 0, "pos": [2875.027, -3954.992, 113.932], "rotationMatrix": [-0.995485, -0.094923, 0.0, 0.094923, -0.995485, 0.0, 0.0, 0.0, 1.0], "scale": 0.5, "type": "generibush"}
{"ctxid": 0, "pos": [2884.913, -3939.034, 115.44], "rotationMatrix": [-0.733313, 0.679891, 0.0, -0.679891, -0.733313, 0.0, 0.0, 0.0, 1.0], "scale": 0.501, "type": "generibush"}
{"ctxid": 0, "pos": [2878.407, -3935.888, 115.44], "rotationMatrix": [-0.499975, 0.86604, 0.0, -0.86604, -0.499975, 0.0, 0.0, 0.0, 1.0], "scale": 0.5, "type": "generibush"}
{"ctxid": 0, "pos": [2900.267, -3936.002, 116.282], "rotationMatrix": [-0.51565, -0.856799, 0.0, 0.856799, -0.51565, 0.0, 0.0, 0.0, 1.0], "scale": 0.5, "type": "generibush"}
{"ctxid": 0, "pos": [2880.157, -3925.948, 116.282], "rotationMatrix": [-0.965131, 0.261769, 0.0, -0.261769, -0.965131, 0.0, 0.0, 0.0, 1.0], "scale": 0.5, "type": "generibush"}
{"ctxid": 0, "pos": [2894.082, -3921.02, 117.167], "rotationMatrix": [-0.961479, 0.274877, 0.0, -0.274877, -0.961479, 0.0, 0.0, 0.0, 1.0], "scale": 0.5, "type": "generibush"}
{"ctxid": 0, "pos": [2893.349, -3920.226, 117.167], "rotationMatrix": [-0.91657, -0.399874, 0.0, 0.399874, -0.91657, 0.0, 0.0, 0.0, 1.0], "scale": 0.5, "type": "generibush"}
{"ctxid": 0, "pos": [2889.844, -3912.772, 117.643], "rotationMatrix": [0.649955, 0.759973, 0.0, -0.759973, 0.649955, 0.0, 0.0, 0.0, 1.0], "scale": 0.5, "type": "generibush"}
{"ctxid": 0, "pos": [2919.433, -3924.583, 118.126], "rotationMatrix": [-0.063767, -0.997965, 0.0, 0.997965, -0.063767, 0.0, 0.0, 0.0, 1.0], "scale": 0.514, "type": "generibush"}
{"ctxid": 0, "pos": [2913.655, -3920.411, 118.126], "rotationMatrix": [-0.692854, -0.721078, 0.0, 0.721078, -0.692854, 0.0, 0.0, 0.0, 1.0], "scale": 0.5, "type": "generibush"}
{"ctxid": 0, "pos": [2894.965, -3901.218, 118.608], "rotationMatrix": [0.586579, -0.809892, 0.0, 0.809892, 0.586579, 0.0, 0.0, 0.0, 1.0], "scale": 0.507, "type": "generibush"}
{"ctxid": 0, "pos": [2918.301, -3911.28, 119.084], "rotationMatrix": [-0.041578, -0.999135, 0.0, 0.999135, -0.041578, 0.0, 0.0, 0.0, 1.0], "scale": 0.5, "type": "generibush"}
{"ctxid": 0, "pos": [2910.408, -3898.363, 119.559], "rotationMatrix": [0.9166, 0.399806, 0.0, -0.399806, 0.9166, 0.0, 0.0, 0.0, 1.0], "scale": 0.5, "type": "generibush"}
{"ctxid": 0, "pos": [2931.057, -3909.045, 120.035], "rotationMatrix": [0.994221, 0.107349, 0.0, -0.107349, 0.994221, 0.0, 0.0, 0.0, 1.0], "scale": 0.5, "type": "generibush"}
{"ctxid": 0, "pos": [2924.503, -3882.378, 121.478], "rotationMatrix": [0.08543, 0.996344, 0.0, -0.996344, 0.08543, 0.0, 0.0, 0.0, 1.0], "scale": 0.618, "type": "generibush"}
{"ctxid": 0, "pos": [2928.677, -3878.889, 121.964], "rotationMatrix": [0.999151, 0.041196, 0.0, -0.041196, 0.999151, 0.0, 0.0, 0.0, 1.0], "scale": 0.5, "type": "generibush"}
{"ctxid": 0, "pos": [2937.419, -3887.013, 121.964], "rotationMatrix": [-0.999575, -0.029162, 0.0, 0.029162, -0.999575, 0.0, 0.0, 0.0, 1.0], "scale": 0.5, "type": "generibush"}
{"ctxid": 0, "pos": [2941.691, -3883.719, 122.452], "rotationMatrix": [-0.969157, -0.246443, 0.0, 0.246443, -0.969157, 0.0, 0.0, 0.0, 1.0], "scale": 0.536, "type": "generibush"}
{"ctxid": 0, "pos": [2930.535, -3872.192, 122.452], "rotationMatrix": [0.646062, -0.763285, 0.0, 0.763285, 0.646062, 0.0, 0.0, 0.0, 1.0], "scale": 0.5, "type": "generibush"}
{"ctxid": 0, "pos": [2937.416, -3871.193, 122.942], "rotationMatrix": [0.856154, -0.51672, 0.0, 0.51672, 0.856154, 0.0, 0.0, 0.0, 1.0], "scale": 0.5, "type": "generibush"}
{"ctxid": 0, "pos": [2945.722, -3880.266, 122.942], "rotationMatrix": [-0.585742, -0.810498, 0.0, 0.810498, -0.585742, 0.0, 0.0, 0.0, 1.0], "scale": 0.544, "type": "generibush"}
{"ctxid": 0, "pos": [2946.593, -3881.57, 122.942], "rotationMatrix": [0.951603, 0.30733, 0.0, -0.30733, 0.951603, 0.0, 0.0, 0.0, 1.0], "scale": 0.5, "type": "generibush"}
{"ctxid": 0, "pos": [2949.852, -3877.748, 123.438], "rotationMatrix": [0.838913, -0.544266, 0.0, 0.544266, 0.838913, 0.0, 0.0, 0.0, 1.0], "scale": 0.5, "type": "generibush"}
{"ctxid": 0, "pos": [2954.133, -3873.068, 123.936], "rotationMatrix": [0.628366, -0.777918, 0.0, 0.777918, 0.628366, 0.0, 0.0, 0.0, 1.0], "scale": 0.5, "type": "generibush"}
{"ctxid": 0, "pos": [2943.774, -3862.271, 123.936], "rotationMatrix": [-0.969002, -0.247055, 0.0, 0.247055, -0.969002, 0.0, 0.0, 0.0, 1.0], "scale": 0.5, "type": "generibush"}
{"ctxid": 0, "pos": [2949.1, -3859.283, 124.432], "rotationMatrix": [0.300237, -0.953865, 0.0, 0.953865, 0.300237, 0.0, 0.0, 0.0, 1.0], "scale": 0.5, "type": "generibush"}
{"ctxid": 0, "pos": [2967.172, -3871.563, 124.837], "rotationMatrix": [0.062423, -0.99805, 0.0, 0.99805, 0.062423, 0.0, 0.0, 0.0, 1.0], "scale": 0.5, "type": "generibush"}
{"ctxid": 0, "pos": [2969.296, -3841.745, 125.547], "rotationMatrix": [-0.946909, 0.321502, 0.0, -0.321502, -0.946909, 0.0, 0.0, 0.0, 1.0], "scale": 0.547, "type": "generibush"}
{"ctxid": 0, "pos": [2986.765, -3845.628, 125.809], "rotationMatrix": [0.404105, -0.914713, 0.0, 0.914713, 0.404105, 0.0, 0.0, 0.0, 1.0], "scale": 0.5, "type": "generibush"}
{"ctxid": 0, "pos": [2980.551, -3831.636, 125.932], "rotationMatrix": [-0.3703, -0.928912, 0.0, 0.928912, -0.3703, 0.0, 0.0, 0.0, 1.0], "scale": 0.5, "type": "generibush"}
