{"ctxid": 0, "pos": [3553.062, -4427.8, 72.709], "rotationMatrix": [-0.665832, 0.746102, 0.0, -0.746102, -0.665832, 0.0, 0.0, 0.0, 1.0], "scale": 0.5, "type": "holm_oak_bush"}
{"ctxid": 0, "pos": [3532.205, -4430.464, 72.874], "rotationMatrix": [-0.963103, 0.269134, 0.0, -0.269134, -0.963103, 0.0, 0.0, 0.0, 1.0], "scale": 0.5, "type": "holm_oak_bush"}
{"ctxid": 0, "pos": [3534.235, -4412.145, 73.221], "rotationMatrix": [0.60225, -0.798307, 0.0, 0.798307, 0.60225, 0.0, 0.0, 0.0, 1.0], "scale": 0.5, "type": "holm_oak_bush"}
{"ctxid": 0, "pos": [3516.698, -4411.254, 73.419], "rotationMatrix": [0.693097, 0.720845, 0.0, -0.720845, 0.693097, 0.0, 0.0, 0.0, 1.0], "scale": 0.5, "type": "holm_oak_bush"}
{"ctxid": 0, "pos": [3527.232, -4403.529, 73.419], "rotationMatrix": [-0.769759, -0.638334, 0.0, 0.638334, -0.769759, 0.0, 0.0, 0.0, 1.0], "scale": 0.5, "type": "holm_oak_bush"}
{"ctxid": 0, "pos": [3508.433, -4417.718, 73.419], "rotationMatrix": [0.990802, 0.135316, 0.0, -0.135316, 0.990802, 0.0, 0.0, 0.0, 1.0], "scale": 0.5, "type": "holm_oak_bush"}
{"ctxid": 0, "pos": [3524.928, -4398.664, 73.527], "rotationMatrix": [-0.781098, -0.624409, 0.0, 0.624409, -0.781098, 0.0, 0.0, 0.0, 1.0], "scale": 0.5, "type": "holm_oak_bush"}
{"ctxid": 0, "pos": [3508.254, -4411.051, 73.527], "rotationMatrix": [-0.05201, -0.998647, 0.0, 0.998647, -0.05201, 0.0, 0.0, 0.0, 1.0], "scale": 0.5, "type": "holm_oak_bush"}
{"ctxid": 0, "pos": [3509.336, -4404.259, 73.637], "rotationMatrix": [-0.435134, 0.900366, 0.0, -0.900366, -0.435134, 0.0, 0.0, 0.0, 1.0], "scale": 1.572, "type": "holm_oak_bush"}
{"ctxid": 0, "pos": [3508.252, -4405.473, 73.637], "rotationMatrix": [-0.267833, 0.963465, 0.0, -0.963465, -0.267833, 0.0, 0.0, 0.0, 1.0], "scale": 1.123, "type": "holm_oak_bush"}
{"ctxid": 0, "pos": [3525.348, -4392.03, 73.637], "rotationMatrix": [-0.670722, 0.741709, 0.0, -0.741709, -0.670722, 0.0, 0.0, 0.0, 1.0], "scale": 0.5, "type": "holm_oak_bush"}
{"ctxid": 0, "pos": [3509.527, -4403.885, 73.587], "rotationMatrix": [-0.991893, 0.127072, 0.0, -0.127072, -0.991893, 0.0, 0.0, 0.0, 1.0], "scale": 1.413, "type": "holm_oak_bush"}
{"ctxid": 0, "pos": [3507.448, -4398.228, 73.75], "rotationMatrix": [0.635006, -0.772507, 0.0, 0.772507, 0.635006, 0.0, 0.0, 0.0, 1.0], "scale": 0.5, "type": "holm_oak_bush"}
{"ctxid": 0, "pos": [3517.457, -4391.693, 73.75], "rotationMatrix": [-0.736147, -0.676822, 0.0, 0.676822, -0.736147, 0.0, 0.0, 0.0, 1.0], "scale": 0.5, "type": "holm_oak_bush"}
{"ctxid": 0, "pos": [3523.837, -4386.94, 73.75], "rotationMatrix": [0.559596, 0.828765, 0.0, -0.828765, 0.559596, 0.0, 0.0, 0.0, 1.0], "scale": 0.5, "type": "holm_oak_bush"}
{"ctxid": 0, "pos": [3497.205, -4388.052, 74.077], "rotationMatrix": [-0.88701, -0.461749, 0.0, 0.461749, -0.88701, 0.0, 0.0, 0.0, 1.0], "scale": 0.5, "type": "holm_oak_bush"}
{"ctxid": 0, "pos": [3510.827, -4377.792, 74.077], "rotationMatrix": [-0.623356, 0.781938, 0.0, -0.781938, -0.623356, 0.0, 0.0, 0.0, 1.0], "scale": 0.5, "type": "holm_oak_bush"}
{"ctxid": 0, "pos": [3491.517, -4379.952, 74.262], "rotationMatrix": [0.83442, 0.551129, 0.0, -0.551129, 0.83442, 0.0, 0.0, 0.0, 1.0], "scale": 0.5, "type": "holm_oak_bush"}
{"ctxid": 0, "pos": [3473.839, -4355.611, 74.845], "rotationMatrix": [-0.085283, -0.996357, 0.0, 0.996357, -0.085283, 0.0, 0.0, 0.0, 1.0], "scale": 0.5, "type": "holm_oak_bush"}
{"ctxid": 0, "pos": [3484.977, -4346.799, 74.845], "rotationMatrix": [-0.11692, 0.993141, 0.0, -0.993141, -0.11692, 0.0, 0.0, 0.0, 1.0], "scale": 0.5, "type": "holm_oak_bush"}
{"ctxid": 0, "pos": [3471.323, -4357.13, 74.845], "rotationMatrix": [0.734345, 0.678777, 0.0, -0.678777, 0.734345, 0.0, 0.0, 0.0, 1.0], "scale": 0.5, "type": "holm_oak_bush"}
{"ctxid": 0, "pos": [3468.077, -4325.939, 75.431], "rotationMatrix": [0.06268, -0.998034, 0.0, 0.998034, 0.06268, 0.0, 0.0, 0.0, 1.0], "scale": 0.5, "type": "holm_oak_bush"}
{"ctxid": 0, "pos": [3453.343, -4336.476, 75.431], "rotationMatrix": [-0.512353, -0.858775, 0.0, 0.858775, -0.512353, 0.0, 0.0, 0.0, 1.0], "scale": 0.5, "type": "holm_oak_bush"}
{"ctxid": 0, "pos": [3475.965, -4320.142, 75.431], "rotationMatrix": [0.972137, 0.234415, 0.0, -0.234415, 0.972137, 0.0, 0.0, 0.0, 1.0], "scale": 0.5, "type": "holm_oak_bush"}
{"ctxid": 0, "pos": [3466.036, -4320.975, 75.537], "rotationMatrix": [0.986893, -0.161375, 0.0, 0.161375, 0.986893, 0.0, 0.0, 0.0, 1.0], "scale": 0.5, "type": "holm_oak_bush"}
{"ctxid": 0, "pos": [3462.47, -4310.165, 75.734], "rotationMatrix": [-0.999003, 0.044639, 0.0, -0.044639, -0.999003, 0.0, 0.0, 0.0, 1.0], "scale": 0.5, "type": "holm_oak_bush"}
{"ctxid": 0, "pos": [3442.247, -4317.992, 75.823], "rotationMatrix": [0.998993, -0.044859, 0.0, 0.044859, 0.998993, 0.0, 0.0, 0.0, 1.0], "scale": 0.5, "type": "holm_oak_bush"}
{"ctxid": 0, "pos": [3458.815, -4306.853, 75.823], "rotationMatrix": [0.679059, -0.734084, 0.0, 0.734084, 0.679059, 0.0, 0.0, 0.0, 1.0], "scale": 0.5, "type": "holm_oak_bush"}
{"ctxid": 0, "pos": [3434.913, -4317.266, 75.906], "rotationMatrix": [-0.977219, 0.212232, 0.0, -0.212232, -0.977219, 0.0, 0.0, 0.0, 1.0], "scale": 0.5, "type": "holm_oak_bush"}
{"ctxid": 0, "pos": [3437.971, -4308.742, 75.983], "rotationMatrix": [-0.59136, -0.806408, 0.0, 0.806408, -0.59136, 0.0, 0.0, 0.0, 1.0], "scale": 0.5, "type": "holm_oak_bush"}
{"ctxid": 0, "pos": [3454.519, -4290.255, 76.056], "rotationMatrix": [-0.533025, 0.8461, 0.0, -0.8461, -0.533025, 0.0, 0.0, 0.0, 1.0], "scale": 0.5, "type": "holm_oak_bush"}
{"ctxid": 0, "pos": [3443.081, -4284.488, 76.223], "rotationMatrix": [0.572049, -0.820219, 0.0, 0.820219, 0.572049, 0.0, 0.0, 0.0, 1.0], "scale": 0.5, "type": "holm_oak_bush"}
{"ctxid": 0, "pos": [3416.602, -4291.276, 76.496], "rotationMatrix": [-0.014195, -0.999899, 0.0, 0.999899, -0.014195, 0.0, 0.0, 0.0, 1.0], "scale": 0.5, "type": "holm_oak_bush"}
{"ctxid": 0, "pos": [3416.828, -4284.759, 76.656], "rotationMatrix": [0.427243, -0.904137, 0.0, 0.904137, 0.427243, 0.0, 0.0, 0.0, 1.0], "scale": 0.5, "type": "holm_oak_bush"}
{"ctxid": 0, "pos": [3433.212, -4266.651, 76.812], "rotationMatrix": [-0.686696, -0.726945, 0.0, 0.726945, -0.686696, 0.0, 0.0, 0.0, 1.0], "scale": 0.5, "type": "holm_oak_bush"}
{"ctxid": 0, "pos": [3424.182, -4266.322, 76.958], "rotationMatrix": [0.942086, 0.335371, 0.0, -0.335371, 0.942086, 0.0, 0.0, 0.0, 1.0], "scale": 0.5, "type": "holm_oak_bush"}
{"ctxid": 0, "pos": [3425.814, -4264.831, 76.958], "rotationMatrix": [0.305941, -0.952051, 0.0, 0.952051, 0.305941, 0.0, 0.0, 0.0, 1.0], "scale": 0.5, "type": "holm_oak_bush"}
{"ctxid": 0, "pos": [3427.823, -4257.432, 77.093], "rotationMatrix": [0.518369, -0.855157, 0.0, 0.855157, 0.518369, 0.0, 0.0, 0.0, 1.0], "scale": 0.5, "type": "holm_oak_bush"}
{"ctxid": 0, "pos": [3403.741, -4262.459, 77.328], "rotationMatrix": [-0.890692, -0.454607, 0.0, 0.454607, -0.890692, 0.0, 0.0, 0.0, 1.0], "scale": 0.5, "type": "holm_oak_bush"}
{"ctxid": 0, "pos": [3416.239, -4253.58, 77.328], "rotationMatrix": [-0.949283, 0.314423, 0.0, -0.314423, -0.949283, 0.0, 0.0, 0.0, 1.0], "scale": 0.5, "type": "holm_oak_bush"}
{"ctxid": 0, "pos": [3409.222, -4245.373, 77.52], "rotationMatrix": [-0.682402, 0.730977, 0.0, -0.730977, -0.682402, 0.0, 0.0, 0.0, 1.0], "scale": 0.5, "type": "holm_oak_bush"}
{"ctxid": 0, "pos": [3405.543, -4240.764, 77.601], "rotationMatrix": [0.193347, 0.98113, 0.0, -0.98113, 0.193347, 0.0, 0.0, 0.0, 1.0], "scale": 0.5, "type": "holm_oak_bush"}
{"ctxid": 0, "pos": [3399.978, -4232.647, 77.734], "rotationMatrix": [-0.423317, 0.905982, 0.0, -0.905982, -0.423317, 0.0, 0.0, 0.0, 1.0], "scale": 0.5, "type": "holm_oak_bush"}
{"ctxid": 0, "pos": [3381.765, -4247.327, 77.734], "rotationMatrix": [-0.028571, 0.999592, 0.0, -0.999592, -0.028571, 0.0, 0.0, 0.0, 1.0], "scale": 0.5, "type": "holm_oak_bush"}
{"ctxid": 0, "pos": [3385.173, -4238.285, 77.799], "rotationMatrix": [0.581644, -0.813443, 0.0, 0.813443, 0.581644, 0.0, 0.0, 0.0, 1.0], "scale": 0.5, "type": "holm_oak_bush"}
{"ctxid": 0, "pos": [3393.51, -4217.935, 77.969], "rotationMatrix": [-0.979196, -0.202917, 0.0, 0.202917, -0.979196, 0.0, 0.0, 0.0, 1.0], "scale": 0.5, "type": "holm_oak_bush"}
{"ctxid": 0, "pos": [3382.413, -4207.57, 78.204], "rotationMatrix": [0.959138, 0.282938, 0.0, -0.282938, 0.959138, 0.0, 0.0, 0.0, 1.0], "scale": 0.5, "type": "holm_oak_bush"}
{"ctxid": 0, "pos": [3366.077, -4213.424, 78.296], "rotationMatrix": [0.322672, -0.946511, 0.0, 0.946511, 0.322672, 0.0, 0.0, 0.0, 1.0], "scale": 0.5, "type": "holm_oak_bush"}
{"ctxid": 0, "pos": [3370.677, -4196.879, 78.593], "rotationMatrix": [-0.448746, -0.893659, 0.0, 0.893659, -0.448746, 0.0, 0.0, 0.0, 1.0], "scale": 0.5, "type": "holm_oak_bush"}
{"ctxid": 0, "pos": [3356.902, -4201.158, 78.77], "rotationMatrix": [0.218863, -0.975756, 0.0, 0.975756, 0.218863, 0.0, 0.0, 0.0, 1.0], "scale": 0.5, "type": "holm_oak_bush"}
{"ctxid": 0, "pos": [3358.236, -4199.569, 78.77], "rotationMatrix": [0.891163, 0.453683, 0.0, -0.453683, 0.891163, 0.0, 0.0, 0.0, 1.0], "scale": 0.5, "type": "holm_oak_bush"}
{"ctxid": 0, "pos": [3349.59, -4200.105, 78.947], "rotationMatrix": [0.992231, -0.124411, 0.0, 0.124411, 0.992231, 0.0, 0.0, 0.0, 1.0], "scale": 0.5, "type": "holm_oak_bush"}
{"ctxid": 0, "pos": [3350.547, -4192.84, 79.123], "rotationMatrix": [0.124802, 0.992182, 0.0, -0.992182, 0.124802, 0.0, 0.0, 0.0, 1.0], "scale": 0.5, "type": "holm_oak_bush"}
{"ctxid": 0, "pos": [3358.117, -4180.519, 79.297], "rotationMatrix": [0.817359, 0.576129, 0.0, -0.576129, 0.817359, 0.0, 0.0, 0.0, 1.0], "scale": 0.5, "type": "holm_oak_bush"}
{"ctxid": 0, "pos": [3359.405, -4179.415, 79.297], "rotationMatrix": [0.853473, -0.521136, 0.0, 0.521136, 0.853473, 0.0, 0.0, 0.0, 1.0], "scale": 0.5, "type": "holm_oak_bush"}
{"ctxid": 0, "pos": [3341.957, -4192.831, 79.297], "rotationMatrix": [-0.626097, -0.779746, 0.0, 0.779746, -0.626097, 0.0, 0.0, 0.0, 1.0], "scale": 0.5, "type": "holm_oak_bush"}
{"ctxid": 0, "pos": [3355.875, -4175.166, 79.467], "rotationMatrix": [0.585912, 0.810375, 0.0, -0.810375, 0.585912, 0.0, 0.0, 0.0, 1.0], "scale": 0.5, "type": "holm_oak_bush"}
{"ctxid": 0, "pos": [3333.477, -4179.677, 79.748], "rotationMatrix": [-0.81574, -0.578419, 0.0, 0.578419, -0.81574, 0.0, 0.0, 0.0, 1.0], "scale": 0.5, "type": "holm_oak_bush"}
{"ctxid": 0, "pos": [3352.038, -4152.889, 79.923], "rotationMatrix": [-0.864969, 0.501825, 0.0, -0.501825, -0.864969, 0.0, 0.0, 0.0, 1.0], "scale": 0.5, "type": "holm_oak_bush"}
{"ctxid": 0, "pos": [3329.66, -4162.898, 80.073], "rotationMatrix": [0.561145, 0.827717, 0.0, -0.827717, 0.561145, 0.0, 0.0, 0.0, 1.0], "scale": 0.5, "type": "holm_oak_bush"}
{"ctxid": 0, "pos": [3330.036, -4162.563, 80.073], "rotationMatrix": [-0.960237, 0.279186, 0.0, -0.279186, -0.960237, 0.0, 0.0, 0.0, 1.0], "scale": 0.5, "type": "holm_oak_bush"}
{"ctxid": 0, "pos": [3339.812, -4155.492, 80.073], "rotationMatrix": [0.519935, -0.854206, 0.0, 0.854206, 0.519935, 0.0, 0.0, 0.0, 1.0], "scale": 0.5, "type": "holm_oak_bush"}
{"ctxid": 0, "pos": [3345.398, -4151.419, 80.073], "rotationMatrix": [-0.365113, -0.930963, 0.0, 0.930963, -0.365113, 0.0, 0.0, 0.0, 1.0], "scale": 0.5, "type": "holm_oak_bush"}
{"ctxid": 0, "pos": [3324.783, -4165.712, 80.073], "rotationMatrix": [-0.323135, -0.946353, 0.0, 0.946353, -0.323135, 0.0, 0.0, 0.0, 1.0], "scale": 0.5, "type": "holm_oak_bush"}
{"ctxid": 0, "pos": [3320.431, -4169.69, 80.023], "rotationMatrix": [0.995868, -0.090813, 0.0, 0.090813, 0.995868, 0.0, 0.0, 0.0, 1.0], "scale": 1.8, "type": "holm_oak_bush"}
{"ctxid": 0, "pos": [3320.443, -4150.673, 80.964], "rotationMatrix": [-0.887874, -0.460087, 0.0, 0.460087, -0.887874, 0.0, 0.0, 0.0, 1.0], "scale": 0.5, "type": "holm_oak_bush"}
{"ctxid": 0, "pos": [3317.169, -4146.591, 81.29], "rotationMatrix": [0.820492, 0.571658, 0.0, -0.571658, 0.820492, 0.0, 0.0, 0.0, 1.0], "scale": 0.5, "type": "holm_oak_bush"}
{"ctxid": 0, "pos": [3330.399, -4130.793, 81.582], "rotationMatrix": [0.742301, -0.670067, 0.0, 0.670067, 0.742301, 0.0, 0.0, 0.0, 1.0], "scale": 0.5, "type": "holm_oak_bush"}
{"ctxid": 0, "pos": [3330.526, -4130.976, 81.582], "rotationMatrix": [-0.944929, 0.327274, 0.0, -0.327274, -0.944929, 0.0, 0.0, 0.0, 1.0], "scale": 0.5, "type": "holm_oak_bush"}
{"ctxid": 0, "pos": [3310.209, -4138.428, 81.822], "rotationMatrix": [0.108898, -0.994053, 0.0, 0.994053, 0.108898, 0.0, 0.0, 0.0, 1.0], "scale": 0.5, "type": "holm_oak_bush"}
{"ctxid": 0, "pos": [3306.115, -4141.58, 81.822], "rotationMatrix": [0.216128, -0.976365, 0.0, 0.976365, 0.216128, 0.0, 0.0, 0.0, 1.0], "scale": 0.5, "type": "holm_oak_bush"}
{"ctxid": 0, "pos": [3327.812, -4125.917, 81.822], "rotationMatrix": [-0.34291, -0.939368, 0.0, 0.939368, -0.34291, 0.0, 0.0, 0.0, 1.0], "scale": 0.5, "type": "holm_oak_bush"}
{"ctxid": 0, "pos": [3318.423, -4126.085, 82.002], "rotationMatrix": [0.490973, 0.871175, 0.0, -0.871175, 0.490973, 0.0, 0.0, 0.0, 1.0], "scale": 0.5, "type": "holm_oak_bush"}
{"ctxid": 0, "pos": [3318.703, -4125.565, 82.002], "rotationMatrix": [0.817357, 0.576132, 0.0, -0.576132, 0.817357, 0.0, 0.0, 0.0, 1.0], "scale": 0.5, "type": "holm_oak_bush"}
{"ctxid": 0, "pos": [3304.909, -4129.073, 82.138], "rotationMatrix": [-0.307395, 0.951582, 0.0, -0.951582, -0.307395, 0.0, 0.0, 0.0, 1.0], "scale": 0.5, "type": "holm_oak_bush"}
{"ctxid": 0, "pos": [3300.937, -4125.326, 82.25], "rotationMatrix": [-0.976828, 0.214024, 0.0, -0.214024, -0.976828, 0.0, 0.0, 0.0, 1.0], "scale": 0.5, "type": "holm_oak_bush"}
{"ctxid": 0, "pos": [3295.172, -4129.623, 82.25], "rotationMatrix": [0.940624, -0.339451, 0.0, 0.339451, 0.940624, 0.0, 0.0, 0.0, 1.0], "scale": 0.5, "type": "holm_oak_bush"}
{"ctxid": 0, "pos": [3299.21, -4120.578, 82.356], "rotationMatrix": [-0.754294, 0.656537, 0.0, -0.656537, -0.754294, 0.0, 0.0, 0.0, 1.0], "scale": 0.5, "type": "holm_oak_bush"}
{"ctxid": 0, "pos": [3296.382, -4115.618, 82.468], "rotationMatrix": [-0.084031, 0.996463, 0.0, -0.996463, -0.084031, 0.0, 0.0, 0.0, 1.0], "scale": 0.5, "type": "holm_oak_bush"}
{"ctxid": 0, "pos": [3294.641, -4116.102, 82.468], "rotationMatrix": [0.696757, 0.717307, 0.0, -0.717307, 0.696757, 0.0, 0.0, 0.0, 1.0], "scale": 0.5, "type": "holm_oak_bush"}
{"ctxid": 0, "pos": [3293.26, -4118.337, 82.468], "rotationMatrix": [0.696174, -0.717873, 0.0, 0.717873, 0.696174, 0.0, 0.0, 0.0, 1.0], "scale": 0.5, "type": "holm_oak_bush"}
{"ctxid": 0, "pos": [3292.526, -4111.746, 82.59], "rotationMatrix": [-0.628988, -0.777415, 0.0, 0.777415, -0.628988, 0.0, 0.0, 0.0, 1.0], "scale": 0.5, "type": "holm_oak_bush"}
{"ctxid": 0, "pos": [3289.85, -4114.624, 82.59], "rotationMatrix": [-0.906218, -0.42281, 0.0, 0.42281, -0.906218, 0.0, 0.0, 0.0, 1.0], "scale": 0.5, "type": "holm_oak_bush"}
{"ctxid": 0, "pos": [3309.919, -4099.735, 82.59], "rotationMatrix": [-0.587638, -0.809124, 0.0, 0.809124, -0.587638, 0.0, 0.0, 0.0, 1.0], "scale": 0.5, "type": "holm_oak_bush"}
{"ctxid": 0, "pos": [3301.386, -4099.335, 82.719], "rotationMatrix": [0.477637, 0.878557, 0.0, -0.878557, 0.477637, 0.0, 0.0, 0.0, 1.0], "scale": 0.5, "type": "holm_oak_bush"}
{"ctxid": 0, "pos": [3282.259, -4106.271, 82.845], "rotationMatrix": [0.272147, 0.962256, 0.0, -0.962256, 0.272147, 0.0, 0.0, 0.0, 1.0], "scale": 0.5, "type": "holm_oak_bush"}
{"ctxid": 0, "pos": [3301.546, -4093.306, 82.845], "rotationMatrix": [0.644265, -0.764802, 0.0, 0.764802, 0.644265, 0.0, 0.0, 0.0, 1.0], "scale": 0.5, "type": "holm_oak_bush"}
{"ctxid": 0, "pos": [3295.283, -4091.123, 82.961], "rotationMatrix": [0.988172, 0.153352, 0.0, -0.153352, 0.988172, 0.0, 0.0, 0.0, 1.0], "scale": 0.5, "type": "holm_oak_bush"}
{"ctxid": 0, "pos": [3301.94, -4086.869, 82.961], "rotationMatrix": [0.129284, -0.991608, 0.0, 0.991608, 0.129284, 0.0, 0.0, 0.0, 1.0], "scale": 0.5, "type": "holm_oak_bush"}
{"ctxid": 0, "pos": [3279.214, -4101.363, 82.961], "rotationMatrix": [0.999705, 0.024273, 0.0, -0.024273, 0.999705, 0.0, 0.0, 0.0, 1.0], "scale": 0.5, "type": "holm_oak_bush"}
{"ctxid": 0, "pos": [3275.575, -4104.117, 82.961], "rotationMatrix": [0.249949, -0.968259, 0.0, 0.968259, 0.249949, 0.0, 0.0, 0.0, 1.0], "scale": 0.5, "type": "holm_oak_bush"}
{"ctxid": 0, "pos": [3292.737, -4086.46, 83.064], "rotationMatrix": [0.820948, -0.571002, 0.0, 0.571002, 0.820948, 0.0, 0.0, 0.0, 1.0], "scale": 0.5, "type": "holm_oak_bush"}
{"ctxid": 0, "pos": [3272.542, -4099.901, 83.064], "rotationMatrix": [0.938107, 0.346345, 0.0, -0.346345, 0.938107, 0.0, 0.0, 0.0, 1.0], "scale": 0.5, "type": "holm_oak_bush"}
{"ctxid": 0, "pos": [3296.793, -4084.052, 83.064], "rotationMatrix": [-0.292493, 0.956268, 0.0, -0.956268, -0.292493, 0.0, 0.0, 0.0, 1.0], "scale": 0.5, "type": "holm_oak_bush"}
{"ctxid": 0, "pos": [3289.675, -4082.776, 83.155], "rotationMatrix": [-0.035565, -0.999367, 0.0, 0.999367, -0.035565, 0.0, 0.0, 0.0, 1.0], "scale": 0.5, "type": "holm_oak_bush"}
{"ctxid": 0, "pos": [3278.137, -4089.662, 83.155], "rotationMatrix": [0.404071, -0.914727, 0.0, 0.914727, 0.404071, 0.0, 0.0, 0.0, 1.0], "scale": 0.5, "type": "holm_oak_bush"}
{"ctxid": 0, "pos": [3288.977, -4082.566, 83.155], "rotationMatrix": [0.999339, -0.036362, 0.0, 0.036362, 0.999339, 0.0, 0.0, 0.0, 1.0], "scale": 0.5, "type": "holm_oak_bush"}
{"ctxid": 0, "pos": [3288.962, -4082.533, 83.155], "rotationMatrix": [0.935058, -0.354494, 0.0, 0.354494, 0.935058, 0.0, 0.0, 0.0, 1.0], "scale": 0.5, "type": "holm_oak_bush"}
{"ctxid": 0, "pos": [3270.721, -4095.002, 83.155], "rotationMatrix": [0.177573, -0.984108, 0.0, 0.984108, 0.177573, 0.0, 0.0, 0.0, 1.0], "scale": 0.5, "type": "holm_oak_bush"}
{"ctxid": 0, "pos": [3294.996, -4078.068, 83.155], "rotationMatrix": [-0.124065, -0.992274, 0.0, 0.992274, -0.124065, 0.0, 0.0, 0.0, 1.0], "scale": 0.5, "type": "holm_oak_bush"}
{"ctxid": 0, "pos": [3271.985, -4081.334, 83.299], "rotationMatrix": [-0.6327, 0.774397, 0.0, -0.774397, -0.6327, 0.0, 0.0, 0.0, 1.0], "scale": 0.5, "type": "holm_oak_bush"}
{"ctxid": 0, "pos": [3281.878, -4074.819, 83.299], "rotationMatrix": [0.750745, -0.660593, 0.0, 0.660593, 0.750745, 0.0, 0.0, 0.0, 1.0], "scale": 0.5, "type": "holm_oak_bush"}
{"ctxid": 0, "pos": [3288.558, -4070.01, 83.299], "rotationMatrix": [0.079445, 0.996839, 0.0, -0.996839, 0.079445, 0.0, 0.0, 0.0, 1.0], "scale": 0.5, "type": "holm_oak_bush"}
{"ctxid": 0, "pos": [3279.787, -4070.186, 83.352], "rotationMatrix": [0.323809, 0.946122, 0.0, -0.946122, 0.323809, 0.0, 0.0, 0.0, 1.0], "scale": 0.5, "type": "holm_oak_bush"}
{"ctxid": 0, "pos": [3254.249, -4074.435, 83.421], "rotationMatrix": [0.334244, -0.942487, 0.0, 0.942487, 0.334244, 0.0, 0.0, 0.0, 1.0], "scale": 0.5, "type": "holm_oak_bush"}
{"ctxid": 0, "pos": [3260.254, -4064.087, 83.438], "rotationMatrix": [-0.301209, -0.953558, 0.0, 0.953558, -0.301209, 0.0, 0.0, 0.0, 1.0], "scale": 0.5, "type": "holm_oak_bush"}
{"ctxid": 0, "pos": [3250.994, -4051.963, 83.593], "rotationMatrix": [-0.716419, 0.69767, 0.0, -0.69767, -0.716419, 0.0, 0.0, 0.0, 1.0], "scale": 0.5, "type": "holm_oak_bush"}
{"ctxid": 0, "pos": [3244.769, -4044.781, 84.069], "rotationMatrix": [0.99545, 0.095282, 0.0, -0.095282, 0.99545, 0.0, 0.0, 0.0, 1.0], "scale": 0.5, "type": "holm_oak_bush"}
{"ctxid": 0, "pos": [3250.853, -4029.73, 84.751], "rotationMatrix": [0.308168, -0.951332, 0.0, 0.951332, 0.308168, 0.0, 0.0, 0.0, 1.0], "scale": 0.5, "type": "holm_oak_bush"}
{"ctxid": 0, "pos": [3223.168, -4022.381, 86.416], "rotationMatrix": [0.842415, 0.538829, 0.0, -0.538829, 0.842415, 0.0, 0.0, 0.0, 1.0], "scale": 0.5, "type": "holm_oak_bush"}
{"ctxid": 0, "pos": [3222.152, -4005.86, 86.716], "rotationMatrix": [0.161938, 0.986801, 0.0, -0.986801, 0.161938, 0.0, 0.0, 0.0, 1.0], "scale": 0.5, "type": "holm_oak_bush"}
{"ctxid": 0, "pos": [3213.905, -4006.483, 87.096], "rotationMatrix": [-0.811153, -0.584833, 0.0, 0.584833, -0.811153, 0.0, 0.0, 0.0, 1.0], "scale": 0.5, "type": "holm_oak_bush"}
{"ctxid": 0, "pos": [3203.849, -4019.948, 87.358], "rotationMatrix": [0.892013, 0.452009, 0.0, -0.452009, 0.892013, 0.0, 0.0, 0.0, 1.0], "scale": 0.5, "type": "holm_oak_bush"}
{"ctxid": 0, "pos": [3204.029, -4023.825, 87.358], "rotationMatrix": [0.790509, 0.612451, 0.0, -0.612451, 0.790509, 0.0, 0.0, 0.0, 1.0], "scale": 0.5, "type": "holm_oak_bush"}
{"ctxid": 0, "pos": [3195.46, -4018.884, 87.884], "rotationMatrix": [-0.886663, 0.462416, 0.0, -0.462416, -0.886663, 0.0, 0.0, 0.0, 1.0], "scale": 0.5, "type": "holm_oak_bush"}
{"ctxid": 0, "pos": [3195.37, -4017.751, 87.884], "rotationMatrix": [0.224869, 0.974389, 0.0, -0.974389, 0.224869, 0.0, 0.0, 0.0, 1.0], "scale": 0.5, "type": "holm_oak_bush"}
{"ctxid": 0, "pos": [3171.759, -4018.906, 90.087], "rotationMatrix": [0.905387, -0.424586, 0.0, 0.424586, 0.905387, 0.0, 0.0, 0.0, 1.0], "scale": 0.5, "type": "holm_oak_bush"}
{"ctxid": 0, "pos": [3160.72, -4006.867, 91.012], "rotationMatrix": [-0.665349, -0.746532, 0.0, 0.746532, -0.665349, 0.0, 0.0, 0.0, 1.0], "scale": 0.5, "type": "holm_oak_bush"}
{"ctxid": 0, "pos": [3161.822, -4029.595, 91.012], "rotationMatrix": [0.950622, -0.310352, 0.0, 0.310352, 0.950622, 0.0, 0.0, 0.0, 1.0], "scale": 0.5, "type": "holm_oak_bush"}
{"ctxid": 0, "pos": [3150.811, -4020.274, 91.944], "rotationMatrix": [0.682225, -0.731142, 0.0, 0.731142, 0.682225, 0.0, 0.0, 0.0, 1.0], "scale": 0.5, "type": "holm_oak_bush"}
{"ctxid": 0, "pos": [3150.482, -4018.595, 91.944], "rotationMatrix": [0.625593, 0.780149, 0.0, -0.780149, 0.625593, 0.0, 0.0, 0.0, 1.0], "scale": 0.5, "type": "holm_oak_bush"}
{"ctxid": 0, "pos": [3150.842, -4005.931, 91.944], "rotationMatrix": [0.985299, -0.170839, 0.0, 0.170839, 0.985299, 0.0, 0.0, 0.0, 1.0], "scale": 0.5, "type": "holm_oak_bush"}
{"ctxid": 0, "pos": [3134.941, -4020.414, 93.356], "rotationMatrix": [-0.305105, -0.952319, 0.0, 0.952319, -0.305105, 0.0, 0.0, 0.0, 1.0], "scale": 0.5, "type": "holm_oak_bush"}
{"ctxid": 0, "pos": [3130.021, -4021.014, 93.831], "rotationMatrix": [0.335237, -0.942134, 0.0, 0.942134, 0.335237, 0.0, 0.0, 0.0, 1.0], "scale": 0.5, "type": "holm_oak_bush"}
{"ctxid": 0, "pos": [3130.03, -4026.458, 93.831], "rotationMatrix": [0.699419, -0.714712, 0.0, 0.714712, 0.699419, 0.0, 0.0, 0.0, 1.0], "scale": 0.5, "type": "holm_oak_bush"}
{"ctxid": 0, "pos": [3124.072, -4006.117, 94.306], "rotationMatrix": [0.97685, 0.213926, 0.0, -0.213926, 0.97685, 0.0, 0.0, 0.0, 1.0], "scale": 0.5, "type": "holm_oak_bush"}
{"ctxid": 0, "pos": [3124.841, -4025.916, 94.306], "rotationMatrix": [0.998872, 0.047476, 0.0, -0.047476, 0.998872, 0.0, 0.0, 0.0, 1.0], "scale": 0.5, "type": "holm_oak_bush"}
{"ctxid": 0, "pos": [3119.764, -4019.522, 94.786], "rotationMatrix": [0.865541, 0.500838, 0.0, -0.500838, 0.865541, 0.0, 0.0, 0.0, 1.0], "scale": 0.5, "type": "holm_oak_bush"}
{"ctxid": 0, "pos": [3118.703, -4003.874, 94.786], "rotationMatrix": [-0.220838, -0.975311, 0.0, 0.975311, -0.220838, 0.0, 0.0, 0.0, 1.0], "scale": 0.5, "type": "holm_oak_bush"}
{"ctxid": 0, "pos": [3113.908, -4019.0, 95.267], "rotationMatrix": [-0.486297, 0.873794, 0.0, -0.873794, -0.486297, 0.0, 0.0, 0.0, 1.0], "scale": 0.5, "type": "holm_oak_bush"}
{"ctxid": 0, "pos": [3114.137, -3999.452, 95.267], "rotationMatrix": [0.837992, -0.545682, 0.0, 0.545682, 0.837992, 0.0, 0.0, 0.0, 1.0], "scale": 0.5, "type": "holm_oak_bush"}
{"ctxid": 0, "pos": [3108.441, -4018.438, 95.748], "rotationMatrix": [0.75881, 0.651312, 0.0, -0.651312, 0.75881, 0.0, 0.0, 0.0, 1.0], "scale": 0.5, "type": "holm_oak_bush"}
{"ctxid": 0, "pos": [3108.574, -4020.395, 95.748], "rotationMatrix": [-0.959912, -0.280303, 0.0, 0.280303, -0.959912, 0.0, 0.0, 0.0, 1.0], "scale": 0.5, "type": "holm_oak_bush"}
{"ctxid": 0, "pos": [3097.484, -4006.933, 96.698], "rotationMatrix": [0.997929, 0.064323, 0.0, -0.064323, 0.997929, 0.0, 0.0, 0.0, 1.0], "scale": 0.5, "type": "holm_oak_bush"}
{"ctxid": 0, "pos": [3092.975, -4024.648, 97.006], "rotationMatrix": [-0.492279, -0.870437, 0.0, 0.870437, -0.492279, 0.0, 0.0, 0.0, 1.0], "scale": 0.5, "type": "holm_oak_bush"}
{"ctxid": 0, "pos": [3087.273, -4019.635, 97.312], "rotationMatrix": [-0.2724, 0.962184, 0.0, -0.962184, -0.2724, 0.0, 0.0, 0.0, 1.0], "scale": 0.5, "type": "holm_oak_bush"}
{"ctxid": 0, "pos": [3082.318, -4030.347, 97.616], "rotationMatrix": [0.987826, -0.155562, 0.0, 0.155562, 0.987826, 0.0, 0.0, 0.0, 1.0], "scale": 0.5, "type": "holm_oak_bush"}
{"ctxid": 0, "pos": [3076.465, -4019.956, 97.92], "rotationMatrix": [-0.331158, 0.943575, 0.0, -0.943575, -0.331158, 0.0, 0.0, 0.0, 1.0], "scale": 0.5, "type": "holm_oak_bush"}
{"ctxid": 0, "pos": [3071.028, -4021.106, 98.224], "rotationMatrix": [-0.85307, -0.521797, 0.0, 0.521797, -0.85307, 0.0, 0.0, 0.0, 1.0], "scale": 0.5, "type": "holm_oak_bush"}
{"ctxid": 0, "pos": [3065.548, -4006.423, 98.529], "rotationMatrix": [0.836745, 0.547593, 0.0, -0.547593, 0.836745, 0.0, 0.0, 0.0, 1.0], "scale": 0.5, "type": "holm_oak_bush"}
{"ctxid": 0, "pos": [3060.095, -4002.716, 98.836], "rotationMatrix": [-0.91776, -0.397136, 0.0, 0.397136, -0.91776, 0.0, 0.0, 0.0, 1.0], "scale": 0.5, "type": "holm_oak_bush"}
{"ctxid": 0, "pos": [3055.129, -4020.721, 99.145], "rotationMatrix": [-0.689078, 0.724687, 0.0, -0.724687, -0.689078, 0.0, 0.0, 0.0, 1.0], "scale": 0.5, "type": "holm_oak_bush"}
{"ctxid": 0, "pos": [3049.888, -4023.455, 99.46], "rotationMatrix": [-0.986851, 0.161632, 0.0, -0.161632, -0.986851, 0.0, 0.0, 0.0, 1.0], "scale": 0.5, "type": "holm_oak_bush"}
{"ctxid": 0, "pos": [3050.095, -4002.124, 99.46], "rotationMatrix": [-0.851385, 0.524541, 0.0, -0.524541, -0.851385, 0.0, 0.0, 0.0, 1.0], "scale": 0.5, "type": "holm_oak_bush"}
{"ctxid": 0, "pos": [3023.388, -4021.288, 101.18], "rotationMatrix": [-0.317339, -0.948312, 0.0, 0.948312, -0.317339, 0.0, 0.0, 0.0, 1.0], "scale": 0.5, "type": "holm_oak_bush"}
{"ctxid": 0, "pos": [3011.459, -4022.515, 101.964], "rotationMatrix": [0.297459, 0.954734, 0.0, -0.954734, 0.297459, 0.0, 0.0, 0.0, 1.0], "scale": 0.5, "type": "holm_oak_bush"}
{"ctxid": 0, "pos": [3002.785, -4004.668, 102.82], "rotationMatrix": [-0.920629, -0.390439, 0.0, 0.390439, -0.920629, 0.0, 0.0, 0.0, 1.0], "scale": 0.5, "type": "holm_oak_bush"}
{"ctxid": 0, "pos": [2995.87, -4017.527, 103.306], "rotationMatrix": [-0.884158, -0.467187, 0.0, 0.467187, -0.884158, 0.0, 0.0, 0.0, 1.0], "scale": 0.5, "type": "holm_oak_bush"}
{"ctxid": 0, "pos": [2997.683, -4003.985, 103.306], "rotationMatrix": [-0.223463, -0.974712, 0.0, 0.974712, -0.223463, 0.0, 0.0, 0.0, 1.0], "scale": 0.5, "type": "holm_oak_bush"}
{"ctxid": 0, "pos": [2979.0, -4013.449, 104.778], "rotationMatrix": [-0.95432, -0.298787, 0.0, 0.298787, -0.95432, 0.0, 0.0, 0.0, 1.0], "scale": 0.5, "type": "holm_oak_bush"}
{"ctxid": 0, "pos": [2974.112, -4011.197, 105.279], "rotationMatrix": [-0.999509, 0.031322, 0.0, -0.031322, -0.999509, 0.0, 0.0, 0.0, 1.0], "scale": 0.5, "type": "holm_oak_bush"}
{"ctxid": 0, "pos": [2977.411, -3997.809, 105.279], "rotationMatrix": [-0.201304, 0.979529, 0.0, -0.979529, -0.201304, 0.0, 0.0, 0.0, 1.0], "scale": 0.5, "type": "holm_oak_bush"}
{"ctxid": 0, "pos": [2972.021, -4020.071, 105.279], "rotationMatrix": [0.998286, 0.058525, 0.0, -0.058525, 0.998286, 0.0, 0.0, 0.0, 1.0], "scale": 0.5, "type": "holm_oak_bush"}
{"ctxid": 0, "pos": [2971.686, -3996.958, 105.783], "rotationMatrix": [-0.772416, 0.635117, 0.0, -0.635117, -0.772416, 0.0, 0.0, 0.0, 1.0], "scale": 0.5, "type": "holm_oak_bush"}
{"ctxid": 0, "pos": [2965.942, -3997.515, 106.287], "rotationMatrix": [0.818653, -0.574288, 0.0, 0.574288, 0.818653, 0.0, 0.0, 0.0, 1.0], "scale": 0.5, "type": "holm_oak_bush"}
{"ctxid": 0, "pos": [2956.117, -4012.612, 106.79], "rotationMatrix": [0.275839, -0.961204, 0.0, 0.961204, 0.275839, 0.0, 0.0, 0.0, 1.0], "scale": 0.5, "type": "holm_oak_bush"}
{"ctxid": 0, "pos": [2955.904, -3989.173, 107.294], "rotationMatrix": [-0.898405, -0.439168, 0.0, 0.439168, -0.898405, 0.0, 0.0, 0.0, 1.0], "scale": 0.5, "type": "holm_oak_bush"}
{"ctxid": 0, "pos": [2951.132, -4009.064, 107.294], "rotationMatrix": [-0.909869, -0.414896, 0.0, 0.414896, -0.909869, 0.0, 0.0, 0.0, 1.0], "scale": 0.5, "type": "holm_oak_bush"}
{"ctxid": 0, "pos": [2946.705, -4005.759, 107.797], "rotationMatrix": [0.719204, 0.694799, 0.0, -0.694799, 0.719204, 0.0, 0.0, 0.0, 1.0], "scale": 0.5, "type": "holm_oak_bush"}
{"ctxid": 0, "pos": [2937.848, -3991.351, 108.811], "rotationMatrix": [0.984636, 0.174621, 0.0, -0.174621, 0.984636, 0.0, 0.0, 0.0, 1.0], "scale": 0.5, "type": "holm_oak_bush"}
{"ctxid": 0, "pos": [2938.426, -3989.123, 108.811], "rotationMatrix": [-0.999206, 0.039844, 0.0, -0.039844, -0.999206, 0.0, 0.0, 0.0, 1.0], "scale": 0.5, "type": "holm_oak_bush"}
{"ctxid": 0, "pos": [2933.917, -4009.967, 108.811], "rotationMatrix": [-0.773375, 0.633949, 0.0, -0.633949, -0.773375, 0.0, 0.0, 0.0, 1.0], "scale": 0.5, "type": "holm_oak_bush"}
{"ctxid": 0, "pos": [2929.753, -4002.43, 109.286], "rotationMatrix": [0.841866, -0.539687, 0.0, 0.539687, 0.841866, 0.0, 0.0, 0.0, 1.0], "scale": 0.5, "type": "holm_oak_bush"}
{"ctxid": 0, "pos": [2923.22, -3987.855, 109.822], "rotationMatrix": [-0.620207, -0.784438, 0.0, 0.784438, -0.620207, 0.0, 0.0, 0.0, 1.0], "scale": 0.5, "type": "holm_oak_bush"}
{"ctxid": 0, "pos": [2907.554, -3983.455, 110.594], "rotationMatrix": [-0.533, 0.846115, 0.0, -0.846115, -0.533, 0.0, 0.0, 0.0, 1.0], "scale": 0.5, "type": "holm_oak_bush"}
{"ctxid": 0, "pos": [2901.796, -4002.224, 110.594], "rotationMatrix": [-0.849237, 0.528012, 0.0, -0.528012, -0.849237, 0.0, 0.0, 0.0, 1.0], "scale": 0.5, "type": "holm_oak_bush"}
{"ctxid": 0, "pos": [2879.212, -3980.293, 112.116], "rotationMatrix": [-0.61188, 0.790951, 0.0, -0.790951, -0.61188, 0.0, 0.0, 0.0, 1.0], "scale": 0.5, "type": "holm_oak_bush"}
{"ctxid": 0, "pos": [2869.465, -3984.678, 112.116], "rotationMatrix": [0.761592, -0.648057, 0.0, 0.648057, 0.761592, 0.0, 0.0, 0.0, 1.0], "scale": 0.5, "type": "holm_oak_bush"}
{"ctxid": 0, "pos": [2898.384, -3967.983, 112.754], "rotationMatrix": [0.953068, -0.302756, 0.0, 0.302756, 0.953068, 0.0, 0.0, 0.0, 1.0], "scale": 0.5, "type": "holm_oak_bush"}
{"ctxid": 0, "pos": [2891.402, -3964.837, 113.302], "rotationMatrix": [-0.991125, -0.132931, 0.0, 0.132931, -0.991125, 0.0, 0.0, 0.0, 1.0], "scale": 0.5, "type": "holm_oak_bush"}
{"ctxid": 0, "pos": [2891.514, -3964.889, 113.302], "rotationMatrix": [-0.29445, -0.955667, 0.0, 0.955667, -0.29445, 0.0, 0.0, 0.0, 1.0], "scale": 0.5, "type": "holm_oak_bush"}
{"ctxid": 0, "pos": [2900.611, -3965.652, 113.302], "rotationMatrix": [0.389443, -0.921051, 0.0, 0.921051, 0.389443, 0.0, 0.0, 0.0, 1.0], "scale": 0.5, "type": "holm_oak_bush"}
{"ctxid": 0, "pos": [2872.822, -3944.434, 114.644], "rotationMatrix": [0.059984, 0.998199, 0.0, -0.998199, 0.059984, 0.0, 0.0, 0.0, 1.0], "scale": 0.5, "type": "holm_oak_bush"}
{"ctxid": 0, "pos": [2896.174, -3952.799, 114.644], "rotationMatrix": [0.912452, -0.409183, 0.0, 0.409183, 0.912452, 0.0, 0.0, 0.0, 1.0], "scale": 0.5, "type": "holm_oak_bush"}
{"ctxid": 0, "pos": [2885.19, -3938.843, 115.44], "rotationMatrix": [-0.625626, 0.780123, 0.0, -0.780123, -0.625626, 0.0, 0.0, 0.0, 1.0], "scale": 0.5, "type": "holm_oak_bush"}
{"ctxid": 0, "pos": [2900.824, -3912.586, 118.126], "rotationMatrix": [-0.983654, 0.180071, 0.0, -0.180071, -0.983654, 0.0, 0.0, 0.0, 1.0], "scale": 0.5, "type": "holm_oak_bush"}
{"ctxid": 0, "pos": [2899.188, -3911.025, 118.126], "rotationMatrix": [0.875085, -0.483969, 0.0, 0.483969, 0.875085, 0.0, 0.0, 0.0, 1.0], "scale": 0.5, "type": "holm_oak_bush"}
{"ctxid": 0, "pos": [2900.375, -3912.6, 118.126], "rotationMatrix": [0.548156, -0.836376, 0.0, 0.836376, 0.548156, 0.0, 0.0, 0.0, 1.0], "scale": 0.5, "type": "holm_oak_bush"}
{"ctxid": 0, "pos": [2913.058, -3893.656, 120.035], "rotationMatrix": [-0.981554, -0.191187, 0.0, 0.191187, -0.981554, 0.0, 0.0, 0.0, 1.0], "scale": 0.5, "type": "holm_oak_bush"}
{"ctxid": 0, "pos": [2928.013, -3900.134, 120.515], "rotationMatrix": [0.860133, 0.51007, 0.0, -0.51007, 0.860133, 0.0, 0.0, 0.0, 1.0], "scale": 0.5, "type": "holm_oak_bush"}
{"ctxid": 0, "pos": [2920.329, -3885.765, 120.996], "rotationMatrix": [-0.029628, 0.999561, 0.0, -0.999561, -0.029628, 0.0, 0.0, 0.0, 1.0], "scale": 0.5, "type": "holm_oak_bush"}
{"ctxid": 0, "pos": [2931.366, -3895.854, 120.996], "rotationMatrix": [-0.889818, 0.456316, 0.0, -0.456316, -0.889818, 0.0, 0.0, 0.0, 1.0], "scale": 0.5, "type": "holm_oak_bush"}
{"ctxid": 0, "pos": [2921.027, -3885.8, 120.996], "rotationMatrix": [-0.106817, -0.994279, 0.0, 0.994279, -0.106817, 0.0, 0.0, 0.0, 1.0], "scale": 0.5, "type": "holm_oak_bush"}
{"ctxid": 0, "pos": [2930.588, -3894.471, 120.996], "rotationMatrix": [0.152573, -0.988292, 0.0, 0.988292, 0.152573, 0.0, 0.0, 0.0, 1.0], "scale": 0.5, "type": "holm_oak_bush"}
{"ctxid": 0, "pos": [2923.249, -3872.328, 121.964], "rotationMatrix": [0.939615, -0.342233, 0.0, 0.342233, 0.939615, 0.0, 0.0, 0.0, 1.0], "scale": 0.5, "type": "holm_oak_bush"}
{"ctxid": 0, "pos": [2932.058, -3874.818, 122.452], "rotationMatrix": [-0.947023, 0.321167, 0.0, -0.321167, -0.947023, 0.0, 0.0, 0.0, 1.0], "scale": 0.5, "type": "holm_oak_bush"}
{"ctxid": 0, "pos": [2950.075, -3876.457, 123.438], "rotationMatrix": [-0.78799, 0.615688, 0.0, -0.615688, -0.78799, 0.0, 0.0, 0.0, 1.0], "scale": 0.5, "type": "holm_oak_bush"}
{"ctxid": 0, "pos": [2951.253, -3878.736, 123.438], "rotationMatrix": [0.057188, -0.998363, 0.0, 0.998363, 0.057188, 0.0, 0.0, 0.0, 1.0], "scale": 0.5, "type": "holm_oak_bush"}
{"ctxid": 0, "pos": [2945.067, -3863.567, 123.936], "rotationMatrix": [-0.77464, -0.632402, 0.0, 0.632402, -0.77464, 0.0, 0.0, 0.0, 1.0], "scale": 0.5, "type": "holm_oak_bush"}
{"ctxid": 0, "pos": [2943.97, -3853.464, 124.432], "rotationMatrix": [-0.910145, -0.414289, 0.0, 0.414289, -0.910145, 0.0, 0.0, 0.0, 1.0], "scale": 0.5, "type": "holm_oak_bush"}
{"ctxid": 0, "pos": [2963.306, -3875.833, 124.432], "rotationMatrix": [0.964492, 0.264113, 0.0, -0.264113, 0.964492, 0.0, 0.0, 0.0, 1.0], "scale": 0.5, "type": "holm_oak_bush"}
{"ctxid": 0, "pos": [2952.819, -3846.991, 125.047], "rotationMatrix": [-0.8811, 0.47293, 0.0, -0.47293, -0.8811, 0.0, 0.0, 0.0, 1.0], "scale": 0.5, "type": "holm_oak_bush"}
{"ctxid": 0, "pos": [2961.246, -3849.164, 125.234], "rotationMatrix": [0.55859, 0.829444, 0.0, -0.829444, 0.55859, 0.0, 0.0, 0.0, 1.0], "scale": 0.5, "type": "holm_oak_bush"}
{"ctxid": 0, "pos": [2965.853, -3846.336, 125.4], "rotationMatrix": [0.409588, -0.91227, 0.0, 0.91227, 0.409588, 0.0, 0.0, 0.0, 1.0], "scale": 0.5, "type": "holm_oak_bush"}
{"ctxid": 0, "pos": [2958.621, -3837.847, 125.4], "rotationMatrix": [0.971496, -0.237056, 0.0, 0.237056, 0.971496, 0.0, 0.0, 0.0, 1.0], "scale": 0.5, "type": "holm_oak_bush"}
{"ctxid": 0, "pos": [2978.079, -3851.208, 125.547], "rotationMatrix": [-0.300721, -0.953712, 0.0, 0.953712, -0.300721, 0.0, 0.0, 0.0, 1.0], "scale": 0.5, "type": "holm_oak_bush"}
{"ctxid": 0, "pos": [2982.787, -3856.724, 125.547], "rotationMatrix": [0.151183, 0.988506, 0.0, -0.988506, 0.151183, 0.0, 0.0, 0.0, 1.0], "scale": 0.5, "type": "holm_oak_bush"}
{"ctxid": 0, "pos": [2980.349, -3830.858, 125.932], "rotationMatrix": [-0.163534, -0.986538, 0.0, 0.986538, -0.163534, 0.0, 0.0, 0.0, 1.0], "scale": 0.5, "type": "holm_oak_bush"}
{"ctxid": 0, "pos": [2985.677, -3828.11, 126.054], "rotationMatrix": [-0.294861, 0.95554, 0.0, -0.95554, -0.294861, 0.0, 0.0, 0.0, 1.0], "scale": 0.5, "type": "holm_oak_bush"}
{"ctxid": 0, "pos": [2991.878, -3821.783, 126.303], "rotationMatrix": [0.895651, -0.444757, 0.0, 0.444757, 0.895651, 0.0, 0.0, 0.0, 1.0], "scale": 0.5, "type": "holm_oak_bush"}
{"ctxid": 0, "pos": [2997.689, -3815.235, 126.57], "rotationMatrix": [0.971063, -0.238823, 0.0, 0.238823, 0.971063, 0.0, 0.0, 0.0, 1.0], "scale": 0.5, "type": "holm_oak_bush"}
{"ctxid": 0, "pos": [2990.141, -3808.718, 126.57], "rotationMatrix": [0.109268, 0.994012, 0.0, -0.994012, 0.109268, 0.0, 0.0, 0.0, 1.0], "scale": 0.5, "type": "holm_oak_bush"}
{"ctxid": 0, "pos": [3012.036, -3816.387, 126.834], "rotationMatrix": [0.610324, 0.792152, 0.0, -0.792152, 0.610324, 0.0, 0.0, 0.0, 1.0], "scale": 0.5, "type": "holm_oak_bush"}
{"ctxid": 0, "pos": [2993.544, -3802.195, 126.834], "rotationMatrix": [0.944938, 0.327251, 0.0, -0.327251, 0.944938, 0.0, 0.0, 0.0, 1.0], "scale": 0.5, "type": "holm_oak_bush"}
{"ctxid": 0, "pos": [3020.638, -3797.542, 127.633], "rotationMatrix": [-0.497539, 0.867441, 0.0, -0.867441, -0.497539, 0.0, 0.0, 0.0, 1.0], "scale": 0.5, "type": "holm_oak_bush"}
{"ctxid": 0, "pos": [3009.187, -3795.033, 127.633], "rotationMatrix": [0.688094, -0.725622, 0.0, 0.725622, 0.688094, 0.0, 0.0, 0.0, 1.0], "scale": 0.5, "type": "holm_oak_bush"}
{"ctxid": 0, "pos": [3030.082, -3799.385, 127.633], "rotationMatrix": [-0.686355, 0.727267, 0.0, -0.727267, -0.686355, 0.0, 0.0, 0.0, 1.0], "scale": 0.5, "type": "holm_oak_bush"}
{"ctxid": 0, "pos": [3004.875, -3791.693, 128.129], "rotationMatrix": [-0.933212, -0.359326, 0.0, 0.359326, -0.933212, 0.0, 0.0, 0.0, 1.0], "scale": 0.5, "type": "holm_oak_bush"}
{"ctxid": 0, "pos": [3020.093, -3781.573, 128.52], "rotationMatrix": [-0.559703, -0.828693, 0.0, 0.828693, -0.559703, 0.0, 0.0, 0.0, 1.0], "scale": 0.5, "type": "holm_oak_bush"}
{"ctxid": 0, "pos": [2998.308, -3788.175, 128.52], "rotationMatrix": [-0.991818, 0.127662, 0.0, -0.127662, -0.991818, 0.0, 0.0, 0.0, 1.0], "scale": 0.5, "type": "holm_oak_bush"}
{"ctxid": 0, "pos": [3017.555, -3772.961, 129.031], "rotationMatrix": [-0.964081, -0.265607, 0.0, 0.265607, -0.964081, 0.0, 0.0, 0.0, 1.0], "scale": 0.5, "type": "holm_oak_bush"}
{"ctxid": 0, "pos": [3018.39, -3772.905, 129.031], "rotationMatrix": [0.920161, -0.391539, 0.0, 0.391539, 0.920161, 0.0, 0.0, 0.0, 1.0], "scale": 0.5, "type": "holm_oak_bush"}
{"ctxid": 0, "pos": [3021.662, -3761.532, 129.712], "rotationMatrix": [-0.782387, 0.622792, 0.0, -0.622792, -0.782387, 0.0, 0.0, 0.0, 1.0], "scale": 0.5, "type": "holm_oak_bush"}
{"ctxid": 0, "pos": [2987.432, -3764.99, 130.526], "rotationMatrix": [0.431665, 0.902034, 0.0, -0.902034, 0.431665, 0.0, 0.0, 0.0, 1.0], "scale": 0.5, "type": "holm_oak_bush"}
{"ctxid": 0, "pos": [3011.453, -3754.321, 130.526], "rotationMatrix": [0.793174, 0.608995, 0.0, -0.608995, 0.793174, 0.0, 0.0, 0.0, 1.0], "scale": 0.5, "type": "holm_oak_bush"}
{"ctxid": 0, "pos": [2989.418, -3758.615, 130.978], "rotationMatrix": [-0.840456, -0.541879, 0.0, 0.541879, -0.840456, 0.0, 0.0, 0.0, 1.0], "scale": 0.5, "type": "holm_oak_bush"}
{"ctxid": 0, "pos": [3015.999, -3746.239, 130.978], "rotationMatrix": [-0.694994, -0.719016, 0.0, 0.719016, -0.694994, 0.0, 0.0, 0.0, 1.0], "scale": 0.5, "type": "holm_oak_bush"}
{"ctxid": 0, "pos": [2992.068, -3750.929, 131.446], "rotationMatrix": [-0.224301, -0.97452, 0.0, 0.97452, -0.224301, 0.0, 0.0, 0.0, 1.0], "scale": 0.5, "type": "holm_oak_bush"}
{"ctxid": 0, "pos": [3000.852, -3739.464, 131.911], "rotationMatrix": [0.983144, -0.182832, 0.0, 0.182832, 0.983144, 0.0, 0.0, 0.0, 1.0], "scale": 0.5, "type": "holm_oak_bush"}
{"ctxid": 0, "pos": [3001.333, -3740.08, 131.911], "rotationMatrix": [0.561093, 0.827753, 0.0, -0.827753, 0.561093, 0.0, 0.0, 0.0, 1.0], "scale": 0.5, "type": "holm_oak_bush"}
{"ctxid": 0, "pos": [3001.306, -3739.942, 131.911], "rotationMatrix": [-0.044012, 0.999031, 0.0, -0.999031, -0.044012, 0.0, 0.0, 0.0, 1.0], "scale": 0.5, "type": "holm_oak_bush"}
{"ctxid": 0, "pos": [2998.725, -3734.525, 132.35], "rotationMatrix": [-0.623327, 0.781962, 0.0, -0.781962, -0.623327, 0.0, 0.0, 0.0, 1.0], "scale": 0.5, "type": "holm_oak_bush"}
{"ctxid": 0, "pos": [2986.179, -3741.027, 132.35], "rotationMatrix": [-0.998204, 0.059913, 0.0, -0.059913, -0.998204, 0.0, 0.0, 0.0, 1.0], "scale": 0.5, "type": "holm_oak_bush"}
{"ctxid": 0, "pos": [3005.176, -3730.388, 132.35], "rotationMatrix": [-0.159552, -0.98719, 0.0, 0.98719, -0.159552, 0.0, 0.0, 0.0, 1.0], "scale": 0.5, "type": "holm_oak_bush"}
{"ctxid": 0, "pos": [2984.367, -3735.79, 132.758], "rotationMatrix": [-0.088725, 0.996056, 0.0, -0.996056, -0.088725, 0.0, 0.0, 0.0, 1.0], "scale": 0.5, "type": "holm_oak_bush"}
{"ctxid": 0, "pos": [2984.928, -3735.331, 132.758], "rotationMatrix": [0.967495, -0.252892, 0.0, 0.252892, 0.967495, 0.0, 0.0, 0.0, 1.0], "scale": 0.5, "type": "holm_oak_bush"}
