{"ctxid": 0, "pos": [2142.94, 43.317, 67.352], "rotationMatrix": [0.150413, -0.988623, 0.0, 0.988623, 0.150413, 0.0, 0.0, 0.0, 1.0], "scale": 1.0, "type": "ind_bld_8x8"}
{"ctxid": 0, "pos": [-3224.793, 762.983, 319.36], "rotationMatrix": [0.063659, -0.997972, 0.0, 0.997972, 0.063659, 0.0, 0.0, 0.0, 1.0], "scale": 1.0, "type": "ind_bld_8x8"}
{"ctxid": 0, "pos": [-3275.937, 805.933, 366.915], "rotationMatrix": [0.741799, -0.670622, 0.0, 0.670622, 0.741799, 0.0, 0.0, 0.0, 1.0], "scale": 1.0, "type": "ind_bld_8x8"}
{"ctxid": 0, "pos": [-3252.596, 756.494, 319.36], "rotationMatrix": [0.967342, -0.253474, 0.0, 0.253474, 0.967342, 0.0, 0.0, 0.0, 1.0], "scale": 1.0, "type": "ind_bld_8x8"}
{"ctxid": 0, "pos": [-3380.864, 779.223, 366.915], "rotationMatrix": [0.972071, -0.234687, 0.0, 0.234687, 0.972071, 0.0, 0.0, 0.0, 1.0], "scale": 1.0, "type": "ind_bld_8x8"}
{"ctxid": 0, "pos": [-3400.542, 785.926, 366.915], "rotationMatrix": [-0.504863, -0.8632, 0.0, 0.8632, -0.504863, 0.0, 0.0, 0.0, 1.0], "scale": 1.0, "type": "ind_bld_8x8"}
{"ctxid": 0, "pos": [-3397.363, 824.525, 366.915], "rotationMatrix": [-0.919919, -0.392109, 0.0, 0.392109, -0.919919, 0.0, 0.0, 0.0, 1.0], "scale": 1.0, "type": "ind_bld_8x8"}
{"ctxid": 0, "pos": [-3375.027, 819.512, 366.915], "rotationMatrix": [-0.68546, -0.72811, 0.0, 0.72811, -0.68546, 0.0, 0.0, 0.0, 1.0], "scale": 1.0, "type": "ind_bld_8x8"}
{"ctxid": 0, "pos": [-3415.308, 787.255, 366.915], "rotationMatrix": [0.039871, -0.999205, 0.0, 0.999205, 0.039871, 0.0, 0.0, 0.0, 1.0], "scale": 1.0, "type": "ind_bld_8x8"}
{"ctxid": 0, "pos": [-3403.396, 1105.052, 366.915], "rotationMatrix": [-0.996346, -0.085414, 0.0, 0.085414, -0.996346, 0.0, 0.0, 0.0, 1.0], "scale": 1.0, "type": "ind_bld_8x8"}
{"ctxid": 0, "pos": [-3344.999, 832.908, 366.915], "rotationMatrix": [-0.999959, -0.009003, 0.0, 0.009003, -0.999959, 0.0, 0.0, 0.0, 1.0], "scale": 1.0, "type": "ind_bld_8x8"}
{"ctxid": 0, "pos": [-3310.099, 779.017, 366.915], "rotationMatrix": [-0.476875, -0.878971, 0.0, 0.878971, -0.476875, 0.0, 0.0, 0.0, 1.0], "scale": 1.0, "type": "ind_bld_8x8"}
{"ctxid": 0, "pos": [-3332.042, 773.521, 366.915], "rotationMatrix": [-0.943427, -0.33158, 0.0, 0.33158, -0.943427, 0.0, 0.0, 0.0, 1.0], "scale": 1.0, "type": "ind_bld_8x8"}
{"ctxid": 0, "pos": [-3121.956, 817.753, 319.36], "rotationMatrix": [-0.422047, -0.906574, 0.0, 0.906574, -0.422047, 0.0, 0.0, 0.0, 1.0], "scale": 1.0, "type": "ind_bld_8x8"}
{"ctxid": 0, "pos": [-3130.164, 796.328, 319.36], "rotationMatrix": [-0.042456, -0.999098, 0.0, 0.999098, -0.042456, 0.0, 0.0, 0.0, 1.0], "scale": 1.0, "type": "ind_bld_8x8"}
{"ctxid": 0, "pos": [-3138.3, 819.523, 319.36], "rotationMatrix": [-0.29769, -0.954663, 0.0, 0.954663, -0.29769, 0.0, 0.0, 0.0, 1.0], "scale": 1.0, "type": "ind_bld_8x8"}
{"ctxid": 0, "pos": [-3098.074, 771.757, 316.872], "rotationMatrix": [-0.939095, -0.343659, 0.0, 0.343659, -0.939095, 0.0, 0.0, 0.0, 1.0], "scale": 1.0, "type": "ind_bld_8x8"}
{"ctxid": 0, "pos": [-3159.131, 830.751, 366.915], "rotationMatrix": [-0.185758, -0.982595, 0.0, 0.982595, -0.185758, 0.0, 0.0, 0.0, 1.0], "scale": 1.0, "type": "ind_bld_8x8"}
{"ctxid": 0, "pos": [-3046.279, 714.582, 316.872], "rotationMatrix": [0.961868, -0.273513, 0.0, 0.273513, 0.961868, 0.0, 0.0, 0.0, 1.0], "scale": 1.0, "type": "ind_bld_8x8"}
{"ctxid": 0, "pos": [-2998.885, 494.969, 314.62], "rotationMatrix": [-0.562008, -0.827132, 0.0, 0.827132, -0.562008, 0.0, 0.0, 0.0, 1.0], "scale": 1.0, "type": "ind_bld_8x8"}
{"ctxid": 0, "pos": [-3010.934, 459.307, 314.62], "rotationMatrix": [0.779251, -0.626712, 0.0, 0.626712, 0.779251, 0.0, 0.0, 0.0, 1.0], "scale": 1.0, "type": "ind_bld_8x8"}
{"ctxid": 0, "pos": [-3060.856, 734.051, 316.872], "rotationMatrix": [0.955868, -0.293795, 0.0, 0.293795, 0.955868, 0.0, 0.0, 0.0, 1.0], "scale": 1.0, "type": "ind_bld_8x8"}
{"ctxid": 0, "pos": [-3383.503, 767.533, 366.915], "rotationMatrix": [0.999949, -0.010086, 0.0, 0.010086, 0.999949, 0.0, 0.0, 0.0, 1.0], "scale": 1.0, "type": "ind_bld_8x8"}
{"ctxid": 0, "pos": [-3081.643, 772.925, 316.872], "rotationMatrix": [-0.997152, -0.075412, 0.0, 0.075412, -0.997152, 0.0, 0.0, 0.0, 1.0], "scale": 1.0, "type": "ind_bld_8x8"}
{"ctxid": 0, "pos": [-2988.099, 846.201, 319.36], "rotationMatrix": [-0.999976, -0.006875, 0.0, 0.006875, -0.999976, 0.0, 0.0, 0.0, 1.0], "scale": 1.0, "type": "ind_bld_8x8"}
{"ctxid": 0, "pos": [-3075.818, 1072.288, 366.915], "rotationMatrix": [-0.51394, -0.857826, 0.0, 0.857826, -0.51394, 0.0, 0.0, 0.0, 1.0], "scale": 1.0, "type": "ind_bld_8x8"}
{"ctxid": 0, "pos": [-3304.253, 707.779, 316.872], "rotationMatrix": [-0.955219, -0.2959, 0.0, 0.2959, -0.955219, 0.0, 0.0, 0.0, 1.0], "scale": 1.0, "type": "ind_bld_8x8"}
{"ctxid": 0, "pos": [-3307.615, 727.466, 319.36], "rotationMatrix": [0.963662, -0.267126, 0.0, 0.267126, 0.963662, 0.0, 0.0, 0.0, 1.0], "scale": 1.0, "type": "ind_bld_8x8"}
{"ctxid": 0, "pos": [-3210.901, 567.864, 316.872], "rotationMatrix": [-0.451608, -0.892216, 0.0, 0.892216, -0.451608, 0.0, 0.0, 0.0, 1.0], "scale": 1.0, "type": "ind_bld_8x8"}
{"ctxid": 0, "pos": [-3266.451, 547.519, 316.872], "rotationMatrix": [0.999568, -0.029376, 0.0, 0.029376, 0.999568, 0.0, 0.0, 0.0, 1.0], "scale": 1.0, "type": "ind_bld_8x8"}
{"ctxid": 0, "pos": [-3367.758, 1564.442, 431.082], "rotationMatrix": [0.84017, -0.542322, 0.0, 0.542322, 0.84017, 0.0, 0.0, 0.0, 1.0], "scale": 1.0, "type": "ind_bld_8x8"}
{"ctxid": 0, "pos": [-3379.774, 1578.658, 431.082], "rotationMatrix": [-0.948943, -0.315447, 0.0, 0.315447, -0.948943, 0.0, 0.0, 0.0, 1.0], "scale": 1.0, "type": "ind_bld_8x8"}
{"ctxid": 0, "pos": [-3220.684, 2053.554, 431.082], "rotationMatrix": [-0.607561, -0.794273, 0.0, 0.794273, -0.607561, 0.0, 0.0, 0.0, 1.0], "scale": 1.0, "type": "ind_bld_8x8"}
{"ctxid": 0, "pos": [-3164.091, 1283.191, 366.915], "rotationMatrix": [-0.571339, -0.820714, 0.0, 0.820714, -0.571339, 0.0, 0.0, 0.0, 1.0], "scale": 1.0, "type": "ind_bld_8x8"}
{"ctxid": 0, "pos": [-3071.646, 1257.671, 366.915], "rotationMatrix": [0.999496, -0.031733, 0.0, 0.031733, 0.999496, 0.0, 0.0, 0.0, 1.0], "scale": 1.0, "type": "ind_bld_8x8"}
{"ctxid": 0, "pos": [-3381.802, 625.34, 316.872], "rotationMatrix": [0.930541, -0.366189, 0.0, 0.366189, 0.930541, 0.0, 0.0, 0.0, 1.0], "scale": 1.0, "type": "ind_bld_8x8"}
{"ctxid": 0, "pos": [3592.474, 3612.273, 76.729], "rotationMatrix": [-0.218083, -0.97593, 0.0, 0.97593, -0.218083, 0.0, 0.0, 0.0, 1.0], "scale": 1.0, "type": "ind_bld_8x8"}
{"ctxid": 0, "pos": [2687.044, -4047.634, 134.77], "rotationMatrix": [-0.861578, -0.507625, 0.0, 0.507625, -0.861578, 0.0, 0.0, 0.0, 1.0], "scale": 1.0, "type": "ind_bld_8x8"}
{"ctxid": 0, "pos": [2696.779, -4104.358, 135.081], "rotationMatrix": [-0.368962, -0.929445, 0.0, 0.929445, -0.368962, 0.0, 0.0, 0.0, 1.0], "scale": 1.0, "type": "ind_bld_8x8"}
{"ctxid": 0, "pos": [2285.589, -3677.112, 210.508], "rotationMatrix": [-0.862759, -0.505615, 0.0, 0.505615, -0.862759, 0.0, 0.0, 0.0, 1.0], "scale": 1.0, "type": "ind_bld_8x8"}
{"ctxid": 0, "pos": [2420.397, -3632.082, 189.322], "rotationMatrix": [-0.706135, -0.708077, 0.0, 0.708077, -0.706135, 0.0, 0.0, 0.0, 1.0], "scale": 1.0, "type": "ind_bld_8x8"}
{"ctxid": 0, "pos": [2396.091, -3616.732, 190.547], "rotationMatrix": [-0.399009, -0.916947, 0.0, 0.916947, -0.399009, 0.0, 0.0, 0.0, 1.0], "scale": 1.0, "type": "ind_bld_8x8"}
{"ctxid": 0, "pos": [1266.004, -2970.918, 245.87], "rotationMatrix": [0.919929, -0.392086, 0.0, 0.392086, 0.919929, 0.0, 0.0, 0.0, 1.0], "scale": 1.0, "type": "ind_bld_8x8"}
{"ctxid": 0, "pos": [693.448, -218.723, 28.836], "rotationMatrix": [0.518949, -0.854805, 0.0, 0.854805, 0.518949, 0.0, 0.0, 0.0, 1.0], "scale": 1.0, "type": "ind_bld_8x8"}
{"ctxid": 0, "pos": [-1541.394, -1995.916, -1.074], "rotationMatrix": [0.999956, -0.009368, 0.0, 0.009368, 0.999956, 0.0, 0.0, 0.0, 1.0], "scale": 1.0, "type": "ind_bld_8x8"}
{"ctxid": 0, "pos": [-749.396, -2371.943, 83.249], "rotationMatrix": [-0.828516, -0.559966, 0.0, 0.559966, -0.828516, 0.0, 0.0, 0.0, 1.0], "scale": 1.0, "type": "ind_bld_8x8"}
{"ctxid": 0, "pos": [-994.472, -2482.19, 61.054], "rotationMatrix": [-0.883234, -0.468933, 0.0, 0.468933, -0.883234, 0.0, 0.0, 0.0, 1.0], "scale": 1.0, "type": "ind_bld_8x8"}
{"ctxid": 0, "pos": [3514.163, -4350.069, 73.886], "rotationMatrix": [0.798166, -0.602438, 0.0, 0.602438, 0.798166, 0.0, 0.0, 0.0, 1.0], "scale": 1.0, "type": "ind_bld_8x8"}
{"ctxid": 0, "pos": [3909.161, -4614.012, 70.808], "rotationMatrix": [0.101975, -0.994787, 0.0, 0.994787, 0.101975, 0.0, 0.0, 0.0, 1.0], "scale": 1.0, "type": "ind_bld_8x8"}
{"ctxid": 0, "pos": [3435.456, -4332.028, 74.84], "rotationMatrix": [0.484655, -0.874705, 0.0, 0.874705, 0.484655, 0.0, 0.0, 0.0, 1.0], "scale": 1.0, "type": "ind_bld_8x8"}
{"ctxid": 0, "pos": [3138.475, -3302.351, 129.993], "rotationMatrix": [-0.965551, -0.260213, 0.0, 0.260213, -0.965551, 0.0, 0.0, 0.0, 1.0], "scale": 1.0, "type": "ind_bld_8x8"}
{"ctxid": 0, "pos": [3340.421, -2990.356, 136.142], "rotationMatrix": [-0.945738, -0.324929, 0.0, 0.324929, -0.945738, 0.0, 0.0, 0.0, 1.0], "scale": 1.0, "type": "ind_bld_8x8"}
{"ctxid": 0, "pos": [3164.815, -1868.705, 262.275], "rotationMatrix": [0.998683, -0.051297, 0.0, 0.051297, 0.998683, 0.0, 0.0, 0.0, 1.0], "scale": 1.0, "type": "ind_bld_8x8"}
{"ctxid": 0, "pos": [3209.477, -3214.023, 136.142], "rotationMatrix": [0.50863, -0.860985, 0.0, 0.860985, 0.50863, 0.0, 0.0, 0.0, 1.0], "scale": 1.0, "type": "ind_bld_8x8"}
{"ctxid": 0, "pos": [-499.733, 3338.162, 363.99], "rotationMatrix": [0.999885, -0.015169, 0.0, 0.015169, 0.999885, 0.0, 0.0, 0.0, 1.0], "scale": 1.0, "type": "ind_bld_8x8"}
{"ctxid": 0, "pos": [-530.911, 3316.784, 363.99], "rotationMatrix": [-0.319009, -0.947752, 0.0, 0.947752, -0.319009, 0.0, 0.0, 0.0, 1.0], "scale": 1.0, "type": "ind_bld_8x8"}
{"ctxid": 0, "pos": [-789.583, 3308.604, 364.604], "rotationMatrix": [0.047822, -0.998856, 0.0, 0.998856, 0.047822, 0.0, 0.0, 0.0, 1.0], "scale": 1.0, "type": "ind_bld_8x8"}
{"ctxid": 0, "pos": [-807.526, 3320.606, 364.604], "rotationMatrix": [-0.023953, -0.999713, 0.0, 0.999713, -0.023953, 0.0, 0.0, 0.0, 1.0], "scale": 1.0, "type": "ind_bld_8x8"}
{"ctxid": 0, "pos": [-854.287, 3314.7, 364.954], "rotationMatrix": [0.971144, -0.238492, 0.0, 0.238492, 0.971144, 0.0, 0.0, 0.0, 1.0], "scale": 1.0, "type": "ind_bld_8x8"}
{"ctxid": 0, "pos": [-504.01, 3360.273, 363.99], "rotationMatrix": [0.702176, -0.712003, 0.0, 0.712003, 0.702176, 0.0, 0.0, 0.0, 1.0], "scale": 1.0, "type": "ind_bld_8x8"}
{"ctxid": 0, "pos": [-73.045, 3249.88, 364.425], "rotationMatrix": [0.166091, -0.98611, 0.0, 0.98611, 0.166091, 0.0, 0.0, 0.0, 1.0], "scale": 1.0, "type": "ind_bld_8x8"}
{"ctxid": 0, "pos": [-608.811, 3329.046, 363.99], "rotationMatrix": [-0.935253, -0.353979, 0.0, 0.353979, -0.935253, 0.0, 0.0, 0.0, 1.0], "scale": 1.0, "type": "ind_bld_8x8"}
{"ctxid": 0, "pos": [-703.841, 3355.23, 364.604], "rotationMatrix": [0.06002, -0.998197, 0.0, 0.998197, 0.06002, 0.0, 0.0, 0.0, 1.0], "scale": 1.0, "type": "ind_bld_8x8"}
{"ctxid": 0, "pos": [-631.629, 3286.162, 363.99], "rotationMatrix": [0.848745, -0.528802, 0.0, 0.528802, 0.848745, 0.0, 0.0, 0.0, 1.0], "scale": 1.0, "type": "ind_bld_8x8"}
{"ctxid": 0, "pos": [-561.2, 3337.625, 363.99], "rotationMatrix": [-0.394974, -0.918692, 0.0, 0.918692, -0.394974, 0.0, 0.0, 0.0, 1.0], "scale": 1.0, "type": "ind_bld_8x8"}
{"ctxid": 0, "pos": [-638.143, 3337.624, 363.99], "rotationMatrix": [-0.006716, -0.999977, 0.0, 0.999977, -0.006716, 0.0, 0.0, 0.0, 1.0], "scale": 1.0, "type": "ind_bld_8x8"}
{"ctxid": 0, "pos": [-694.019, 3321.665, 364.604], "rotationMatrix": [-0.708741, -0.705469, 0.0, 0.705469, -0.708741, 0.0, 0.0, 0.0, 1.0], "scale": 1.0, "type": "ind_bld_8x8"}
{"ctxid": 0, "pos": [-686.353, 3389.542, 364.604], "rotationMatrix": [0.910264, -0.414028, 0.0, 0.414028, 0.910264, 0.0, 0.0, 0.0, 1.0], "scale": 1.0, "type": "ind_bld_8x8"}
{"ctxid": 0, "pos": [-732.113, 3254.382, 363.99], "rotationMatrix": [-0.2503, -0.968168, 0.0, 0.968168, -0.2503, 0.0, 0.0, 0.0, 1.0], "scale": 1.0, "type": "ind_bld_8x8"}
{"ctxid": 0, "pos": [-770.117, 3276.951, 364.604], "rotationMatrix": [0.29868, -0.954353, 0.0, 0.954353, 0.29868, 0.0, 0.0, 0.0, 1.0], "scale": 1.0, "type": "ind_bld_8x8"}
{"ctxid": 0, "pos": [-870.299, 3224.473, 364.604], "rotationMatrix": [0.280139, -0.959959, 0.0, 0.959959, 0.280139, 0.0, 0.0, 0.0, 1.0], "scale": 1.0, "type": "ind_bld_8x8"}
{"ctxid": 0, "pos": [-866.429, 3221.733, 364.604], "rotationMatrix": [0.475206, -0.879874, 0.0, 0.879874, 0.475206, 0.0, 0.0, 0.0, 1.0], "scale": 1.0, "type": "ind_bld_8x8"}
{"ctxid": 0, "pos": [-709.01, 3145.312, 363.975], "rotationMatrix": [-0.575717, -0.817649, 0.0, 0.817649, -0.575717, 0.0, 0.0, 0.0, 1.0], "scale": 1.0, "type": "ind_bld_8x8"}
{"ctxid": 0, "pos": [-727.264, 3147.699, 363.975], "rotationMatrix": [-0.770947, -0.6369, 0.0, 0.6369, -0.770947, 0.0, 0.0, 0.0, 1.0], "scale": 1.0, "type": "ind_bld_8x8"}
{"ctxid": 0, "pos": [-1470.816, 3546.588, 384.277], "rotationMatrix": [0.963393, -0.268094, 0.0, 0.268094, 0.963393, 0.0, 0.0, 0.0, 1.0], "scale": 1.0, "type": "ind_bld_8x8"}
{"ctxid": 0, "pos": [-1257.632, 3579.721, 382.351], "rotationMatrix": [0.984827, -0.173536, 0.0, 0.173536, 0.984827, 0.0, 0.0, 0.0, 1.0], "scale": 1.0, "type": "ind_bld_8x8"}
{"ctxid": 0, "pos": [-709.076, 3104.036, 363.975], "rotationMatrix": [-0.330162, -0.943924, 0.0, 0.943924, -0.330162, 0.0, 0.0, 0.0, 1.0], "scale": 1.0, "type": "ind_bld_8x8"}
{"ctxid": 0, "pos": [-718.299, 3107.965, 363.975], "rotationMatrix": [-0.22612, -0.974099, 0.0, 0.974099, -0.22612, 0.0, 0.0, 0.0, 1.0], "scale": 1.0, "type": "ind_bld_8x8"}
{"ctxid": 0, "pos": [-647.174, 3171.18, 363.975], "rotationMatrix": [0.658542, -0.752544, 0.0, 0.752544, 0.658542, 0.0, 0.0, 0.0, 1.0], "scale": 1.0, "type": "ind_bld_8x8"}
{"ctxid": 0, "pos": [-524.628, 2699.567, 364.89], "rotationMatrix": [0.994498, -0.104753, 0.0, 0.104753, 0.994498, 0.0, 0.0, 0.0, 1.0], "scale": 1.0, "type": "ind_bld_8x8"}
{"ctxid": 0, "pos": [-1035.481, 2995.939, 363.99], "rotationMatrix": [-0.618718, -0.785613, 0.0, 0.785613, -0.618718, 0.0, 0.0, 0.0, 1.0], "scale": 1.0, "type": "ind_bld_8x8"}
{"ctxid": 0, "pos": [-1008.677, 2963.787, 363.99], "rotationMatrix": [-0.961808, -0.273724, 0.0, 0.273724, -0.961808, 0.0, 0.0, 0.0, 1.0], "scale": 1.0, "type": "ind_bld_8x8"}
{"ctxid": 0, "pos": [-617.142, 3163.581, 363.975], "rotationMatrix": [-0.69324, -0.720707, 0.0, 0.720707, -0.69324, 0.0, 0.0, 0.0, 1.0], "scale": 1.0, "type": "ind_bld_8x8"}
{"ctxid": 0, "pos": [-669.438, 3190.604, 363.975], "rotationMatrix": [-0.117015, -0.99313, 0.0, 0.99313, -0.117015, 0.0, 0.0, 0.0, 1.0], "scale": 1.0, "type": "ind_bld_8x8"}
{"ctxid": 0, "pos": [-780.251, 3302.206, 364.604], "rotationMatrix": [0.790544, -0.612405, 0.0, 0.612405, 0.790544, 0.0, 0.0, 0.0, 1.0], "scale": 1.0, "type": "ind_bld_8x8"}
{"ctxid": 0, "pos": [-727.646, 3309.097, 364.604], "rotationMatrix": [0.208277, -0.97807, 0.0, 0.97807, 0.208277, 0.0, 0.0, 0.0, 1.0], "scale": 1.0, "type": "ind_bld_8x8"}
{"ctxid": 0, "pos": [-723.631, 3295.346, 364.604], "rotationMatrix": [0.067986, -0.997686, 0.0, 0.997686, 0.067986, 0.0, 0.0, 0.0, 1.0], "scale": 1.0, "type": "ind_bld_8x8"}
{"ctxid": 0, "pos": [-557.457, 3412.874, 363.99], "rotationMatrix": [-0.278521, -0.96043, 0.0, 0.96043, -0.278521, 0.0, 0.0, 0.0, 1.0], "scale": 1.0, "type": "ind_bld_8x8"}
{"ctxid": 0, "pos": [-521.479, 3456.76, 363.99], "rotationMatrix": [-0.17086, -0.985295, 0.0, 0.985295, -0.17086, 0.0, 0.0, 0.0, 1.0], "scale": 1.0, "type": "ind_bld_8x8"}
{"ctxid": 0, "pos": [-551.72, 3412.673, 363.99], "rotationMatrix": [0.139451, -0.990229, 0.0, 0.990229, 0.139451, 0.0, 0.0, 0.0, 1.0], "scale": 1.0, "type": "ind_bld_8x8"}
{"ctxid": 0, "pos": [297.463, 3457.05, 364.425], "rotationMatrix": [-0.011954, -0.999929, 0.0, 0.999929, -0.011954, 0.0, 0.0, 0.0, 1.0], "scale": 1.0, "type": "ind_bld_8x8"}
{"ctxid": 0, "pos": [581.939, 3545.083, 364.425], "rotationMatrix": [0.931039, -0.364921, 0.0, 0.364921, 0.931039, 0.0, 0.0, 0.0, 1.0], "scale": 1.0, "type": "ind_bld_8x8"}
{"ctxid": 0, "pos": [358.032, 2657.528, 350.113], "rotationMatrix": [0.092304, -0.995731, 0.0, 0.995731, 0.092304, 0.0, 0.0, 0.0, 1.0], "scale": 1.0, "type": "ind_bld_8x8"}
{"ctxid": 0, "pos": [426.4, -382.051, 12.968], "rotationMatrix": [-0.218657, -0.975802, 0.0, 0.975802, -0.218657, 0.0, 0.0, 0.0, 1.0], "scale": 1.0, "type": "ind_bld_8x8"}
{"ctxid": 0, "pos": [419.489, -395.426, 11.406], "rotationMatrix": [-0.669206, -0.743077, 0.0, 0.743077, -0.669206, 0.0, 0.0, 0.0, 1.0], "scale": 1.0, "type": "ind_bld_8x8"}
{"ctxid": 0, "pos": [939.217, 224.273, 71.303], "rotationMatrix": [-0.153049, -0.988219, 0.0, 0.988219, -0.153049, 0.0, 0.0, 0.0, 1.0], "scale": 1.0, "type": "ind_bld_8x8"}
{"ctxid": 0, "pos": [965.1, 261.442, 73.328], "rotationMatrix": [0.990878, -0.13476, 0.0, 0.13476, 0.990878, 0.0, 0.0, 0.0, 1.0], "scale": 1.0, "type": "ind_bld_8x8"}
{"ctxid": 0, "pos": [983.271, 303.76, 73.328], "rotationMatrix": [0.891408, -0.453202, 0.0, 0.453202, 0.891408, 0.0, 0.0, 0.0, 1.0], "scale": 1.0, "type": "ind_bld_8x8"}
{"ctxid": 0, "pos": [595.993, 5175.947, 384.277], "rotationMatrix": [0.862776, -0.505586, 0.0, 0.505586, 0.862776, 0.0, 0.0, 0.0, 1.0], "scale": 1.0, "type": "ind_bld_8x8"}
{"ctxid": 0, "pos": [-931.373, 3377.156, 365.289], "rotationMatrix": [0.863849, -0.50375, 0.0, 0.50375, 0.863849, 0.0, 0.0, 0.0, 1.0], "scale": 1.0, "type": "ind_bld_8x8"}
{"ctxid": 0, "pos": [-197.917, 727.816, 167.831], "rotationMatrix": [-0.995338, -0.096453, 0.0, 0.096453, -0.995338, 0.0, 0.0, 0.0, 1.0], "scale": 1.0, "type": "ind_bld_8x8"}
{"ctxid": 0, "pos": [-275.928, 1597.029, 228.686], "rotationMatrix": [0.816326, -0.577591, 0.0, 0.577591, 0.816326, 0.0, 0.0, 0.0, 1.0], "scale": 1.0, "type": "ind_bld_8x8"}
{"ctxid": 0, "pos": [-1239.098, 2822.47, 363.99], "rotationMatrix": [0.97305, -0.230595, 0.0, 0.230595, 0.97305, 0.0, 0.0, 0.0, 1.0], "scale": 1.0, "type": "ind_bld_8x8"}
{"ctxid": 0, "pos": [-634.564, 3240.373, 363.99], "rotationMatrix": [-0.327481, -0.944858, 0.0, 0.944858, -0.327481, 0.0, 0.0, 0.0, 1.0], "scale": 1.0, "type": "ind_bld_8x8"}
{"ctxid": 0, "pos": [-908.595, 3298.177, 364.954], "rotationMatrix": [0.211825, -0.977308, 0.0, 0.977308, 0.211825, 0.0, 0.0, 0.0, 1.0], "scale": 1.0, "type": "ind_bld_8x8"}
{"ctxid": 0, "pos": [-850.522, 3270.664, 364.604], "rotationMatrix": [-0.349314, -0.937006, 0.0, 0.937006, -0.349314, 0.0, 0.0, 0.0, 1.0], "scale": 1.0, "type": "ind_bld_8x8"}
{"ctxid": 0, "pos": [-657.147, 3160.414, 363.975], "rotationMatrix": [-0.699513, -0.71462, 0.0, 0.71462, -0.699513, 0.0, 0.0, 0.0, 1.0], "scale": 1.0, "type": "ind_bld_8x8"}
{"ctxid": 0, "pos": [-705.357, 3265.441, 363.99], "rotationMatrix": [0.167937, -0.985798, 0.0, 0.985798, 0.167937, 0.0, 0.0, 0.0, 1.0], "scale": 1.0, "type": "ind_bld_8x8"}
{"ctxid": 0, "pos": [-784.691, 3161.241, 363.99], "rotationMatrix": [-0.108597, -0.994086, 0.0, 0.994086, -0.108597, 0.0, 0.0, 0.0, 1.0], "scale": 1.0, "type": "ind_bld_8x8"}
{"ctxid": 0, "pos": [-732.956, 3205.273, 363.99], "rotationMatrix": [-0.090769, -0.995872, 0.0, 0.995872, -0.090769, 0.0, 0.0, 0.0, 1.0], "scale": 1.0, "type": "ind_bld_8x8"}
{"ctxid": 0, "pos": [-758.815, 3193.562, 363.99], "rotationMatrix": [-0.051934, -0.998651, 0.0, 0.998651, -0.051934, 0.0, 0.0, 0.0, 1.0], "scale": 1.0, "type": "ind_bld_8x8"}
{"ctxid": 0, "pos": [-767.918, 3220.495, 363.99], "rotationMatrix": [-0.963347, -0.268258, 0.0, 0.268258, -0.963347, 0.0, 0.0, 0.0, 1.0], "scale": 1.0, "type": "ind_bld_8x8"}
{"ctxid": 0, "pos": [-544.904, 3212.35, 363.975], "rotationMatrix": [-0.33285, -0.94298, 0.0, 0.94298, -0.33285, 0.0, 0.0, 0.0, 1.0], "scale": 1.0, "type": "ind_bld_8x8"}
{"ctxid": 0, "pos": [-565.941, 3220.242, 363.975], "rotationMatrix": [0.321618, -0.946869, 0.0, 0.946869, 0.321618, 0.0, 0.0, 0.0, 1.0], "scale": 1.0, "type": "ind_bld_8x8"}
{"ctxid": 0, "pos": [-855.686, 3194.088, 364.604], "rotationMatrix": [0.381926, -0.924193, 0.0, 0.924193, 0.381926, 0.0, 0.0, 0.0, 1.0], "scale": 1.0, "type": "ind_bld_8x8"}
{"ctxid": 0, "pos": [-723.021, 2579.482, 364.89], "rotationMatrix": [-0.241423, -0.97042, 0.0, 0.97042, -0.241423, 0.0, 0.0, 0.0, 1.0], "scale": 1.0, "type": "ind_bld_8x8"}
{"ctxid": 0, "pos": [-728.959, 2577.739, 364.89], "rotationMatrix": [0.358234, -0.933632, 0.0, 0.933632, 0.358234, 0.0, 0.0, 0.0, 1.0], "scale": 1.0, "type": "ind_bld_8x8"}
{"ctxid": 0, "pos": [-733.643, 2580.529, 364.89], "rotationMatrix": [0.62771, -0.778447, 0.0, 0.778447, 0.62771, 0.0, 0.0, 0.0, 1.0], "scale": 1.0, "type": "ind_bld_8x8"}
{"ctxid": 0, "pos": [-708.441, 2594.895, 364.89], "rotationMatrix": [0.355293, -0.934755, 0.0, 0.934755, 0.355293, 0.0, 0.0, 0.0, 1.0], "scale": 1.0, "type": "ind_bld_8x8"}
