{"ctxid": 0, "pos": [-2622.377, 4512.691, 551.516], "rotationMatrix": [0.262702, -0.964877, 0.0, 0.964877, 0.262702, 0.0, 0.0, 0.0, 1.0], "scale": 1.0, "type": "ind_bld_12x12"}
{"ctxid": 0, "pos": [-3241.88, 765.28, 319.36], "rotationMatrix": [-0.955496, -0.295003, 0.0, 0.295003, -0.955496, 0.0, 0.0, 0.0, 1.0], "scale": 1.0, "type": "ind_bld_12x12"}
{"ctxid": 0, "pos": [-3298.677, 761.972, 366.915], "rotationMatrix": [0.978204, -0.207647, 0.0, 0.207647, 0.978204, 0.0, 0.0, 0.0, 1.0], "scale": 1.0, "type": "ind_bld_12x12"}
{"ctxid": 0, "pos": [-3148.654, 707.963, 316.872], "rotationMatrix": [-0.813706, -0.581276, 0.0, 0.581276, -0.813706, 0.0, 0.0, 0.0, 1.0], "scale": 1.0, "type": "ind_bld_12x12"}
{"ctxid": 0, "pos": [-3154.853, 616.739, 316.872], "rotationMatrix": [0.158167, -0.987412, 0.0, 0.987412, 0.158167, 0.0, 0.0, 0.0, 1.0], "scale": 1.0, "type": "ind_bld_12x12"}
{"ctxid": 0, "pos": [-2974.961, 849.119, 319.36], "rotationMatrix": [0.906639, -0.421908, 0.0, 0.421908, 0.906639, 0.0, 0.0, 0.0, 1.0], "scale": 1.0, "type": "ind_bld_12x12"}
{"ctxid": 0, "pos": [-3005.761, 1039.948, 366.915], "rotationMatrix": [-0.839325, -0.54363, 0.0, 0.54363, -0.839325, 0.0, 0.0, 0.0, 1.0], "scale": 1.0, "type": "ind_bld_12x12"}
{"ctxid": 0, "pos": [-2982.181, 816.066, 316.872], "rotationMatrix": [0.261834, -0.965113, 0.0, 0.965113, 0.261834, 0.0, 0.0, 0.0, 1.0], "scale": 1.0, "type": "ind_bld_12x12"}
{"ctxid": 0, "pos": [-3513.616, 534.227, 316.872], "rotationMatrix": [0.983151, -0.182796, 0.0, 0.182796, 0.983151, 0.0, 0.0, 0.0, 1.0], "scale": 1.0, "type": "ind_bld_12x12"}
{"ctxid": 0, "pos": [-3612.32, 529.903, 316.872], "rotationMatrix": [-0.991781, -0.127946, 0.0, 0.127946, -0.991781, 0.0, 0.0, 0.0, 1.0], "scale": 1.0, "type": "ind_bld_12x12"}
{"ctxid": 0, "pos": [-3294.647, 520.927, 316.872], "rotationMatrix": [0.333487, -0.942755, 0.0, 0.942755, 0.333487, 0.0, 0.0, 0.0, 1.0], "scale": 1.0, "type": "ind_bld_12x12"}
{"ctxid": 0, "pos": [-3290.13, 346.147, 314.62], "rotationMatrix": [-0.189063, -0.981965, 0.0, 0.981965, -0.189063, 0.0, 0.0, 0.0, 1.0], "scale": 1.0, "type": "ind_bld_12x12"}
{"ctxid": 0, "pos": [-2906.263, 958.351, 319.36], "rotationMatrix": [0.98307, -0.183228, 0.0, 0.183228, 0.98307, 0.0, 0.0, 0.0, 1.0], "scale": 1.0, "type": "ind_bld_12x12"}
{"ctxid": 0, "pos": [-3201.018, 724.638, 316.872], "rotationMatrix": [0.52647, -0.850194, 0.0, 0.850194, 0.52647, 0.0, 0.0, 0.0, 1.0], "scale": 1.0, "type": "ind_bld_12x12"}
{"ctxid": 0, "pos": [-3072.214, 1281.925, 366.915], "rotationMatrix": [-0.999292, -0.037629, 0.0, 0.037629, -0.999292, 0.0, 0.0, 0.0, 1.0], "scale": 1.0, "type": "ind_bld_12x12"}
{"ctxid": 0, "pos": [-3008.783, 1124.499, 366.915], "rotationMatrix": [-0.850426, -0.526094, 0.0, 0.526094, -0.850426, 0.0, 0.0, 0.0, 1.0], "scale": 1.0, "type": "ind_bld_12x12"}
{"ctxid": 0, "pos": [-2956.088, 1132.457, 366.915], "rotationMatrix": [-0.717009, -0.697064, 0.0, 0.697064, -0.717009, 0.0, 0.0, 0.0, 1.0], "scale": 1.0, "type": "ind_bld_12x12"}
{"ctxid": 0, "pos": [-2983.079, 904.797, 319.36], "rotationMatrix": [-0.752599, -0.658479, 0.0, 0.658479, -0.752599, 0.0, 0.0, 0.0, 1.0], "scale": 1.0, "type": "ind_bld_12x12"}
{"ctxid": 0, "pos": [-3107.37, 626.392, 316.872], "rotationMatrix": [-0.989518, -0.14441, 0.0, 0.14441, -0.989518, 0.0, 0.0, 0.0, 1.0], "scale": 1.0, "type": "ind_bld_12x12"}
{"ctxid": 0, "pos": [-391.067, 2591.379, 351.543], "rotationMatrix": [-0.891447, -0.453126, 0.0, 0.453126, -0.891447, 0.0, 0.0, 0.0, 1.0], "scale": 1.0, "type": "ind_bld_12x12"}
{"ctxid": 0, "pos": [3821.975, 3537.321, 76.729], "rotationMatrix": [-0.722183, -0.691702, 0.0, 0.691702, -0.722183, 0.0, 0.0, 0.0, 1.0], "scale": 1.0, "type": "ind_bld_12x12"}
{"ctxid": 0, "pos": [3702.503, 3617.898, 76.729], "rotationMatrix": [0.767312, -0.641275, 0.0, 0.641275, 0.767312, 0.0, 0.0, 0.0, 1.0], "scale": 1.0, "type": "ind_bld_12x12"}
{"ctxid": 0, "pos": [2261.661, -3686.84, 210.508], "rotationMatrix": [0.359017, -0.933331, 0.0, 0.933331, 0.359017, 0.0, 0.0, 0.0, 1.0], "scale": 1.0, "type": "ind_bld_12x12"}
{"ctxid": 0, "pos": [2081.744, -3492.021, 235.635], "rotationMatrix": [-0.517226, -0.855849, 0.0, 0.855849, -0.517226, 0.0, 0.0, 0.0, 1.0], "scale": 1.0, "type": "ind_bld_12x12"}
{"ctxid": 0, "pos": [2134.395, -3596.669, 210.716], "rotationMatrix": [-0.206563, -0.978433, 0.0, 0.978433, -0.206563, 0.0, 0.0, 0.0, 1.0], "scale": 1.0, "type": "ind_bld_12x12"}
{"ctxid": 0, "pos": [2279.037, -3568.235, 206.198], "rotationMatrix": [0.779511, -0.626389, 0.0, 0.626389, 0.779511, 0.0, 0.0, 0.0, 1.0], "scale": 1.0, "type": "ind_bld_12x12"}
{"ctxid": 0, "pos": [2375.484, -3520.829, 188.341], "rotationMatrix": [-0.668809, -0.743435, 0.0, 0.743435, -0.668809, 0.0, 0.0, 0.0, 1.0], "scale": 1.0, "type": "ind_bld_12x12"}
{"ctxid": 0, "pos": [2397.044, -3547.281, 186.649], "rotationMatrix": [-0.999116, -0.042046, 0.0, 0.042046, -0.999116, 0.0, 0.0, 0.0, 1.0], "scale": 1.0, "type": "ind_bld_12x12"}
{"ctxid": 0, "pos": [1259.393, -3015.921, 245.87], "rotationMatrix": [-0.202586, -0.979264, 0.0, 0.979264, -0.202586, 0.0, 0.0, 0.0, 1.0], "scale": 1.0, "type": "ind_bld_12x12"}
{"ctxid": 0, "pos": [650.894, -260.076, 22.741], "rotationMatrix": [0.303888, -0.952708, 0.0, 0.952708, 0.303888, 0.0, 0.0, 0.0, 1.0], "scale": 1.0, "type": "ind_bld_12x12"}
{"ctxid": 0, "pos": [405.945, -373.961, 18.889], "rotationMatrix": [0.222798, -0.974865, 0.0, 0.974865, 0.222798, 0.0, 0.0, 0.0, 1.0], "scale": 1.0, "type": "ind_bld_12x12"}
{"ctxid": 0, "pos": [435.222, -355.435, 16.727], "rotationMatrix": [0.856015, -0.516951, 0.0, 0.516951, 0.856015, 0.0, 0.0, 0.0, 1.0], "scale": 1.0, "type": "ind_bld_12x12"}
{"ctxid": 0, "pos": [523.087, -260.363, 26.912], "rotationMatrix": [0.988071, -0.154002, 0.0, 0.154002, 0.988071, 0.0, 0.0, 0.0, 1.0], "scale": 1.0, "type": "ind_bld_12x12"}
{"ctxid": 0, "pos": [567.841, -247.897, 31.816], "rotationMatrix": [-0.991113, -0.133022, 0.0, 0.133022, -0.991113, 0.0, 0.0, 0.0, 1.0], "scale": 1.0, "type": "ind_bld_12x12"}
{"ctxid": 0, "pos": [600.495, -234.072, 31.465], "rotationMatrix": [0.92241, -0.386213, 0.0, 0.386213, 0.92241, 0.0, 0.0, 0.0, 1.0], "scale": 1.0, "type": "ind_bld_12x12"}
{"ctxid": 0, "pos": [-27.432, -1152.015, 7.341], "rotationMatrix": [0.241555, -0.970387, 0.0, 0.970387, 0.241555, 0.0, 0.0, 0.0, 1.0], "scale": 1.0, "type": "ind_bld_12x12"}
{"ctxid": 0, "pos": [-762.563, -2402.973, 83.249], "rotationMatrix": [-0.488071, -0.872804, 0.0, 0.872804, -0.488071, 0.0, 0.0, 0.0, 1.0], "scale": 1.0, "type": "ind_bld_12x12"}
{"ctxid": 0, "pos": [-760.058, -2395.115, 83.249], "rotationMatrix": [-0.528564, -0.848894, 0.0, 0.848894, -0.528564, 0.0, 0.0, 0.0, 1.0], "scale": 1.0, "type": "ind_bld_12x12"}
{"ctxid": 0, "pos": [-676.274, -2230.739, 61.054], "rotationMatrix": [0.91111, -0.412164, 0.0, 0.412164, 0.91111, 0.0, 0.0, 0.0, 1.0], "scale": 1.0, "type": "ind_bld_12x12"}
{"ctxid": 0, "pos": [-1589.913, -2708.397, 57.157], "rotationMatrix": [0.627601, -0.778536, 0.0, 0.778536, 0.627601, 0.0, 0.0, 0.0, 1.0], "scale": 1.0, "type": "ind_bld_12x12"}
{"ctxid": 0, "pos": [3363.932, -4306.277, 76.008], "rotationMatrix": [0.899773, -0.436359, 0.0, 0.436359, 0.899773, 0.0, 0.0, 0.0, 1.0], "scale": 1.0, "type": "ind_bld_12x12"}
{"ctxid": 0, "pos": [3824.878, -4469.279, 76.014], "rotationMatrix": [-0.870464, -0.492233, 0.0, 0.492233, -0.870464, 0.0, 0.0, 0.0, 1.0], "scale": 1.0, "type": "ind_bld_12x12"}
{"ctxid": 0, "pos": [3408.384, -4349.325, 74.518], "rotationMatrix": [0.513741, -0.857946, 0.0, 0.857946, 0.513741, 0.0, 0.0, 0.0, 1.0], "scale": 1.0, "type": "ind_bld_12x12"}
{"ctxid": 0, "pos": [3895.926, -4550.441, 70.808], "rotationMatrix": [-0.757018, -0.653394, 0.0, 0.653394, -0.757018, 0.0, 0.0, 0.0, 1.0], "scale": 1.0, "type": "ind_bld_12x12"}
{"ctxid": 0, "pos": [3946.004, -4579.401, 70.808], "rotationMatrix": [-0.984602, -0.17481, 0.0, 0.17481, -0.984602, 0.0, 0.0, 0.0, 1.0], "scale": 1.0, "type": "ind_bld_12x12"}
{"ctxid": 0, "pos": [3181.563, -3968.192, 88.825], "rotationMatrix": [0.996131, -0.087884, 0.0, 0.087884, 0.996131, 0.0, 0.0, 0.0, 1.0], "scale": 1.0, "type": "ind_bld_12x12"}
{"ctxid": 0, "pos": [-3988.301, 5174.977, 598.829], "rotationMatrix": [-0.156558, -0.987669, 0.0, 0.987669, -0.156558, 0.0, 0.0, 0.0, 1.0], "scale": 1.0, "type": "ind_bld_12x12"}
{"ctxid": 0, "pos": [-487.71, 3258.926, 363.975], "rotationMatrix": [0.932475, -0.361233, 0.0, 0.361233, 0.932475, 0.0, 0.0, 0.0, 1.0], "scale": 1.0, "type": "ind_bld_12x12"}
{"ctxid": 0, "pos": [-544.177, 3353.145, 363.99], "rotationMatrix": [0.435326, -0.900273, 0.0, 0.900273, 0.435326, 0.0, 0.0, 0.0, 1.0], "scale": 1.0, "type": "ind_bld_12x12"}
{"ctxid": 0, "pos": [-836.142, 3401.457, 364.954], "rotationMatrix": [-0.277067, -0.960851, 0.0, 0.960851, -0.277067, 0.0, 0.0, 0.0, 1.0], "scale": 1.0, "type": "ind_bld_12x12"}
{"ctxid": 0, "pos": [-832.56, 3373.755, 364.954], "rotationMatrix": [-0.182681, -0.983172, 0.0, 0.983172, -0.182681, 0.0, 0.0, 0.0, 1.0], "scale": 1.0, "type": "ind_bld_12x12"}
{"ctxid": 0, "pos": [-794.33, 2923.398, 364.425], "rotationMatrix": [-0.603576, -0.797305, 0.0, 0.797305, -0.603576, 0.0, 0.0, 0.0, 1.0], "scale": 1.0, "type": "ind_bld_12x12"}
{"ctxid": 0, "pos": [-663.58, 3333.738, 363.99], "rotationMatrix": [0.680332, -0.732904, 0.0, 0.732904, 0.680332, 0.0, 0.0, 0.0, 1.0], "scale": 1.0, "type": "ind_bld_12x12"}
{"ctxid": 0, "pos": [-665.447, 3379.886, 364.604], "rotationMatrix": [-0.999747, -0.022504, 0.0, 0.022504, -0.999747, 0.0, 0.0, 0.0, 1.0], "scale": 1.0, "type": "ind_bld_12x12"}
{"ctxid": 0, "pos": [-338.052, 3385.495, 363.975], "rotationMatrix": [0.989717, -0.143041, 0.0, 0.143041, 0.989717, 0.0, 0.0, 0.0, 1.0], "scale": 1.0, "type": "ind_bld_12x12"}
{"ctxid": 0, "pos": [-873.602, 3239.363, 364.604], "rotationMatrix": [0.94507, -0.326868, 0.0, 0.326868, 0.94507, 0.0, 0.0, 0.0, 1.0], "scale": 1.0, "type": "ind_bld_12x12"}
{"ctxid": 0, "pos": [-820.141, 3244.112, 364.604], "rotationMatrix": [-0.960043, -0.279851, 0.0, 0.279851, -0.960043, 0.0, 0.0, 0.0, 1.0], "scale": 1.0, "type": "ind_bld_12x12"}
{"ctxid": 0, "pos": [-412.821, 2502.835, 351.543], "rotationMatrix": [-0.999598, -0.028369, 0.0, 0.028369, -0.999598, 0.0, 0.0, 0.0, 1.0], "scale": 1.0, "type": "ind_bld_12x12"}
{"ctxid": 0, "pos": [-455.193, 2505.75, 351.543], "rotationMatrix": [0.036309, -0.999341, 0.0, 0.999341, 0.036309, 0.0, 0.0, 0.0, 1.0], "scale": 1.0, "type": "ind_bld_12x12"}
{"ctxid": 0, "pos": [-704.854, 3155.056, 363.975], "rotationMatrix": [-0.693536, -0.720422, 0.0, 0.720422, -0.693536, 0.0, 0.0, 0.0, 1.0], "scale": 1.0, "type": "ind_bld_12x12"}
{"ctxid": 0, "pos": [-570.624, 3301.751, 363.99], "rotationMatrix": [-0.273528, -0.961864, 0.0, 0.961864, -0.273528, 0.0, 0.0, 0.0, 1.0], "scale": 1.0, "type": "ind_bld_12x12"}
{"ctxid": 0, "pos": [-590.668, 3356.308, 363.99], "rotationMatrix": [-0.587136, -0.809488, 0.0, 0.809488, -0.587136, 0.0, 0.0, 0.0, 1.0], "scale": 1.0, "type": "ind_bld_12x12"}
{"ctxid": 0, "pos": [-1068.61, 3521.131, 364.198], "rotationMatrix": [-0.708809, -0.7054, 0.0, 0.7054, -0.708809, 0.0, 0.0, 0.0, 1.0], "scale": 1.0, "type": "ind_bld_12x12"}
{"ctxid": 0, "pos": [-1082.392, 3593.086, 382.351], "rotationMatrix": [0.997594, -0.06932, 0.0, 0.06932, 0.997594, 0.0, 0.0, 0.0, 1.0], "scale": 1.0, "type": "ind_bld_12x12"}
{"ctxid": 0, "pos": [-987.982, 3511.606, 365.67], "rotationMatrix": [0.657023, -0.75387, 0.0, 0.75387, 0.657023, 0.0, 0.0, 0.0, 1.0], "scale": 1.0, "type": "ind_bld_12x12"}
{"ctxid": 0, "pos": [-845.598, 3460.596, 365.289], "rotationMatrix": [0.176464, -0.984307, 0.0, 0.984307, 0.176464, 0.0, 0.0, 0.0, 1.0], "scale": 1.0, "type": "ind_bld_12x12"}
{"ctxid": 0, "pos": [517.558, -298.164, 21.927], "rotationMatrix": [0.287592, -0.957753, 0.0, 0.957753, 0.287592, 0.0, 0.0, 0.0, 1.0], "scale": 1.0, "type": "ind_bld_12x12"}
{"ctxid": 0, "pos": [413.601, -181.297, 39.196], "rotationMatrix": [-0.994305, -0.106573, 0.0, 0.106573, -0.994305, 0.0, 0.0, 0.0, 1.0], "scale": 1.0, "type": "ind_bld_12x12"}
{"ctxid": 0, "pos": [422.58, -164.286, 40.807], "rotationMatrix": [-0.612741, -0.790284, 0.0, 0.790284, -0.612741, 0.0, 0.0, 0.0, 1.0], "scale": 1.0, "type": "ind_bld_12x12"}
{"ctxid": 0, "pos": [494.072, -170.861, 43.574], "rotationMatrix": [0.743101, -0.669179, 0.0, 0.669179, 0.743101, 0.0, 0.0, 0.0, 1.0], "scale": 1.0, "type": "ind_bld_12x12"}
{"ctxid": 0, "pos": [614.737, 339.889, 32.175], "rotationMatrix": [0.191778, -0.981438, 0.0, 0.981438, 0.191778, 0.0, 0.0, 0.0, 1.0], "scale": 1.0, "type": "ind_bld_12x12"}
{"ctxid": 0, "pos": [1256.348, 678.478, 75.236], "rotationMatrix": [0.885139, -0.465326, 0.0, 0.465326, 0.885139, 0.0, 0.0, 0.0, 1.0], "scale": 1.0, "type": "ind_bld_12x12"}
{"ctxid": 0, "pos": [129.073, 4903.493, 384.277], "rotationMatrix": [0.937537, -0.347885, 0.0, 0.347885, 0.937537, 0.0, 0.0, 0.0, 1.0], "scale": 1.0, "type": "ind_bld_12x12"}
{"ctxid": 0, "pos": [-955.927, 402.462, 210.65], "rotationMatrix": [0.994263, -0.106967, 0.0, 0.106967, 0.994263, 0.0, 0.0, 0.0, 1.0], "scale": 1.0, "type": "ind_bld_12x12"}
{"ctxid": 0, "pos": [-194.535, 709.481, 167.164], "rotationMatrix": [-0.964392, -0.264477, 0.0, 0.264477, -0.964392, 0.0, 0.0, 0.0, 1.0], "scale": 1.0, "type": "ind_bld_12x12"}
{"ctxid": 0, "pos": [-233.852, 812.009, 175.892], "rotationMatrix": [-0.714903, -0.699224, 0.0, 0.699224, -0.714903, 0.0, 0.0, 0.0, 1.0], "scale": 1.0, "type": "ind_bld_12x12"}
{"ctxid": 0, "pos": [-297.441, 885.911, 182.727], "rotationMatrix": [0.674049, -0.738687, 0.0, 0.738687, 0.674049, 0.0, 0.0, 0.0, 1.0], "scale": 1.0, "type": "ind_bld_12x12"}
{"ctxid": 0, "pos": [-739.024, 3489.778, 364.954], "rotationMatrix": [-0.995232, -0.097541, 0.0, 0.097541, -0.995232, 0.0, 0.0, 0.0, 1.0], "scale": 1.0, "type": "ind_bld_12x12"}
{"ctxid": 0, "pos": [-793.814, 3239.217, 364.604], "rotationMatrix": [-0.227178, -0.973853, 0.0, 0.973853, -0.227178, 0.0, 0.0, 0.0, 1.0], "scale": 1.0, "type": "ind_bld_12x12"}
