{"ctxid": 0, "pos": [-366.419, 3526.064, 363.99], "rotationMatrix": [-0.999853, -0.017135, 0.0, 0.017135, -0.999853, 0.0, 0.0, 0.0, 1.0], "scale": 1.0, "type": "ind_bld_12x15"}
{"ctxid": 0, "pos": [-3745.977, 4729.973, 588.141], "rotationMatrix": [0.745661, -0.666326, 0.0, 0.666326, 0.745661, 0.0, 0.0, 0.0, 1.0], "scale": 1.0, "type": "ind_bld_12x15"}
{"ctxid": 0, "pos": [-3753.807, 4675.528, 573.302], "rotationMatrix": [-0.239284, -0.97095, 0.0, 0.97095, -0.239284, 0.0, 0.0, 0.0, 1.0], "scale": 1.0, "type": "ind_bld_12x15"}
{"ctxid": 0, "pos": [-3690.573, 4713.724, 590.635], "rotationMatrix": [-0.913298, -0.407291, 0.0, 0.407291, -0.913298, 0.0, 0.0, 0.0, 1.0], "scale": 1.0, "type": "ind_bld_12x15"}
{"ctxid": 0, "pos": [-3659.904, 1873.153, 432.309], "rotationMatrix": [-0.373229, -0.927739, 0.0, 0.927739, -0.373229, 0.0, 0.0, 0.0, 1.0], "scale": 1.0, "type": "ind_bld_12x15"}
{"ctxid": 0, "pos": [-3318.415, 778.663, 366.915], "rotationMatrix": [-0.387914, -0.921696, 0.0, 0.921696, -0.387914, 0.0, 0.0, 0.0, 1.0], "scale": 1.0, "type": "ind_bld_12x15"}
{"ctxid": 0, "pos": [-3105.648, 723.592, 316.872], "rotationMatrix": [0.074673, -0.997208, 0.0, 0.997208, 0.074673, 0.0, 0.0, 0.0, 1.0], "scale": 1.0, "type": "ind_bld_12x15"}
{"ctxid": 0, "pos": [-3158.972, 809.122, 319.36], "rotationMatrix": [0.998504, -0.054675, 0.0, 0.054675, 0.998504, 0.0, 0.0, 0.0, 1.0], "scale": 1.0, "type": "ind_bld_12x15"}
{"ctxid": 0, "pos": [-3051.44, 1077.844, 366.915], "rotationMatrix": [-0.927125, -0.374753, 0.0, 0.374753, -0.927125, 0.0, 0.0, 0.0, 1.0], "scale": 1.0, "type": "ind_bld_12x15"}
{"ctxid": 0, "pos": [-3002.397, 894.731, 319.36], "rotationMatrix": [0.557706, -0.830039, 0.0, 0.830039, 0.557706, 0.0, 0.0, 0.0, 1.0], "scale": 1.0, "type": "ind_bld_12x15"}
{"ctxid": 0, "pos": [-3461.149, 372.627, 316.872], "rotationMatrix": [0.760544, -0.649286, 0.0, 0.649286, 0.760544, 0.0, 0.0, 0.0, 1.0], "scale": 1.0, "type": "ind_bld_12x15"}
{"ctxid": 0, "pos": [-3208.54, 703.501, 316.872], "rotationMatrix": [-0.994554, -0.104226, 0.0, 0.104226, -0.994554, 0.0, 0.0, 0.0, 1.0], "scale": 1.0, "type": "ind_bld_12x15"}
{"ctxid": 0, "pos": [-3195.746, 738.098, 316.872], "rotationMatrix": [0.254783, -0.966998, 0.0, 0.966998, 0.254783, 0.0, 0.0, 0.0, 1.0], "scale": 1.0, "type": "ind_bld_12x15"}
{"ctxid": 0, "pos": [-3240.667, 708.702, 316.872], "rotationMatrix": [0.981164, -0.193178, 0.0, 0.193178, 0.981164, 0.0, 0.0, 0.0, 1.0], "scale": 1.0, "type": "ind_bld_12x15"}
{"ctxid": 0, "pos": [-3784.45, 467.057, 316.872], "rotationMatrix": [0.656448, -0.754371, 0.0, 0.754371, 0.656448, 0.0, 0.0, 0.0, 1.0], "scale": 1.0, "type": "ind_bld_12x15"}
{"ctxid": 0, "pos": [-3040.397, 1087.515, 366.915], "rotationMatrix": [-0.636484, -0.77129, 0.0, 0.77129, -0.636484, 0.0, 0.0, 0.0, 1.0], "scale": 1.0, "type": "ind_bld_12x15"}
{"ctxid": 0, "pos": [-3465.886, 593.234, 316.872], "rotationMatrix": [0.31745, -0.948275, 0.0, 0.948275, 0.31745, 0.0, 0.0, 0.0, 1.0], "scale": 1.0, "type": "ind_bld_12x15"}
{"ctxid": 0, "pos": [3799.439, 3520.751, 76.729], "rotationMatrix": [-0.480801, -0.87683, 0.0, 0.87683, -0.480801, 0.0, 0.0, 0.0, 1.0], "scale": 1.0, "type": "ind_bld_12x15"}
{"ctxid": 0, "pos": [3832.17, 3273.874, 76.729], "rotationMatrix": [0.812765, -0.582592, 0.0, 0.582592, 0.812765, 0.0, 0.0, 0.0, 1.0], "scale": 1.0, "type": "ind_bld_12x15"}
{"ctxid": 0, "pos": [3729.639, 3477.611, 76.729], "rotationMatrix": [0.969662, -0.244449, 0.0, 0.244449, 0.969662, 0.0, 0.0, 0.0, 1.0], "scale": 1.0, "type": "ind_bld_12x15"}
{"ctxid": 0, "pos": [3829.056, 3412.814, 76.729], "rotationMatrix": [0.300266, -0.953855, 0.0, 0.953855, 0.300266, 0.0, 0.0, 0.0, 1.0], "scale": 1.0, "type": "ind_bld_12x15"}
{"ctxid": 0, "pos": [3691.923, 3623.548, 76.729], "rotationMatrix": [0.620733, -0.784022, 0.0, 0.784022, 0.620733, 0.0, 0.0, 0.0, 1.0], "scale": 1.0, "type": "ind_bld_12x15"}
{"ctxid": 0, "pos": [3669.993, 3632.627, 76.729], "rotationMatrix": [-0.960666, -0.277705, 0.0, 0.277705, -0.960666, 0.0, 0.0, 0.0, 1.0], "scale": 1.0, "type": "ind_bld_12x15"}
{"ctxid": 0, "pos": [1770.083, -4150.591, 187.231], "rotationMatrix": [0.782087, -0.623169, 0.0, 0.623169, 0.782087, 0.0, 0.0, 0.0, 1.0], "scale": 1.0, "type": "ind_bld_12x15"}
{"ctxid": 0, "pos": [3108.256, -3938.085, 99.301], "rotationMatrix": [0.826575, -0.562827, 0.0, 0.562827, 0.826575, 0.0, 0.0, 0.0, 1.0], "scale": 1.0, "type": "ind_bld_12x15"}
{"ctxid": 0, "pos": [2925.981, -3821.437, 124.874], "rotationMatrix": [0.222629, -0.974903, 0.0, 0.974903, 0.222629, 0.0, 0.0, 0.0, 1.0], "scale": 1.0, "type": "ind_bld_12x15"}
{"ctxid": 0, "pos": [2603.212, -3716.704, 166.392], "rotationMatrix": [0.137527, -0.990498, 0.0, 0.990498, 0.137527, 0.0, 0.0, 0.0, 1.0], "scale": 1.0, "type": "ind_bld_12x15"}
{"ctxid": 0, "pos": [2885.992, -3598.311, 146.213], "rotationMatrix": [0.051058, -0.998696, 0.0, 0.998696, 0.051058, 0.0, 0.0, 0.0, 1.0], "scale": 1.0, "type": "ind_bld_12x15"}
{"ctxid": 0, "pos": [2371.959, -3535.637, 188.309], "rotationMatrix": [0.73367, -0.679506, 0.0, 0.679506, 0.73367, 0.0, 0.0, 0.0, 1.0], "scale": 1.0, "type": "ind_bld_12x15"}
{"ctxid": 0, "pos": [1194.437, -2948.697, 245.359], "rotationMatrix": [0.276588, -0.960989, 0.0, 0.960989, 0.276588, 0.0, 0.0, 0.0, 1.0], "scale": 1.0, "type": "ind_bld_12x15"}
{"ctxid": 0, "pos": [1746.506, -2594.048, 272.882], "rotationMatrix": [0.040917, -0.999163, 0.0, 0.999163, 0.040917, 0.0, 0.0, 0.0, 1.0], "scale": 1.0, "type": "ind_bld_12x15"}
{"ctxid": 0, "pos": [701.626, -209.116, 28.836], "rotationMatrix": [0.724291, -0.689494, 0.0, 0.689494, 0.724291, 0.0, 0.0, 0.0, 1.0], "scale": 1.0, "type": "ind_bld_12x15"}
{"ctxid": 0, "pos": [431.269, -369.807, 14.437], "rotationMatrix": [0.555383, -0.831595, 0.0, 0.831595, 0.555383, 0.0, 0.0, 0.0, 1.0], "scale": 1.0, "type": "ind_bld_12x15"}
{"ctxid": 0, "pos": [36.055, -712.519, 28.529], "rotationMatrix": [-0.425682, -0.904873, 0.0, 0.904873, -0.425682, 0.0, 0.0, 0.0, 1.0], "scale": 1.0, "type": "ind_bld_12x15"}
{"ctxid": 0, "pos": [3619.8, -4280.0, 91.477], "rotationMatrix": [-0.343891, -0.93901, 0.0, 0.93901, -0.343891, 0.0, 0.0, 0.0, 1.0], "scale": 1.0, "type": "ind_bld_12x15"}
{"ctxid": 0, "pos": [3845.807, -4486.228, 76.014], "rotationMatrix": [0.633167, -0.774015, 0.0, 0.774015, 0.633167, 0.0, 0.0, 0.0, 1.0], "scale": 1.0, "type": "ind_bld_12x15"}
{"ctxid": 0, "pos": [3640.806, -4315.995, 88.762], "rotationMatrix": [-0.885818, -0.464034, 0.0, 0.464034, -0.885818, 0.0, 0.0, 0.0, 1.0], "scale": 1.0, "type": "ind_bld_12x15"}
{"ctxid": 0, "pos": [3569.405, -1729.728, 262.275], "rotationMatrix": [-0.914946, -0.403577, 0.0, 0.403577, -0.914946, 0.0, 0.0, 0.0, 1.0], "scale": 1.0, "type": "ind_bld_12x15"}
{"ctxid": 0, "pos": [3274.237, -3955.436, 87.124], "rotationMatrix": [0.182712, -0.983167, 0.0, 0.983167, 0.182712, 0.0, 0.0, 0.0, 1.0], "scale": 1.0, "type": "ind_bld_12x15"}
{"ctxid": 0, "pos": [3312.82, -4079.982, 82.342], "rotationMatrix": [0.784674, -0.619908, 0.0, 0.619908, 0.784674, 0.0, 0.0, 0.0, 1.0], "scale": 1.0, "type": "ind_bld_12x15"}
{"ctxid": 0, "pos": [-480.587, 3241.994, 363.975], "rotationMatrix": [0.97224, -0.233987, 0.0, 0.233987, 0.97224, 0.0, 0.0, 0.0, 1.0], "scale": 1.0, "type": "ind_bld_12x15"}
{"ctxid": 0, "pos": [-746.369, 3348.189, 364.604], "rotationMatrix": [0.89178, -0.45247, 0.0, 0.45247, 0.89178, 0.0, 0.0, 0.0, 1.0], "scale": 1.0, "type": "ind_bld_12x15"}
{"ctxid": 0, "pos": [-842.976, 3289.938, 364.604], "rotationMatrix": [0.35258, -0.935781, 0.0, 0.935781, 0.35258, 0.0, 0.0, 0.0, 1.0], "scale": 1.0, "type": "ind_bld_12x15"}
{"ctxid": 0, "pos": [-850.849, 3324.694, 364.954], "rotationMatrix": [-0.436969, -0.899477, 0.0, 0.899477, -0.436969, 0.0, 0.0, 0.0, 1.0], "scale": 1.0, "type": "ind_bld_12x15"}
{"ctxid": 0, "pos": [-883.853, 3358.325, 365.289], "rotationMatrix": [0.889516, -0.456904, 0.0, 0.456904, 0.889516, 0.0, 0.0, 0.0, 1.0], "scale": 1.0, "type": "ind_bld_12x15"}
{"ctxid": 0, "pos": [-833.567, 3387.965, 364.954], "rotationMatrix": [-0.122383, -0.992483, 0.0, 0.992483, -0.122383, 0.0, 0.0, 0.0, 1.0], "scale": 1.0, "type": "ind_bld_12x15"}
{"ctxid": 0, "pos": [-810.338, 3372.019, 364.954], "rotationMatrix": [-0.788048, -0.615614, 0.0, 0.615614, -0.788048, 0.0, 0.0, 0.0, 1.0], "scale": 1.0, "type": "ind_bld_12x15"}
{"ctxid": 0, "pos": [-331.141, 3214.498, 364.425], "rotationMatrix": [-0.230383, -0.9731, 0.0, 0.9731, -0.230383, 0.0, 0.0, 0.0, 1.0], "scale": 1.0, "type": "ind_bld_12x15"}
{"ctxid": 0, "pos": [-264.803, 3154.113, 364.425], "rotationMatrix": [-0.785688, -0.618623, 0.0, 0.618623, -0.785688, 0.0, 0.0, 0.0, 1.0], "scale": 1.0, "type": "ind_bld_12x15"}
{"ctxid": 0, "pos": [-50.218, 3259.165, 364.425], "rotationMatrix": [0.956977, -0.290164, 0.0, 0.290164, 0.956977, 0.0, 0.0, 0.0, 1.0], "scale": 1.0, "type": "ind_bld_12x15"}
{"ctxid": 0, "pos": [-611.848, 3353.049, 363.99], "rotationMatrix": [-0.914441, -0.404719, 0.0, 0.404719, -0.914441, 0.0, 0.0, 0.0, 1.0], "scale": 1.0, "type": "ind_bld_12x15"}
{"ctxid": 0, "pos": [-591.243, 3384.353, 363.99], "rotationMatrix": [-0.379647, -0.925131, 0.0, 0.925131, -0.379647, 0.0, 0.0, 0.0, 1.0], "scale": 1.0, "type": "ind_bld_12x15"}
{"ctxid": 0, "pos": [-670.324, 3390.98, 364.604], "rotationMatrix": [-0.902632, -0.430413, 0.0, 0.430413, -0.902632, 0.0, 0.0, 0.0, 1.0], "scale": 1.0, "type": "ind_bld_12x15"}
{"ctxid": 0, "pos": [-680.907, 3375.218, 364.604], "rotationMatrix": [0.861414, -0.507903, 0.0, 0.507903, 0.861414, 0.0, 0.0, 0.0, 1.0], "scale": 1.0, "type": "ind_bld_12x15"}
{"ctxid": 0, "pos": [-624.464, 3304.234, 363.99], "rotationMatrix": [0.144599, -0.98949, 0.0, 0.98949, 0.144599, 0.0, 0.0, 0.0, 1.0], "scale": 1.0, "type": "ind_bld_12x15"}
{"ctxid": 0, "pos": [-740.754, 3267.579, 363.99], "rotationMatrix": [-0.144081, -0.989566, 0.0, 0.989566, -0.144081, 0.0, 0.0, 0.0, 1.0], "scale": 1.0, "type": "ind_bld_12x15"}
{"ctxid": 0, "pos": [-860.701, 3215.229, 364.604], "rotationMatrix": [-0.48024, -0.877137, 0.0, 0.877137, -0.48024, 0.0, 0.0, 0.0, 1.0], "scale": 1.0, "type": "ind_bld_12x15"}
{"ctxid": 0, "pos": [-764.719, 3292.125, 364.604], "rotationMatrix": [0.14669, -0.989182, 0.0, 0.989182, 0.14669, 0.0, 0.0, 0.0, 1.0], "scale": 1.0, "type": "ind_bld_12x15"}
{"ctxid": 0, "pos": [-555.442, 3308.557, 363.99], "rotationMatrix": [0.691389, -0.722483, 0.0, 0.722483, 0.691389, 0.0, 0.0, 0.0, 1.0], "scale": 1.0, "type": "ind_bld_12x15"}
{"ctxid": 0, "pos": [42.175, 3280.959, 364.425], "rotationMatrix": [0.705279, -0.708929, 0.0, 0.708929, 0.705279, 0.0, 0.0, 0.0, 1.0], "scale": 1.0, "type": "ind_bld_12x15"}
{"ctxid": 0, "pos": [-1025.686, 3559.763, 364.198], "rotationMatrix": [0.071309, -0.997454, 0.0, 0.997454, 0.071309, 0.0, 0.0, 0.0, 1.0], "scale": 1.0, "type": "ind_bld_12x15"}
{"ctxid": 0, "pos": [-997.489, 3531.343, 365.67], "rotationMatrix": [0.05464, -0.998506, 0.0, 0.998506, 0.05464, 0.0, 0.0, 0.0, 1.0], "scale": 1.0, "type": "ind_bld_12x15"}
{"ctxid": 0, "pos": [-925.89, 3345.243, 365.289], "rotationMatrix": [-0.076112, -0.997099, 0.0, 0.997099, -0.076112, 0.0, 0.0, 0.0, 1.0], "scale": 1.0, "type": "ind_bld_12x15"}
{"ctxid": 0, "pos": [-1002.652, 3385.966, 365.67], "rotationMatrix": [-0.986893, -0.161376, 0.0, 0.161376, -0.986893, 0.0, 0.0, 0.0, 1.0], "scale": 1.0, "type": "ind_bld_12x15"}
{"ctxid": 0, "pos": [-924.979, 3335.004, 365.289], "rotationMatrix": [0.865533, -0.500853, 0.0, 0.500853, 0.865533, 0.0, 0.0, 0.0, 1.0], "scale": 1.0, "type": "ind_bld_12x15"}
{"ctxid": 0, "pos": [-896.705, 3326.906, 364.954], "rotationMatrix": [-0.670028, -0.742336, 0.0, 0.742336, -0.670028, 0.0, 0.0, 0.0, 1.0], "scale": 1.0, "type": "ind_bld_12x15"}
{"ctxid": 0, "pos": [-1036.561, 313.702, 210.65], "rotationMatrix": [-0.963682, -0.267051, 0.0, 0.267051, -0.963682, 0.0, 0.0, 0.0, 1.0], "scale": 1.0, "type": "ind_bld_12x15"}
{"ctxid": 0, "pos": [-182.136, 704.06, 167.457], "rotationMatrix": [-0.865006, -0.501762, 0.0, 0.501762, -0.865006, 0.0, 0.0, 0.0, 1.0], "scale": 1.0, "type": "ind_bld_12x15"}
{"ctxid": 0, "pos": [-779.233, 3216.093, 363.99], "rotationMatrix": [-0.408628, -0.912701, 0.0, 0.912701, -0.408628, 0.0, 0.0, 0.0, 1.0], "scale": 1.0, "type": "ind_bld_12x15"}
{"ctxid": 0, "pos": [-568.666, 3235.769, 363.975], "rotationMatrix": [0.484682, -0.87469, 0.0, 0.87469, 0.484682, 0.0, 0.0, 0.0, 1.0], "scale": 1.0, "type": "ind_bld_12x15"}
{"ctxid": 0, "pos": [-713.3, 2596.22, 364.89], "rotationMatrix": [0.460353, -0.887736, 0.0, 0.887736, 0.460353, 0.0, 0.0, 0.0, 1.0], "scale": 1.0, "type": "ind_bld_12x15"}
