{"ctxid": 0, "pos": [2222.984, 362.542, 71.303], "rotationMatrix": [-0.722725, -0.691135, 0.0, 0.691135, -0.722725, 0.0, 0.0, 0.0, 1.0], "scale": 1.0, "type": "ind_bld_12x20"}
{"ctxid": 0, "pos": [3442.995, -4845.35, 78.689], "rotationMatrix": [-0.013161, -0.999913, 0.0, 0.999913, -0.013161, 0.0, 0.0, 0.0, 1.0], "scale": 1.0, "type": "ind_bld_12x20"}
{"ctxid": 0, "pos": [-3938.744, 5197.961, 609.34], "rotationMatrix": [0.996834, -0.07951, 0.0, 0.07951, 0.996834, 0.0, 0.0, 0.0, 1.0], "scale": 1.0, "type": "ind_bld_12x20"}
{"ctxid": 0, "pos": [-3488.864, 4742.408, 617.223], "rotationMatrix": [-0.706802, -0.707412, 0.0, 0.707412, -0.706802, 0.0, 0.0, 0.0, 1.0], "scale": 1.0, "type": "ind_bld_12x20"}
{"ctxid": 0, "pos": [-3730.666, 4684.091, 578.468], "rotationMatrix": [-0.131081, -0.991372, 0.0, 0.991372, -0.131081, 0.0, 0.0, 0.0, 1.0], "scale": 1.0, "type": "ind_bld_12x20"}
{"ctxid": 0, "pos": [3632.137, 3607.721, 76.729], "rotationMatrix": [0.998143, -0.060915, 0.0, 0.060915, 0.998143, 0.0, 0.0, 0.0, 1.0], "scale": 1.0, "type": "ind_bld_12x20"}
{"ctxid": 0, "pos": [-4021.755, 3012.376, 504.325], "rotationMatrix": [-0.825781, -0.563991, 0.0, 0.563991, -0.825781, 0.0, 0.0, 0.0, 1.0], "scale": 1.0, "type": "ind_bld_12x20"}
{"ctxid": 0, "pos": [-3197.683, 783.996, 319.36], "rotationMatrix": [0.989763, -0.142721, 0.0, 0.142721, 0.989763, 0.0, 0.0, 0.0, 1.0], "scale": 1.0, "type": "ind_bld_12x20"}
{"ctxid": 0, "pos": [-3170.319, 722.453, 316.872], "rotationMatrix": [-0.635328, -0.772242, 0.0, 0.772242, -0.635328, 0.0, 0.0, 0.0, 1.0], "scale": 1.0, "type": "ind_bld_12x20"}
{"ctxid": 0, "pos": [-2983.656, 636.043, 316.872], "rotationMatrix": [-0.223909, -0.97461, 0.0, 0.97461, -0.223909, 0.0, 0.0, 0.0, 1.0], "scale": 1.0, "type": "ind_bld_12x20"}
{"ctxid": 0, "pos": [-3334.339, 542.963, 316.872], "rotationMatrix": [-0.693435, -0.720519, 0.0, 0.720519, -0.693435, 0.0, 0.0, 0.0, 1.0], "scale": 1.0, "type": "ind_bld_12x20"}
{"ctxid": 0, "pos": [-3574.533, 534.087, 316.872], "rotationMatrix": [0.519116, -0.854704, 0.0, 0.854704, 0.519116, 0.0, 0.0, 0.0, 1.0], "scale": 1.0, "type": "ind_bld_12x20"}
{"ctxid": 0, "pos": [-3575.332, 370.684, 316.872], "rotationMatrix": [0.413932, -0.910308, 0.0, 0.910308, 0.413932, 0.0, 0.0, 0.0, 1.0], "scale": 1.0, "type": "ind_bld_12x20"}
{"ctxid": 0, "pos": [-3064.397, 1221.228, 366.915], "rotationMatrix": [0.998893, -0.047042, 0.0, 0.047042, 0.998893, 0.0, 0.0, 0.0, 1.0], "scale": 1.0, "type": "ind_bld_12x20"}
{"ctxid": 0, "pos": [-2513.019, 1131.96, 319.36], "rotationMatrix": [-0.968178, -0.250261, 0.0, 0.250261, -0.968178, 0.0, 0.0, 0.0, 1.0], "scale": 1.0, "type": "ind_bld_12x20"}
{"ctxid": 0, "pos": [-3500.618, 404.437, 316.872], "rotationMatrix": [0.468817, -0.883295, 0.0, 0.883295, 0.468817, 0.0, 0.0, 0.0, 1.0], "scale": 1.0, "type": "ind_bld_12x20"}
{"ctxid": 0, "pos": [3811.596, 3451.741, 76.729], "rotationMatrix": [0.646055, -0.763291, 0.0, 0.763291, 0.646055, 0.0, 0.0, 0.0, 1.0], "scale": 1.0, "type": "ind_bld_12x20"}
{"ctxid": 0, "pos": [3780.19, 3533.947, 76.729], "rotationMatrix": [0.645679, -0.763609, 0.0, 0.763609, 0.645679, 0.0, 0.0, 0.0, 1.0], "scale": 1.0, "type": "ind_bld_12x20"}
{"ctxid": 0, "pos": [3854.639, 3270.592, 76.729], "rotationMatrix": [0.6301, -0.776514, 0.0, 0.776514, 0.6301, 0.0, 0.0, 0.0, 1.0], "scale": 1.0, "type": "ind_bld_12x20"}
{"ctxid": 0, "pos": [2593.461, -3728.118, 167.008], "rotationMatrix": [0.621529, -0.783391, 0.0, 0.783391, 0.621529, 0.0, 0.0, 0.0, 1.0], "scale": 1.0, "type": "ind_bld_12x20"}
{"ctxid": 0, "pos": [2270.292, -3690.254, 210.508], "rotationMatrix": [0.617865, -0.786284, 0.0, 0.786284, 0.617865, 0.0, 0.0, 0.0, 1.0], "scale": 1.0, "type": "ind_bld_12x20"}
{"ctxid": 0, "pos": [2239.592, -3680.899, 210.508], "rotationMatrix": [-0.837137, -0.546994, 0.0, 0.546994, -0.837137, 0.0, 0.0, 0.0, 1.0], "scale": 1.0, "type": "ind_bld_12x20"}
{"ctxid": 0, "pos": [2379.877, -3561.942, 188.091], "rotationMatrix": [0.292412, -0.956292, 0.0, 0.956292, 0.292412, 0.0, 0.0, 0.0, 1.0], "scale": 1.0, "type": "ind_bld_12x20"}
{"ctxid": 0, "pos": [1306.388, -3067.97, 246.158], "rotationMatrix": [0.999705, -0.024283, 0.0, 0.024283, 0.999705, 0.0, 0.0, 0.0, 1.0], "scale": 1.0, "type": "ind_bld_12x20"}
{"ctxid": 0, "pos": [402.984, -350.407, 26.111], "rotationMatrix": [-0.335632, -0.941993, 0.0, 0.941993, -0.335632, 0.0, 0.0, 0.0, 1.0], "scale": 1.0, "type": "ind_bld_12x20"}
{"ctxid": 0, "pos": [449.613, -236.059, 36.035], "rotationMatrix": [0.524898, -0.851165, 0.0, 0.851165, 0.524898, 0.0, 0.0, 0.0, 1.0], "scale": 1.0, "type": "ind_bld_12x20"}
{"ctxid": 0, "pos": [189.685, -699.694, 19.038], "rotationMatrix": [0.894365, -0.447338, 0.0, 0.447338, 0.894365, 0.0, 0.0, 0.0, 1.0], "scale": 1.0, "type": "ind_bld_12x20"}
{"ctxid": 0, "pos": [3.697, -1117.133, 7.341], "rotationMatrix": [0.404675, -0.914461, 0.0, 0.914461, 0.404675, 0.0, 0.0, 0.0, 1.0], "scale": 1.0, "type": "ind_bld_12x20"}
{"ctxid": 0, "pos": [-747.391, -2390.208, 83.249], "rotationMatrix": [-0.417384, -0.90873, 0.0, 0.90873, -0.417384, 0.0, 0.0, 0.0, 1.0], "scale": 1.0, "type": "ind_bld_12x20"}
{"ctxid": 0, "pos": [-736.81, -2382.113, 83.249], "rotationMatrix": [-0.45536, -0.890307, 0.0, 0.890307, -0.45536, 0.0, 0.0, 0.0, 1.0], "scale": 1.0, "type": "ind_bld_12x20"}
{"ctxid": 0, "pos": [-709.827, -2249.584, 61.054], "rotationMatrix": [0.841706, -0.539935, 0.0, 0.539935, 0.841706, 0.0, 0.0, 0.0, 1.0], "scale": 1.0, "type": "ind_bld_12x20"}
{"ctxid": 0, "pos": [-741.699, -2263.016, 61.054], "rotationMatrix": [-0.785961, -0.618276, 0.0, 0.618276, -0.785961, 0.0, 0.0, 0.0, 1.0], "scale": 1.0, "type": "ind_bld_12x20"}
{"ctxid": 0, "pos": [-879.076, -2328.207, 61.054], "rotationMatrix": [0.008062, -0.999968, 0.0, 0.999968, 0.008062, 0.0, 0.0, 0.0, 1.0], "scale": 1.0, "type": "ind_bld_12x20"}
{"ctxid": 0, "pos": [3188.323, -3225.101, 136.142], "rotationMatrix": [-0.690773, -0.723071, 0.0, 0.723071, -0.690773, 0.0, 0.0, 0.0, 1.0], "scale": 1.0, "type": "ind_bld_12x20"}
{"ctxid": 0, "pos": [3442.741, -4351.78, 74.422], "rotationMatrix": [-0.80489, -0.593424, 0.0, 0.593424, -0.80489, 0.0, 0.0, 0.0, 1.0], "scale": 1.0, "type": "ind_bld_12x20"}
{"ctxid": 0, "pos": [3352.642, -4287.885, 76.49], "rotationMatrix": [0.636467, -0.771304, 0.0, 0.771304, 0.636467, 0.0, 0.0, 0.0, 1.0], "scale": 1.0, "type": "ind_bld_12x20"}
{"ctxid": 0, "pos": [3934.194, -4601.753, 70.808], "rotationMatrix": [-0.917721, -0.397227, 0.0, 0.397227, -0.917721, 0.0, 0.0, 0.0, 1.0], "scale": 1.0, "type": "ind_bld_12x20"}
{"ctxid": 0, "pos": [3522.377, -4355.059, 73.726], "rotationMatrix": [-0.999127, -0.041775, 0.0, 0.041775, -0.999127, 0.0, 0.0, 0.0, 1.0], "scale": 1.0, "type": "ind_bld_12x20"}
{"ctxid": 0, "pos": [3525.38, -4321.816, 74.951], "rotationMatrix": [0.736928, -0.675971, 0.0, 0.675971, 0.736928, 0.0, 0.0, 0.0, 1.0], "scale": 1.0, "type": "ind_bld_12x20"}
{"ctxid": 0, "pos": [3547.578, -4372.879, 73.48], "rotationMatrix": [0.456026, -0.889967, 0.0, 0.889967, 0.456026, 0.0, 0.0, 0.0, 1.0], "scale": 1.0, "type": "ind_bld_12x20"}
{"ctxid": 0, "pos": [3391.945, -4325.274, 75.265], "rotationMatrix": [0.776563, -0.63004, 0.0, 0.63004, 0.776563, 0.0, 0.0, 0.0, 1.0], "scale": 1.0, "type": "ind_bld_12x20"}
{"ctxid": 0, "pos": [-545.314, 3292.047, 363.975], "rotationMatrix": [0.990769, -0.135562, 0.0, 0.135562, 0.990769, 0.0, 0.0, 0.0, 1.0], "scale": 1.0, "type": "ind_bld_12x20"}
{"ctxid": 0, "pos": [-522.367, 3227.88, 363.975], "rotationMatrix": [0.948214, -0.317633, 0.0, 0.317633, 0.948214, 0.0, 0.0, 0.0, 1.0], "scale": 1.0, "type": "ind_bld_12x20"}
{"ctxid": 0, "pos": [-446.974, 3297.531, 363.975], "rotationMatrix": [0.313126, -0.949711, 0.0, 0.949711, 0.313126, 0.0, 0.0, 0.0, 1.0], "scale": 1.0, "type": "ind_bld_12x20"}
{"ctxid": 0, "pos": [-514.198, 3378.132, 363.99], "rotationMatrix": [0.840544, -0.541744, 0.0, 0.541744, 0.840544, 0.0, 0.0, 0.0, 1.0], "scale": 1.0, "type": "ind_bld_12x20"}
{"ctxid": 0, "pos": [-783.963, 3324.738, 364.604], "rotationMatrix": [0.440061, -0.897968, 0.0, 0.897968, 0.440061, 0.0, 0.0, 0.0, 1.0], "scale": 1.0, "type": "ind_bld_12x20"}
{"ctxid": 0, "pos": [-799.85, 3304.238, 364.604], "rotationMatrix": [0.510244, -0.86003, 0.0, 0.86003, 0.510244, 0.0, 0.0, 0.0, 1.0], "scale": 1.0, "type": "ind_bld_12x20"}
{"ctxid": 0, "pos": [-830.944, 3339.138, 364.954], "rotationMatrix": [0.141134, -0.989991, 0.0, 0.989991, 0.141134, 0.0, 0.0, 0.0, 1.0], "scale": 1.0, "type": "ind_bld_12x20"}
{"ctxid": 0, "pos": [-818.997, 2969.667, 364.425], "rotationMatrix": [0.947193, -0.320663, 0.0, 0.320663, 0.947193, 0.0, 0.0, 0.0, 1.0], "scale": 1.0, "type": "ind_bld_12x20"}
{"ctxid": 0, "pos": [-852.963, 2872.3, 364.425], "rotationMatrix": [-0.894949, -0.446168, 0.0, 0.446168, -0.894949, 0.0, 0.0, 0.0, 1.0], "scale": 1.0, "type": "ind_bld_12x20"}
{"ctxid": 0, "pos": [-778.644, 2822.574, 364.796], "rotationMatrix": [-0.791828, -0.610744, 0.0, 0.610744, -0.791828, 0.0, 0.0, 0.0, 1.0], "scale": 1.0, "type": "ind_bld_12x20"}
{"ctxid": 0, "pos": [-572.783, 2869.799, 364.796], "rotationMatrix": [-0.300847, -0.953672, 0.0, 0.953672, -0.300847, 0.0, 0.0, 0.0, 1.0], "scale": 1.0, "type": "ind_bld_12x20"}
{"ctxid": 0, "pos": [-356.796, 3003.807, 364.796], "rotationMatrix": [-0.489846, -0.871809, 0.0, 0.871809, -0.489846, 0.0, 0.0, 0.0, 1.0], "scale": 1.0, "type": "ind_bld_12x20"}
{"ctxid": 0, "pos": [-681.196, 3359.107, 364.604], "rotationMatrix": [0.971574, -0.236735, 0.0, 0.236735, 0.971574, 0.0, 0.0, 0.0, 1.0], "scale": 1.0, "type": "ind_bld_12x20"}
{"ctxid": 0, "pos": [-1417.525, 3581.223, 384.277], "rotationMatrix": [-0.95734, -0.288963, 0.0, 0.288963, -0.95734, 0.0, 0.0, 0.0, 1.0], "scale": 1.0, "type": "ind_bld_12x20"}
{"ctxid": 0, "pos": [-991.903, 3441.357, 365.67], "rotationMatrix": [-0.791109, -0.611676, 0.0, 0.611676, -0.791109, 0.0, 0.0, 0.0, 1.0], "scale": 1.0, "type": "ind_bld_12x20"}
{"ctxid": 0, "pos": [-1270.344, 3274.528, 364.198], "rotationMatrix": [0.907764, -0.41948, 0.0, 0.41948, 0.907764, 0.0, 0.0, 0.0, 1.0], "scale": 1.0, "type": "ind_bld_12x20"}
{"ctxid": 0, "pos": [-405.671, 2518.634, 351.543], "rotationMatrix": [-0.987701, -0.156356, 0.0, 0.156356, -0.987701, 0.0, 0.0, 0.0, 1.0], "scale": 1.0, "type": "ind_bld_12x20"}
{"ctxid": 0, "pos": [-776.044, 3293.15, 364.604], "rotationMatrix": [-0.999674, -0.025529, 0.0, 0.025529, -0.999674, 0.0, 0.0, 0.0, 1.0], "scale": 1.0, "type": "ind_bld_12x20"}
{"ctxid": 0, "pos": [-754.358, 3295.521, 364.604], "rotationMatrix": [0.259973, -0.965616, 0.0, 0.965616, 0.259973, 0.0, 0.0, 0.0, 1.0], "scale": 1.0, "type": "ind_bld_12x20"}
{"ctxid": 0, "pos": [378.251, 2648.73, 229.832], "rotationMatrix": [-0.039737, -0.99921, 0.0, 0.99921, -0.039737, 0.0, 0.0, 0.0, 1.0], "scale": 1.0, "type": "ind_bld_12x20"}
{"ctxid": 0, "pos": [-908.757, 3373.482, 365.289], "rotationMatrix": [-0.364761, -0.931101, 0.0, 0.931101, -0.364761, 0.0, 0.0, 0.0, 1.0], "scale": 1.0, "type": "ind_bld_12x20"}
{"ctxid": 0, "pos": [-736.208, 3177.5, 363.99], "rotationMatrix": [0.484912, -0.874563, 0.0, 0.874563, 0.484912, 0.0, 0.0, 0.0, 1.0], "scale": 1.0, "type": "ind_bld_12x20"}
{"ctxid": 0, "pos": [375.307, -240.517, 34.144], "rotationMatrix": [0.120623, -0.992698, 0.0, 0.992698, 0.120623, 0.0, 0.0, 0.0, 1.0], "scale": 1.0, "type": "ind_bld_12x20"}
{"ctxid": 0, "pos": [390.077, -224.627, 35.105], "rotationMatrix": [0.397106, -0.917773, 0.0, 0.917773, 0.397106, 0.0, 0.0, 0.0, 1.0], "scale": 1.0, "type": "ind_bld_12x20"}
{"ctxid": 0, "pos": [-924.466, 3362.94, 365.289], "rotationMatrix": [-0.496876, -0.867822, 0.0, 0.867822, -0.496876, 0.0, 0.0, 0.0, 1.0], "scale": 1.0, "type": "ind_bld_12x20"}
{"ctxid": 0, "pos": [-1052.48, 330.995, 210.65], "rotationMatrix": [0.948206, -0.317658, 0.0, 0.317658, 0.948206, 0.0, 0.0, 0.0, 1.0], "scale": 1.0, "type": "ind_bld_12x20"}
{"ctxid": 0, "pos": [-291.04, 1574.807, 228.686], "rotationMatrix": [-0.939347, -0.342968, 0.0, 0.342968, -0.939347, 0.0, 0.0, 0.0, 1.0], "scale": 1.0, "type": "ind_bld_12x20"}
{"ctxid": 0, "pos": [-862.703, 2243.158, 351.543], "rotationMatrix": [-0.738103, -0.674688, 0.0, 0.674688, -0.738103, 0.0, 0.0, 0.0, 1.0], "scale": 1.0, "type": "ind_bld_12x20"}
