{"ctxid": 0, "pos": [-360.18, 3531.072, 364.14], "rotationMatrix": [-0.017135, 0.999853, 0.0, -0.999853, -0.017135, 0.0, 0.0, 0.0, 1.0], "scale": 1.0, "type": "italy_rock_wall"}
{"ctxid": 0, "pos": [-360.266, 3526.073, 364.14], "rotationMatrix": [-0.017135, 0.999853, 0.0, -0.999853, -0.017135, 0.0, 0.0, 0.0, 1.0], "scale": 1.0, "type": "italy_rock_wall"}
{"ctxid": 0, "pos": [-360.309, 3523.573, 364.14], "rotationMatrix": [-0.017135, 0.999853, 0.0, -0.999853, -0.017135, 0.0, 0.0, 0.0, 1.0], "scale": 1.0, "type": "italy_rock_wall"}
{"ctxid": 0, "pos": [-3485.686, 4743.222, 619.31], "rotationMatrix": [-0.707412, 0.706802, 0.0, -0.706802, -0.707412, 0.0, 0.0, 0.0, 1.0], "scale": 1.0, "type": "italy_rock_wall"}
{"ctxid": 0, "pos": [-3739.832, 4679.372, 576.128], "rotationMatrix": [-0.991372, 0.131081, 0.0, -0.131081, -0.991372, 0.0, 0.0, 0.0, 1.0], "scale": 1.0, "type": "italy_rock_wall"}
{"ctxid": 0, "pos": [-3742.31, 4679.044, 575.647], "rotationMatrix": [-0.991372, 0.131081, 0.0, -0.131081, -0.991372, 0.0, 0.0, 0.0, 1.0], "scale": 1.0, "type": "italy_rock_wall"}
{"ctxid": 0, "pos": [-3706.083, 4737.181, 592.69], "rotationMatrix": [-0.395726, 0.918369, 0.0, -0.918369, -0.395726, 0.0, 0.0, 0.0, 1.0], "scale": 1.0, "type": "italy_rock_wall"}
{"ctxid": 0, "pos": [502.362, 22.154, 60.188], "rotationMatrix": [-0.995256, -0.097293, 0.0, 0.097293, -0.995256, 0.0, 0.0, 0.0, 1.0], "scale": 1.0, "type": "italy_rock_wall"}
{"ctxid": 0, "pos": [-3232.339, 760.326, 319.51], "rotationMatrix": [-0.997972, -0.063659, 0.0, 0.063659, -0.997972, 0.0, 0.0, 0.0, 1.0], "scale": 1.0, "type": "italy_rock_wall"}
{"ctxid": 0, "pos": [-3234.834, 760.485, 319.51], "rotationMatrix": [-0.997972, -0.063659, 0.0, 0.063659, -0.997972, 0.0, 0.0, 0.0, 1.0], "scale": 1.0, "type": "italy_rock_wall"}
{"ctxid": 0, "pos": [-3290.043, 789.189, 367.065], "rotationMatrix": [-0.12986, 0.991532, 0.0, -0.991532, -0.12986, 0.0, 0.0, 0.0, 1.0], "scale": 1.0, "type": "italy_rock_wall"}
{"ctxid": 0, "pos": [-3261.837, 796.307, 367.065], "rotationMatrix": [-0.376789, 0.926299, 0.0, -0.926299, -0.376789, 0.0, 0.0, 0.0, 1.0], "scale": 1.0, "type": "italy_rock_wall"}
{"ctxid": 0, "pos": [-3262.779, 793.991, 367.065], "rotationMatrix": [-0.376789, 0.926299, 0.0, -0.926299, -0.376789, 0.0, 0.0, 0.0, 1.0], "scale": 1.0, "type": "italy_rock_wall"}
{"ctxid": 0, "pos": [-3207.763, 778.712, 319.51], "rotationMatrix": [-0.01415, -0.9999, 0.0, 0.9999, -0.01415, 0.0, 0.0, 0.0, 1.0], "scale": 1.0, "type": "italy_rock_wall"}
{"ctxid": 0, "pos": [-3209.033, 761.322, 319.51], "rotationMatrix": [-0.947357, -0.32018, 0.0, 0.32018, -0.947357, 0.0, 0.0, 0.0, 1.0], "scale": 1.0, "type": "italy_rock_wall"}
{"ctxid": 0, "pos": [-3209.786, 847.277, 367.065], "rotationMatrix": [-0.974829, 0.222955, 0.0, -0.222955, -0.974829, 0.0, 0.0, 0.0, 1.0], "scale": 1.0, "type": "italy_rock_wall"}
{"ctxid": 0, "pos": [-3212.223, 846.72, 367.065], "rotationMatrix": [-0.974829, 0.222955, 0.0, -0.222955, -0.974829, 0.0, 0.0, 0.0, 1.0], "scale": 1.0, "type": "italy_rock_wall"}
{"ctxid": 0, "pos": [-3260.142, 753.84, 319.51], "rotationMatrix": [-0.253474, -0.967342, 0.0, 0.967342, -0.253474, 0.0, 0.0, 0.0, 1.0], "scale": 1.0, "type": "italy_rock_wall"}
{"ctxid": 0, "pos": [-3261.41, 758.676, 319.51], "rotationMatrix": [-0.253474, -0.967342, 0.0, 0.967342, -0.253474, 0.0, 0.0, 0.0, 1.0], "scale": 1.0, "type": "italy_rock_wall"}
{"ctxid": 0, "pos": [-3262.043, 761.095, 319.51], "rotationMatrix": [-0.253474, -0.967342, 0.0, 0.967342, -0.253474, 0.0, 0.0, 0.0, 1.0], "scale": 1.0, "type": "italy_rock_wall"}
{"ctxid": 0, "pos": [-3268.038, 747.679, 319.51], "rotationMatrix": [-0.998216, -0.059705, 0.0, 0.059705, -0.998216, 0.0, 0.0, 0.0, 1.0], "scale": 1.0, "type": "italy_rock_wall"}
{"ctxid": 0, "pos": [-3270.534, 747.828, 319.51], "rotationMatrix": [-0.998216, -0.059705, 0.0, 0.059705, -0.998216, 0.0, 0.0, 0.0, 1.0], "scale": 1.0, "type": "italy_rock_wall"}
{"ctxid": 0, "pos": [-3279.924, 772.124, 367.065], "rotationMatrix": [-0.118673, 0.992933, 0.0, -0.992933, -0.118673, 0.0, 0.0, 0.0, 1.0], "scale": 1.0, "type": "italy_rock_wall"}
{"ctxid": 0, "pos": [-3434.762, 814.294, 367.065], "rotationMatrix": [-0.564529, 0.825413, 0.0, -0.825413, -0.564529, 0.0, 0.0, 0.0, 1.0], "scale": 1.0, "type": "italy_rock_wall"}
{"ctxid": 0, "pos": [-3436.173, 812.231, 367.065], "rotationMatrix": [-0.564529, 0.825413, 0.0, -0.825413, -0.564529, 0.0, 0.0, 0.0, 1.0], "scale": 1.0, "type": "italy_rock_wall"}
{"ctxid": 0, "pos": [-3440.407, 806.04, 367.065], "rotationMatrix": [-0.564529, 0.825413, 0.0, -0.825413, -0.564529, 0.0, 0.0, 0.0, 1.0], "scale": 1.0, "type": "italy_rock_wall"}
{"ctxid": 0, "pos": [-3142.944, 762.869, 317.022], "rotationMatrix": [-0.306482, -0.951876, 0.0, 0.951876, -0.306482, 0.0, 0.0, 0.0, 1.0], "scale": 1.0, "type": "italy_rock_wall"}
{"ctxid": 0, "pos": [-3144.477, 767.628, 317.022], "rotationMatrix": [-0.306482, -0.951876, 0.0, 0.951876, -0.306482, 0.0, 0.0, 0.0, 1.0], "scale": 1.0, "type": "italy_rock_wall"}
{"ctxid": 0, "pos": [-3179.726, 718.019, 317.022], "rotationMatrix": [-0.772242, 0.635328, 0.0, -0.635328, -0.772242, 0.0, 0.0, 0.0, 1.0], "scale": 1.0, "type": "italy_rock_wall"}
{"ctxid": 0, "pos": [-3181.657, 716.431, 317.022], "rotationMatrix": [-0.772242, 0.635328, 0.0, -0.635328, -0.772242, 0.0, 0.0, 0.0, 1.0], "scale": 1.0, "type": "italy_rock_wall"}
{"ctxid": 0, "pos": [-3180.843, 791.2, 319.51], "rotationMatrix": [-0.391333, -0.920249, 0.0, 0.920249, -0.391333, 0.0, 0.0, 0.0, 1.0], "scale": 1.0, "type": "italy_rock_wall"}
{"ctxid": 0, "pos": [-3181.822, 793.5, 319.51], "rotationMatrix": [-0.391333, -0.920249, 0.0, 0.920249, -0.391333, 0.0, 0.0, 0.0, 1.0], "scale": 1.0, "type": "italy_rock_wall"}
{"ctxid": 0, "pos": [-3182.8, 795.801, 319.51], "rotationMatrix": [-0.391333, -0.920249, 0.0, 0.920249, -0.391333, 0.0, 0.0, 0.0, 1.0], "scale": 1.0, "type": "italy_rock_wall"}
{"ctxid": 0, "pos": [-3141.967, 747.633, 317.022], "rotationMatrix": [-0.983112, 0.183003, 0.0, -0.183003, -0.983112, 0.0, 0.0, 0.0, 1.0], "scale": 1.0, "type": "italy_rock_wall"}
{"ctxid": 0, "pos": [-3144.425, 747.176, 317.022], "rotationMatrix": [-0.983112, 0.183003, 0.0, -0.183003, -0.983112, 0.0, 0.0, 0.0, 1.0], "scale": 1.0, "type": "italy_rock_wall"}
{"ctxid": 0, "pos": [-3146.882, 746.718, 317.022], "rotationMatrix": [-0.983112, 0.183003, 0.0, -0.183003, -0.983112, 0.0, 0.0, 0.0, 1.0], "scale": 1.0, "type": "italy_rock_wall"}
{"ctxid": 0, "pos": [-3128.36, 779.273, 319.51], "rotationMatrix": [-0.522301, 0.852761, 0.0, -0.852761, -0.522301, 0.0, 0.0, 0.0, 1.0], "scale": 1.0, "type": "italy_rock_wall"}
{"ctxid": 0, "pos": [-3121.185, 604.717, 317.022], "rotationMatrix": [-0.573962, -0.818882, 0.0, 0.818882, -0.573962, 0.0, 0.0, 0.0, 1.0], "scale": 1.0, "type": "italy_rock_wall"}
{"ctxid": 0, "pos": [-3080.837, 715.961, 317.022], "rotationMatrix": [-0.999988, 0.004937, 0.0, -0.004937, -0.999988, 0.0, 0.0, 0.0, 1.0], "scale": 1.0, "type": "italy_rock_wall"}
{"ctxid": 0, "pos": [-3083.337, 715.949, 317.022], "rotationMatrix": [-0.999988, 0.004937, 0.0, -0.004937, -0.999988, 0.0, 0.0, 0.0, 1.0], "scale": 1.0, "type": "italy_rock_wall"}
{"ctxid": 0, "pos": [-3085.837, 715.937, 317.022], "rotationMatrix": [-0.999988, 0.004937, 0.0, -0.004937, -0.999988, 0.0, 0.0, 0.0, 1.0], "scale": 1.0, "type": "italy_rock_wall"}
{"ctxid": 0, "pos": [-3088.337, 715.924, 317.022], "rotationMatrix": [-0.999988, 0.004937, 0.0, -0.004937, -0.999988, 0.0, 0.0, 0.0, 1.0], "scale": 1.0, "type": "italy_rock_wall"}
{"ctxid": 0, "pos": [-3055.583, 726.358, 317.022], "rotationMatrix": [-0.046328, 0.998926, 0.0, -0.998926, -0.046328, 0.0, 0.0, 0.0, 1.0], "scale": 1.0, "type": "italy_rock_wall"}
{"ctxid": 0, "pos": [-3055.699, 723.861, 317.022], "rotationMatrix": [-0.046328, 0.998926, 0.0, -0.998926, -0.046328, 0.0, 0.0, 0.0, 1.0], "scale": 1.0, "type": "italy_rock_wall"}
{"ctxid": 0, "pos": [-3082.318, 739.014, 317.022], "rotationMatrix": [-0.024636, -0.999696, 0.0, 0.999696, -0.024636, 0.0, 0.0, 0.0, 1.0], "scale": 1.0, "type": "italy_rock_wall"}
{"ctxid": 0, "pos": [-3079.315, 728.915, 317.022], "rotationMatrix": [-0.985116, 0.171893, 0.0, -0.171893, -0.985116, 0.0, 0.0, 0.0, 1.0], "scale": 1.0, "type": "italy_rock_wall"}
{"ctxid": 0, "pos": [-3081.778, 728.485, 317.022], "rotationMatrix": [-0.985116, 0.171893, 0.0, -0.171893, -0.985116, 0.0, 0.0, 0.0, 1.0], "scale": 1.0, "type": "italy_rock_wall"}
{"ctxid": 0, "pos": [-3086.704, 727.625, 317.022], "rotationMatrix": [-0.985116, 0.171893, 0.0, -0.171893, -0.985116, 0.0, 0.0, 0.0, 1.0], "scale": 1.0, "type": "italy_rock_wall"}
{"ctxid": 0, "pos": [-3089.134, 770.115, 317.022], "rotationMatrix": [-0.075412, 0.997152, 0.0, -0.997152, -0.075412, 0.0, 0.0, 0.0, 1.0], "scale": 1.0, "type": "italy_rock_wall"}
{"ctxid": 0, "pos": [-3089.322, 767.622, 317.022], "rotationMatrix": [-0.075412, 0.997152, 0.0, -0.997152, -0.075412, 0.0, 0.0, 0.0, 1.0], "scale": 1.0, "type": "italy_rock_wall"}
{"ctxid": 0, "pos": [-3089.511, 765.129, 317.022], "rotationMatrix": [-0.075412, 0.997152, 0.0, -0.997152, -0.075412, 0.0, 0.0, 0.0, 1.0], "scale": 1.0, "type": "italy_rock_wall"}
{"ctxid": 0, "pos": [-3089.699, 762.636, 317.022], "rotationMatrix": [-0.075412, 0.997152, 0.0, -0.997152, -0.075412, 0.0, 0.0, 0.0, 1.0], "scale": 1.0, "type": "italy_rock_wall"}
{"ctxid": 0, "pos": [-2987.276, 1071.479, 367.065], "rotationMatrix": [-0.348565, 0.937285, 0.0, -0.937285, -0.348565, 0.0, 0.0, 0.0, 1.0], "scale": 1.0, "type": "italy_rock_wall"}
{"ctxid": 0, "pos": [-3055.097, 1062.889, 367.065], "rotationMatrix": [-0.469948, -0.882694, 0.0, 0.882694, -0.469948, 0.0, 0.0, 0.0, 1.0], "scale": 1.0, "type": "italy_rock_wall"}
{"ctxid": 0, "pos": [-3058.622, 1069.51, 367.065], "rotationMatrix": [-0.469948, -0.882694, 0.0, 0.882694, -0.469948, 0.0, 0.0, 0.0, 1.0], "scale": 1.0, "type": "italy_rock_wall"}
{"ctxid": 0, "pos": [-3112.636, 1041.396, 367.065], "rotationMatrix": [-0.606968, -0.794726, 0.0, 0.794726, -0.606968, 0.0, 0.0, 0.0, 1.0], "scale": 1.0, "type": "italy_rock_wall"}
{"ctxid": 0, "pos": [-3115.671, 1045.37, 367.065], "rotationMatrix": [-0.606968, -0.794726, 0.0, 0.794726, -0.606968, 0.0, 0.0, 0.0, 1.0], "scale": 1.0, "type": "italy_rock_wall"}
{"ctxid": 0, "pos": [-3111.318, 1009.896, 367.065], "rotationMatrix": [-0.990935, -0.13434, 0.0, 0.13434, -0.990935, 0.0, 0.0, 0.0, 1.0], "scale": 1.0, "type": "italy_rock_wall"}
{"ctxid": 0, "pos": [-3058.963, 890.97, 367.065], "rotationMatrix": [-0.905064, 0.425275, 0.0, -0.425275, -0.905064, 0.0, 0.0, 0.0, 1.0], "scale": 1.0, "type": "italy_rock_wall"}
{"ctxid": 0, "pos": [-3065.751, 887.781, 367.065], "rotationMatrix": [-0.905064, 0.425275, 0.0, -0.425275, -0.905064, 0.0, 0.0, 0.0, 1.0], "scale": 1.0, "type": "italy_rock_wall"}
{"ctxid": 0, "pos": [-3026.532, 875.39, 319.51], "rotationMatrix": [-0.819048, 0.573725, 0.0, -0.573725, -0.819048, 0.0, 0.0, 0.0, 1.0], "scale": 1.0, "type": "italy_rock_wall"}
{"ctxid": 0, "pos": [-3028.579, 873.956, 319.51], "rotationMatrix": [-0.819048, 0.573725, 0.0, -0.573725, -0.819048, 0.0, 0.0, 0.0, 1.0], "scale": 1.0, "type": "italy_rock_wall"}
{"ctxid": 0, "pos": [-3030.627, 872.522, 319.51], "rotationMatrix": [-0.819048, 0.573725, 0.0, -0.573725, -0.819048, 0.0, 0.0, 0.0, 1.0], "scale": 1.0, "type": "italy_rock_wall"}
{"ctxid": 0, "pos": [-3063.33, 859.462, 319.51], "rotationMatrix": [-0.978201, 0.207662, 0.0, -0.207662, -0.978201, 0.0, 0.0, 0.0, 1.0], "scale": 1.0, "type": "italy_rock_wall"}
{"ctxid": 0, "pos": [-3029.796, 842.045, 319.51], "rotationMatrix": [-0.605931, 0.795517, 0.0, -0.795517, -0.605931, 0.0, 0.0, 0.0, 1.0], "scale": 1.0, "type": "italy_rock_wall"}
{"ctxid": 0, "pos": [-3031.311, 840.057, 319.51], "rotationMatrix": [-0.605931, 0.795517, 0.0, -0.795517, -0.605931, 0.0, 0.0, 0.0, 1.0], "scale": 1.0, "type": "italy_rock_wall"}
{"ctxid": 0, "pos": [-3100.289, 839.377, 319.51], "rotationMatrix": [-0.997763, 0.066854, 0.0, -0.066854, -0.997763, 0.0, 0.0, 0.0, 1.0], "scale": 1.0, "type": "italy_rock_wall"}
{"ctxid": 0, "pos": [-2989.68, 813.279, 317.022], "rotationMatrix": [-0.965113, -0.261834, 0.0, 0.261834, -0.965113, 0.0, 0.0, 0.0, 1.0], "scale": 1.0, "type": "italy_rock_wall"}
{"ctxid": 0, "pos": [-2994.505, 814.589, 317.022], "rotationMatrix": [-0.965113, -0.261834, 0.0, 0.261834, -0.965113, 0.0, 0.0, 0.0, 1.0], "scale": 1.0, "type": "italy_rock_wall"}
{"ctxid": 0, "pos": [-3521.943, 536.137, 317.022], "rotationMatrix": [-0.182796, -0.983151, 0.0, 0.983151, -0.182796, 0.0, 0.0, 0.0, 1.0], "scale": 1.0, "type": "italy_rock_wall"}
{"ctxid": 0, "pos": [-3429.063, 406.076, 317.022], "rotationMatrix": [-0.65283, -0.757504, 0.0, 0.757504, -0.65283, 0.0, 0.0, 0.0, 1.0], "scale": 1.0, "type": "italy_rock_wall"}
{"ctxid": 0, "pos": [-3385.529, 386.804, 317.022], "rotationMatrix": [-0.412625, -0.910901, 0.0, 0.910901, -0.412625, 0.0, 0.0, 0.0, 1.0], "scale": 1.0, "type": "italy_rock_wall"}
{"ctxid": 0, "pos": [-3386.56, 389.081, 317.022], "rotationMatrix": [-0.412625, -0.910901, 0.0, 0.910901, -0.412625, 0.0, 0.0, 0.0, 1.0], "scale": 1.0, "type": "italy_rock_wall"}
{"ctxid": 0, "pos": [-3302.089, 341.418, 314.77], "rotationMatrix": [-0.981965, 0.189063, 0.0, -0.189063, -0.981965, 0.0, 0.0, 0.0, 1.0], "scale": 1.0, "type": "italy_rock_wall"}
{"ctxid": 0, "pos": [-2915.281, 963.363, 319.51], "rotationMatrix": [-0.183228, -0.98307, 0.0, 0.98307, -0.183228, 0.0, 0.0, 0.0, 1.0], "scale": 1.0, "type": "italy_rock_wall"}
{"ctxid": 0, "pos": [-2934.355, 1045.916, 367.065], "rotationMatrix": [-0.72125, 0.692675, 0.0, -0.692675, -0.72125, 0.0, 0.0, 0.0, 1.0], "scale": 1.0, "type": "italy_rock_wall"}
{"ctxid": 0, "pos": [-2936.158, 1044.184, 367.065], "rotationMatrix": [-0.72125, 0.692675, 0.0, -0.692675, -0.72125, 0.0, 0.0, 0.0, 1.0], "scale": 1.0, "type": "italy_rock_wall"}
{"ctxid": 0, "pos": [-2939.764, 1040.721, 367.065], "rotationMatrix": [-0.72125, 0.692675, 0.0, -0.692675, -0.72125, 0.0, 0.0, 0.0, 1.0], "scale": 1.0, "type": "italy_rock_wall"}
{"ctxid": 0, "pos": [-2943.179, 871.189, 319.51], "rotationMatrix": [-0.234858, 0.97203, 0.0, -0.97203, -0.234858, 0.0, 0.0, 0.0, 1.0], "scale": 1.0, "type": "italy_rock_wall"}
{"ctxid": 0, "pos": [-3205.664, 735.953, 317.022], "rotationMatrix": [-0.966998, -0.254783, 0.0, 0.254783, -0.966998, 0.0, 0.0, 0.0, 1.0], "scale": 1.0, "type": "italy_rock_wall"}
{"ctxid": 0, "pos": [-3208.082, 736.59, 317.022], "rotationMatrix": [-0.966998, -0.254783, 0.0, 0.254783, -0.966998, 0.0, 0.0, 0.0, 1.0], "scale": 1.0, "type": "italy_rock_wall"}
{"ctxid": 0, "pos": [-3245.671, 734.096, 317.022], "rotationMatrix": [-0.887469, 0.460868, 0.0, -0.460868, -0.887469, 0.0, 0.0, 0.0, 1.0], "scale": 1.0, "type": "italy_rock_wall"}
{"ctxid": 0, "pos": [-3247.89, 732.944, 317.022], "rotationMatrix": [-0.887469, 0.460868, 0.0, -0.460868, -0.887469, 0.0, 0.0, 0.0, 1.0], "scale": 1.0, "type": "italy_rock_wall"}
{"ctxid": 0, "pos": [-3277.534, 555.492, 317.022], "rotationMatrix": [-0.339681, 0.940541, 0.0, -0.940541, -0.339681, 0.0, 0.0, 0.0, 1.0], "scale": 1.0, "type": "italy_rock_wall"}
{"ctxid": 0, "pos": [-3235.111, 552.951, 317.022], "rotationMatrix": [-0.761729, -0.647895, 0.0, 0.647895, -0.761729, 0.0, 0.0, 0.0, 1.0], "scale": 1.0, "type": "italy_rock_wall"}
{"ctxid": 0, "pos": [-3249.31, 532.147, 317.022], "rotationMatrix": [-0.78211, -0.623141, 0.0, 0.623141, -0.78211, 0.0, 0.0, 0.0, 1.0], "scale": 1.0, "type": "italy_rock_wall"}
{"ctxid": 0, "pos": [-3144.973, 1634.134, 368.628], "rotationMatrix": [-0.998029, 0.062752, 0.0, -0.062752, -0.998029, 0.0, 0.0, 0.0, 1.0], "scale": 1.0, "type": "italy_rock_wall"}
{"ctxid": 0, "pos": [-3149.964, 1633.82, 368.628], "rotationMatrix": [-0.998029, 0.062752, 0.0, -0.062752, -0.998029, 0.0, 0.0, 0.0, 1.0], "scale": 1.0, "type": "italy_rock_wall"}
{"ctxid": 0, "pos": [-3078.533, 1253.601, 367.065], "rotationMatrix": [-0.031733, -0.999496, 0.0, 0.999496, -0.031733, 0.0, 0.0, 0.0, 1.0], "scale": 1.0, "type": "italy_rock_wall"}
{"ctxid": 0, "pos": [-3078.613, 1256.1, 367.065], "rotationMatrix": [-0.031733, -0.999496, 0.0, 0.999496, -0.031733, 0.0, 0.0, 0.0, 1.0], "scale": 1.0, "type": "italy_rock_wall"}
{"ctxid": 0, "pos": [-3078.692, 1258.599, 367.065], "rotationMatrix": [-0.031733, -0.999496, 0.0, 0.999496, -0.031733, 0.0, 0.0, 0.0, 1.0], "scale": 1.0, "type": "italy_rock_wall"}
{"ctxid": 0, "pos": [-3793.791, 465.796, 317.022], "rotationMatrix": [-0.754371, -0.656448, 0.0, 0.656448, -0.754371, 0.0, 0.0, 0.0, 1.0], "scale": 1.0, "type": "italy_rock_wall"}
{"ctxid": 0, "pos": [-2891.91, 621.388, 317.022], "rotationMatrix": [-0.970654, 0.240481, 0.0, -0.240481, -0.970654, 0.0, 0.0, 0.0, 1.0], "scale": 1.0, "type": "italy_rock_wall"}
{"ctxid": 0, "pos": [-3052.671, 1078.063, 367.065], "rotationMatrix": [-0.77129, 0.636484, 0.0, -0.636484, -0.77129, 0.0, 0.0, 0.0, 1.0], "scale": 1.0, "type": "italy_rock_wall"}
{"ctxid": 0, "pos": [-2990.688, 902.326, 319.51], "rotationMatrix": [-0.658479, 0.752599, 0.0, -0.752599, -0.658479, 0.0, 0.0, 0.0, 1.0], "scale": 1.0, "type": "italy_rock_wall"}
{"ctxid": 0, "pos": [-2997.273, 894.8, 319.51], "rotationMatrix": [-0.658479, 0.752599, 0.0, -0.752599, -0.658479, 0.0, 0.0, 0.0, 1.0], "scale": 1.0, "type": "italy_rock_wall"}
{"ctxid": 0, "pos": [-3040.618, 873.006, 319.51], "rotationMatrix": [-0.626865, -0.779128, 0.0, 0.779128, -0.626865, 0.0, 0.0, 0.0, 1.0], "scale": 1.0, "type": "italy_rock_wall"}
{"ctxid": 0, "pos": [-3065.743, 860.662, 319.51], "rotationMatrix": [-0.917311, 0.398171, 0.0, -0.398171, -0.917311, 0.0, 0.0, 0.0, 1.0], "scale": 1.0, "type": "italy_rock_wall"}
{"ctxid": 0, "pos": [-3070.33, 858.671, 319.51], "rotationMatrix": [-0.917311, 0.398171, 0.0, -0.398171, -0.917311, 0.0, 0.0, 0.0, 1.0], "scale": 1.0, "type": "italy_rock_wall"}
{"ctxid": 0, "pos": [-3848.122, 624.531, 367.065], "rotationMatrix": [-0.734694, -0.678398, 0.0, 0.678398, -0.734694, 0.0, 0.0, 0.0, 1.0], "scale": 1.0, "type": "italy_rock_wall"}
{"ctxid": 0, "pos": [-3435.552, 411.599, 317.022], "rotationMatrix": [-0.65283, -0.757504, 0.0, 0.757504, -0.65283, 0.0, 0.0, 0.0, 1.0], "scale": 1.0, "type": "italy_rock_wall"}
{"ctxid": 0, "pos": [-3437.184, 413.493, 317.022], "rotationMatrix": [-0.65283, -0.757504, 0.0, 0.757504, -0.65283, 0.0, 0.0, 0.0, 1.0], "scale": 1.0, "type": "italy_rock_wall"}
{"ctxid": 0, "pos": [-3438.816, 415.387, 317.022], "rotationMatrix": [-0.65283, -0.757504, 0.0, 0.757504, -0.65283, 0.0, 0.0, 0.0, 1.0], "scale": 1.0, "type": "italy_rock_wall"}
{"ctxid": 0, "pos": [-386.146, 2594.381, 351.693], "rotationMatrix": [-0.453126, 0.891447, 0.0, -0.891447, -0.453126, 0.0, 0.0, 0.0, 1.0], "scale": 1.0, "type": "italy_rock_wall"}
{"ctxid": 0, "pos": [-387.279, 2592.152, 351.693], "rotationMatrix": [-0.453126, 0.891447, 0.0, -0.891447, -0.453126, 0.0, 0.0, 0.0, 1.0], "scale": 1.0, "type": "italy_rock_wall"}
{"ctxid": 0, "pos": [3689.543, 3527.414, 76.879], "rotationMatrix": [-0.839584, -0.54323, 0.0, 0.54323, -0.839584, 0.0, 0.0, 0.0, 1.0], "scale": 1.0, "type": "italy_rock_wall"}
{"ctxid": 0, "pos": [3758.807, 3282.65, 76.879], "rotationMatrix": [-0.399353, 0.916797, 0.0, -0.916797, -0.399353, 0.0, 0.0, 0.0, 1.0], "scale": 1.0, "type": "italy_rock_wall"}
{"ctxid": 0, "pos": [3756.81, 3278.066, 76.879], "rotationMatrix": [-0.399353, 0.916797, 0.0, -0.916797, -0.399353, 0.0, 0.0, 0.0, 1.0], "scale": 1.0, "type": "italy_rock_wall"}
{"ctxid": 0, "pos": [3685.436, 3634.419, 76.879], "rotationMatrix": [-0.996833, -0.079517, 0.0, 0.079517, -0.996833, 0.0, 0.0, 0.0, 1.0], "scale": 1.0, "type": "italy_rock_wall"}
{"ctxid": 0, "pos": [3682.944, 3634.618, 76.879], "rotationMatrix": [-0.996833, -0.079517, 0.0, 0.079517, -0.996833, 0.0, 0.0, 0.0, 1.0], "scale": 1.0, "type": "italy_rock_wall"}
{"ctxid": 0, "pos": [3680.452, 3634.816, 76.879], "rotationMatrix": [-0.996833, -0.079517, 0.0, 0.079517, -0.996833, 0.0, 0.0, 0.0, 1.0], "scale": 1.0, "type": "italy_rock_wall"}
{"ctxid": 0, "pos": [3722.992, 3674.518, 76.879], "rotationMatrix": [-0.562605, 0.826726, 0.0, -0.826726, -0.562605, 0.0, 0.0, 0.0, 1.0], "scale": 1.0, "type": "italy_rock_wall"}
{"ctxid": 0, "pos": [3721.586, 3672.451, 76.879], "rotationMatrix": [-0.562605, 0.826726, 0.0, -0.826726, -0.562605, 0.0, 0.0, 0.0, 1.0], "scale": 1.0, "type": "italy_rock_wall"}
{"ctxid": 0, "pos": [3718.773, 3668.317, 76.879], "rotationMatrix": [-0.562605, 0.826726, 0.0, -0.826726, -0.562605, 0.0, 0.0, 0.0, 1.0], "scale": 1.0, "type": "italy_rock_wall"}
{"ctxid": 0, "pos": [3748.949, -4827.09, 67.831], "rotationMatrix": [-0.083433, -0.996513, 0.0, 0.996513, -0.083433, 0.0, 0.0, 0.0, 1.0], "scale": 1.0, "type": "italy_rock_wall"}
{"ctxid": 0, "pos": [3748.741, -4824.599, 67.831], "rotationMatrix": [-0.083433, -0.996513, 0.0, 0.996513, -0.083433, 0.0, 0.0, 0.0, 1.0], "scale": 1.0, "type": "italy_rock_wall"}
{"ctxid": 0, "pos": [3748.532, -4822.107, 67.831], "rotationMatrix": [-0.083433, -0.996513, 0.0, 0.996513, -0.083433, 0.0, 0.0, 0.0, 1.0], "scale": 1.0, "type": "italy_rock_wall"}
{"ctxid": 0, "pos": [3748.324, -4819.616, 67.831], "rotationMatrix": [-0.083433, -0.996513, 0.0, 0.996513, -0.083433, 0.0, 0.0, 0.0, 1.0], "scale": 1.0, "type": "italy_rock_wall"}
{"ctxid": 0, "pos": [2597.873, -3723.83, 166.832], "rotationMatrix": [-0.990498, -0.137527, 0.0, 0.137527, -0.990498, 0.0, 0.0, 0.0, 1.0], "scale": 1.0, "type": "italy_rock_wall"}
{"ctxid": 0, "pos": [2592.92, -3723.143, 167.495], "rotationMatrix": [-0.990498, -0.137527, 0.0, 0.137527, -0.990498, 0.0, 0.0, 0.0, 1.0], "scale": 1.0, "type": "italy_rock_wall"}
{"ctxid": 0, "pos": [2537.718, -3676.055, 174.73], "rotationMatrix": [-0.685157, -0.728395, 0.0, 0.728395, -0.685157, 0.0, 0.0, 0.0, 1.0], "scale": 1.0, "type": "italy_rock_wall"}
{"ctxid": 0, "pos": [2079.225, -3522.619, 218.588], "rotationMatrix": [-0.906726, 0.421721, 0.0, -0.421721, -0.906726, 0.0, 0.0, 0.0, 1.0], "scale": 1.0, "type": "italy_rock_wall"}
{"ctxid": 0, "pos": [2077.457, -3525.728, 218.588], "rotationMatrix": [-0.533346, 0.845897, 0.0, -0.845897, -0.533346, 0.0, 0.0, 0.0, 1.0], "scale": 1.0, "type": "italy_rock_wall"}
{"ctxid": 0, "pos": [2078.516, -3501.24, 235.785], "rotationMatrix": [-0.855849, 0.517226, 0.0, -0.517226, -0.855849, 0.0, 0.0, 0.0, 1.0], "scale": 1.0, "type": "italy_rock_wall"}
{"ctxid": 0, "pos": [2364.898, -3539.741, 188.816], "rotationMatrix": [-0.679506, -0.73367, 0.0, 0.73367, -0.679506, 0.0, 0.0, 0.0, 1.0], "scale": 1.0, "type": "italy_rock_wall"}
{"ctxid": 0, "pos": [2364.291, -3614.015, 194.031], "rotationMatrix": [-0.026918, -0.999638, 0.0, 0.999638, -0.026918, 0.0, 0.0, 0.0, 1.0], "scale": 1.0, "type": "italy_rock_wall"}
{"ctxid": 0, "pos": [2364.224, -3611.516, 193.734], "rotationMatrix": [-0.026918, -0.999638, 0.0, 0.999638, -0.026918, 0.0, 0.0, 0.0, 1.0], "scale": 1.0, "type": "italy_rock_wall"}
{"ctxid": 0, "pos": [2392.833, -3554.084, 187.079], "rotationMatrix": [-0.042046, 0.999116, 0.0, -0.999116, -0.042046, 0.0, 0.0, 0.0, 1.0], "scale": 1.0, "type": "italy_rock_wall"}
{"ctxid": 0, "pos": [2392.623, -3559.079, 187.091], "rotationMatrix": [-0.042046, 0.999116, 0.0, -0.999116, -0.042046, 0.0, 0.0, 0.0, 1.0], "scale": 1.0, "type": "italy_rock_wall"}
{"ctxid": 0, "pos": [1270.271, -3088.575, 246.308], "rotationMatrix": [-0.749023, -0.662544, 0.0, 0.662544, -0.749023, 0.0, 0.0, 0.0, 1.0], "scale": 1.0, "type": "italy_rock_wall"}
{"ctxid": 0, "pos": [1277.616, -2959.867, 245.509], "rotationMatrix": [-0.571745, 0.820431, 0.0, -0.820431, -0.571745, 0.0, 0.0, 0.0, 1.0], "scale": 1.0, "type": "italy_rock_wall"}
{"ctxid": 0, "pos": [722.345, -164.024, 34.653], "rotationMatrix": [-0.951661, -0.307151, 0.0, 0.307151, -0.951661, 0.0, 0.0, 0.0, 1.0], "scale": 1.0, "type": "italy_rock_wall"}
{"ctxid": 0, "pos": [719.966, -163.256, 34.653], "rotationMatrix": [-0.951661, -0.307151, 0.0, 0.307151, -0.951661, 0.0, 0.0, 0.0, 1.0], "scale": 1.0, "type": "italy_rock_wall"}
{"ctxid": 0, "pos": [715.208, -161.72, 34.653], "rotationMatrix": [-0.951661, -0.307151, 0.0, 0.307151, -0.951661, 0.0, 0.0, 0.0, 1.0], "scale": 1.0, "type": "italy_rock_wall"}
{"ctxid": 0, "pos": [653.877, -256.56, 22.891], "rotationMatrix": [-0.952708, -0.303888, 0.0, 0.303888, -0.952708, 0.0, 0.0, 0.0, 1.0], "scale": 1.0, "type": "italy_rock_wall"}
{"ctxid": 0, "pos": [651.496, -255.8, 22.891], "rotationMatrix": [-0.952708, -0.303888, 0.0, 0.303888, -0.952708, 0.0, 0.0, 0.0, 1.0], "scale": 1.0, "type": "italy_rock_wall"}
{"ctxid": 0, "pos": [619.893, -270.512, 25.228], "rotationMatrix": [-0.736813, 0.676097, 0.0, -0.676097, -0.736813, 0.0, 0.0, 0.0, 1.0], "scale": 1.0, "type": "italy_rock_wall"}
{"ctxid": 0, "pos": [598.588, -276.374, 26.891], "rotationMatrix": [-0.125563, -0.992086, 0.0, 0.992086, -0.125563, 0.0, 0.0, 0.0, 1.0], "scale": 1.0, "type": "italy_rock_wall"}
{"ctxid": 0, "pos": [397.021, -368.721, 23.896], "rotationMatrix": [-0.974865, -0.222798, 0.0, 0.222798, -0.974865, 0.0, 0.0, 0.0, 1.0], "scale": 1.0, "type": "italy_rock_wall"}
{"ctxid": 0, "pos": [432.015, -278.825, 30.932], "rotationMatrix": [-0.924913, -0.380179, 0.0, 0.380179, -0.924913, 0.0, 0.0, 0.0, 1.0], "scale": 1.0, "type": "italy_rock_wall"}
{"ctxid": 0, "pos": [461.24, -273.203, 24.19], "rotationMatrix": [-0.998258, -0.059001, 0.0, 0.059001, -0.998258, 0.0, 0.0, 0.0, 1.0], "scale": 1.0, "type": "italy_rock_wall"}
{"ctxid": 0, "pos": [458.744, -273.055, 24.354], "rotationMatrix": [-0.998258, -0.059001, 0.0, 0.059001, -0.998258, 0.0, 0.0, 0.0, 1.0], "scale": 1.0, "type": "italy_rock_wall"}
{"ctxid": 0, "pos": [456.249, -272.908, 24.766], "rotationMatrix": [-0.998258, -0.059001, 0.0, 0.059001, -0.998258, 0.0, 0.0, 0.0, 1.0], "scale": 1.0, "type": "italy_rock_wall"}
{"ctxid": 0, "pos": [574.676, -243.74, 33.274], "rotationMatrix": [-0.133022, 0.991113, 0.0, -0.991113, -0.133022, 0.0, 0.0, 0.0, 1.0], "scale": 1.0, "type": "italy_rock_wall"}
{"ctxid": 0, "pos": [574.344, -246.218, 32.902], "rotationMatrix": [-0.133022, 0.991113, 0.0, -0.991113, -0.133022, 0.0, 0.0, 0.0, 1.0], "scale": 1.0, "type": "italy_rock_wall"}
{"ctxid": 0, "pos": [574.011, -248.696, 32.53], "rotationMatrix": [-0.133022, 0.991113, 0.0, -0.991113, -0.133022, 0.0, 0.0, 0.0, 1.0], "scale": 1.0, "type": "italy_rock_wall"}
{"ctxid": 0, "pos": [607.48, -230.172, 31.148], "rotationMatrix": [-0.386213, -0.92241, 0.0, 0.92241, -0.386213, 0.0, 0.0, 0.0, 1.0], "scale": 1.0, "type": "italy_rock_wall"}
{"ctxid": 0, "pos": [606.514, -227.866, 31.597], "rotationMatrix": [-0.386213, -0.92241, 0.0, 0.92241, -0.386213, 0.0, 0.0, 0.0, 1.0], "scale": 1.0, "type": "italy_rock_wall"}
{"ctxid": 0, "pos": [605.549, -225.56, 32.047], "rotationMatrix": [-0.386213, -0.92241, 0.0, 0.92241, -0.386213, 0.0, 0.0, 0.0, 1.0], "scale": 1.0, "type": "italy_rock_wall"}
{"ctxid": 0, "pos": [-769.184, -2407.464, 83.399], "rotationMatrix": [-0.872804, 0.488071, 0.0, -0.488071, -0.872804, 0.0, 0.0, 0.0, 1.0], "scale": 1.0, "type": "italy_rock_wall"}
{"ctxid": 0, "pos": [-743.438, -2386.592, 83.399], "rotationMatrix": [-0.890307, 0.45536, 0.0, -0.45536, -0.890307, 0.0, 0.0, 0.0, 1.0], "scale": 1.0, "type": "italy_rock_wall"}
{"ctxid": 0, "pos": [-747.89, -2388.869, 83.399], "rotationMatrix": [-0.890307, 0.45536, 0.0, -0.45536, -0.890307, 0.0, 0.0, 0.0, 1.0], "scale": 1.0, "type": "italy_rock_wall"}
{"ctxid": 0, "pos": [-725.658, -2316.217, 81.514], "rotationMatrix": [-0.633031, -0.774127, 0.0, 0.774127, -0.633031, 0.0, 0.0, 0.0, 1.0], "scale": 1.0, "type": "italy_rock_wall"}
{"ctxid": 0, "pos": [-728.823, -2312.346, 61.204], "rotationMatrix": [-0.633031, -0.774127, 0.0, 0.774127, -0.633031, 0.0, 0.0, 0.0, 1.0], "scale": 1.0, "type": "italy_rock_wall"}
{"ctxid": 0, "pos": [-730.406, -2310.411, 61.204], "rotationMatrix": [-0.633031, -0.774127, 0.0, 0.774127, -0.633031, 0.0, 0.0, 0.0, 1.0], "scale": 1.0, "type": "italy_rock_wall"}
{"ctxid": 0, "pos": [-1511.344, -2704.291, 59.144], "rotationMatrix": [-0.989558, -0.144138, 0.0, 0.144138, -0.989558, 0.0, 0.0, 0.0, 1.0], "scale": 1.0, "type": "italy_rock_wall"}
{"ctxid": 0, "pos": [3191.816, -3217.904, 136.292], "rotationMatrix": [-0.723071, 0.690773, 0.0, -0.690773, -0.723071, 0.0, 0.0, 0.0, 1.0], "scale": 1.0, "type": "italy_rock_wall"}
{"ctxid": 0, "pos": [3190.008, -3219.63, 136.292], "rotationMatrix": [-0.723071, 0.690773, 0.0, -0.690773, -0.723071, 0.0, 0.0, 0.0, 1.0], "scale": 1.0, "type": "italy_rock_wall"}
{"ctxid": 0, "pos": [3184.585, -3224.811, 136.292], "rotationMatrix": [-0.723071, 0.690773, 0.0, -0.690773, -0.723071, 0.0, 0.0, 0.0, 1.0], "scale": 1.0, "type": "italy_rock_wall"}
{"ctxid": 0, "pos": [3386.828, -4266.056, 76.83], "rotationMatrix": [-0.823816, 0.566857, 0.0, -0.566857, -0.823816, 0.0, 0.0, 0.0, 1.0], "scale": 1.0, "type": "italy_rock_wall"}
{"ctxid": 0, "pos": [3530.137, -4315.237, 75.383], "rotationMatrix": [-0.675971, -0.736928, 0.0, 0.736928, -0.675971, 0.0, 0.0, 0.0, 1.0], "scale": 1.0, "type": "italy_rock_wall"}
{"ctxid": 0, "pos": [3528.447, -4313.395, 75.422], "rotationMatrix": [-0.675971, -0.736928, 0.0, 0.736928, -0.675971, 0.0, 0.0, 0.0, 1.0], "scale": 1.0, "type": "italy_rock_wall"}
{"ctxid": 0, "pos": [3549.482, -4365.737, 73.882], "rotationMatrix": [-0.889967, -0.456026, 0.0, 0.456026, -0.889967, 0.0, 0.0, 0.0, 1.0], "scale": 1.0, "type": "italy_rock_wall"}
{"ctxid": 0, "pos": [3953.164, -4584.371, 70.958], "rotationMatrix": [-0.17481, 0.984602, 0.0, -0.984602, -0.17481, 0.0, 0.0, 0.0, 1.0], "scale": 1.0, "type": "italy_rock_wall"}
{"ctxid": 0, "pos": [3576.646, -1726.326, 262.425], "rotationMatrix": [-0.403577, 0.914946, 0.0, -0.914946, -0.403577, 0.0, 0.0, 0.0, 1.0], "scale": 1.0, "type": "italy_rock_wall"}
{"ctxid": 0, "pos": [3574.628, -1730.901, 262.425], "rotationMatrix": [-0.403577, 0.914946, 0.0, -0.914946, -0.403577, 0.0, 0.0, 0.0, 1.0], "scale": 1.0, "type": "italy_rock_wall"}
{"ctxid": 0, "pos": [3572.61, -1735.476, 262.425], "rotationMatrix": [-0.403577, 0.914946, 0.0, -0.914946, -0.403577, 0.0, 0.0, 0.0, 1.0], "scale": 1.0, "type": "italy_rock_wall"}
{"ctxid": 0, "pos": [3273.786, -3947.885, 87.635], "rotationMatrix": [-0.983167, -0.182712, 0.0, 0.182712, -0.983167, 0.0, 0.0, 0.0, 1.0], "scale": 1.0, "type": "italy_rock_wall"}
{"ctxid": 0, "pos": [3402.372, -1571.298, 262.425], "rotationMatrix": [-0.902767, -0.430131, 0.0, 0.430131, -0.902767, 0.0, 0.0, 0.0, 1.0], "scale": 1.0, "type": "italy_rock_wall"}
{"ctxid": 0, "pos": [3400.115, -1570.222, 262.425], "rotationMatrix": [-0.902767, -0.430131, 0.0, 0.430131, -0.902767, 0.0, 0.0, 0.0, 1.0], "scale": 1.0, "type": "italy_rock_wall"}
{"ctxid": 0, "pos": [3397.858, -1569.147, 261.312], "rotationMatrix": [-0.902767, -0.430131, 0.0, 0.430131, -0.902767, 0.0, 0.0, 0.0, 1.0], "scale": 1.0, "type": "italy_rock_wall"}
{"ctxid": 0, "pos": [3301.523, -4084.785, 82.281], "rotationMatrix": [-0.619908, -0.784674, 0.0, 0.784674, -0.619908, 0.0, 0.0, 0.0, 1.0], "scale": 1.0, "type": "italy_rock_wall"}
{"ctxid": 0, "pos": [3299.973, -4082.823, 82.336], "rotationMatrix": [-0.619908, -0.784674, 0.0, 0.784674, -0.619908, 0.0, 0.0, 0.0, 1.0], "scale": 1.0, "type": "italy_rock_wall"}
{"ctxid": 0, "pos": [3806.76, -1783.738, 263.243], "rotationMatrix": [-0.338718, -0.940888, 0.0, 0.940888, -0.338718, 0.0, 0.0, 0.0, 1.0], "scale": 1.0, "type": "italy_rock_wall"}
{"ctxid": 0, "pos": [3805.913, -1781.386, 263.243], "rotationMatrix": [-0.338718, -0.940888, 0.0, 0.940888, -0.338718, 0.0, 0.0, 0.0, 1.0], "scale": 1.0, "type": "italy_rock_wall"}
{"ctxid": 0, "pos": [3803.373, -1774.329, 263.243], "rotationMatrix": [-0.338718, -0.940888, 0.0, 0.940888, -0.338718, 0.0, 0.0, 0.0, 1.0], "scale": 1.0, "type": "italy_rock_wall"}
{"ctxid": 0, "pos": [-852.51, 3351.524, 365.104], "rotationMatrix": [-0.167636, 0.985849, 0.0, -0.985849, -0.167636, 0.0, 0.0, 0.0, 1.0], "scale": 1.0, "type": "italy_rock_wall"}
{"ctxid": 0, "pos": [-853.348, 3346.594, 365.104], "rotationMatrix": [-0.167636, 0.985849, 0.0, -0.985849, -0.167636, 0.0, 0.0, 0.0, 1.0], "scale": 1.0, "type": "italy_rock_wall"}
{"ctxid": 0, "pos": [-535.862, 812.176, 207.675], "rotationMatrix": [-0.933888, -0.357564, 0.0, 0.357564, -0.933888, 0.0, 0.0, 0.0, 1.0], "scale": 1.0, "type": "italy_rock_wall"}
{"ctxid": 0, "pos": [-538.196, 813.07, 207.851], "rotationMatrix": [-0.933888, -0.357564, 0.0, 0.357564, -0.933888, 0.0, 0.0, 0.0, 1.0], "scale": 1.0, "type": "italy_rock_wall"}
{"ctxid": 0, "pos": [-540.531, 813.964, 208.028], "rotationMatrix": [-0.933888, -0.357564, 0.0, 0.357564, -0.933888, 0.0, 0.0, 0.0, 1.0], "scale": 1.0, "type": "italy_rock_wall"}
{"ctxid": 0, "pos": [-3993.551, 5181.014, 598.979], "rotationMatrix": [-0.987669, 0.156558, 0.0, -0.156558, -0.987669, 0.0, 0.0, 0.0, 1.0], "scale": 1.0, "type": "italy_rock_wall"}
{"ctxid": 0, "pos": [-3998.489, 5180.231, 598.979], "rotationMatrix": [-0.987669, 0.156558, 0.0, -0.156558, -0.987669, 0.0, 0.0, 0.0, 1.0], "scale": 1.0, "type": "italy_rock_wall"}
{"ctxid": 0, "pos": [-482.921, 3268.116, 364.125], "rotationMatrix": [-0.361233, -0.932475, 0.0, 0.932475, -0.361233, 0.0, 0.0, 0.0, 1.0], "scale": 1.0, "type": "italy_rock_wall"}
{"ctxid": 0, "pos": [-509.254, 3385.166, 364.14], "rotationMatrix": [-0.541744, -0.840544, 0.0, 0.840544, -0.541744, 0.0, 0.0, 0.0, 1.0], "scale": 1.0, "type": "italy_rock_wall"}
{"ctxid": 0, "pos": [-513.317, 3391.47, 364.14], "rotationMatrix": [-0.541744, -0.840544, 0.0, 0.840544, -0.541744, 0.0, 0.0, 0.0, 1.0], "scale": 1.0, "type": "italy_rock_wall"}
{"ctxid": 0, "pos": [-527.097, 3370.608, 364.14], "rotationMatrix": [-0.996637, -0.081947, 0.0, 0.081947, -0.996637, 0.0, 0.0, 0.0, 1.0], "scale": 1.0, "type": "italy_rock_wall"}
{"ctxid": 0, "pos": [-529.588, 3370.813, 364.14], "rotationMatrix": [-0.996637, -0.081947, 0.0, 0.081947, -0.996637, 0.0, 0.0, 0.0, 1.0], "scale": 1.0, "type": "italy_rock_wall"}
{"ctxid": 0, "pos": [-532.08, 3371.018, 364.14], "rotationMatrix": [-0.996637, -0.081947, 0.0, 0.081947, -0.996637, 0.0, 0.0, 0.0, 1.0], "scale": 1.0, "type": "italy_rock_wall"}
{"ctxid": 0, "pos": [-500.882, 3332.711, 364.14], "rotationMatrix": [-0.839815, 0.542873, 0.0, -0.542873, -0.839815, 0.0, 0.0, 0.0, 1.0], "scale": 1.0, "type": "italy_rock_wall"}
{"ctxid": 0, "pos": [-505.652, 3333.533, 364.14], "rotationMatrix": [-0.08016, -0.996782, 0.0, 0.996782, -0.08016, 0.0, 0.0, 0.0, 1.0], "scale": 1.0, "type": "italy_rock_wall"}
{"ctxid": 0, "pos": [-506.053, 3338.517, 364.14], "rotationMatrix": [-0.08016, -0.996782, 0.0, 0.996782, -0.08016, 0.0, 0.0, 0.0, 1.0], "scale": 1.0, "type": "italy_rock_wall"}
{"ctxid": 0, "pos": [-718.311, 3368.438, 364.754], "rotationMatrix": [-0.341466, 0.939894, 0.0, -0.939894, -0.341466, 0.0, 0.0, 0.0, 1.0], "scale": 1.0, "type": "italy_rock_wall"}
{"ctxid": 0, "pos": [-720.018, 3363.738, 364.754], "rotationMatrix": [-0.341466, 0.939894, 0.0, -0.939894, -0.341466, 0.0, 0.0, 0.0, 1.0], "scale": 1.0, "type": "italy_rock_wall"}
{"ctxid": 0, "pos": [-704.786, 3368.725, 364.754], "rotationMatrix": [-0.073889, 0.997266, 0.0, -0.997266, -0.073889, 0.0, 0.0, 0.0, 1.0], "scale": 1.0, "type": "italy_rock_wall"}
{"ctxid": 0, "pos": [-704.97, 3366.232, 364.754], "rotationMatrix": [-0.073889, 0.997266, 0.0, -0.997266, -0.073889, 0.0, 0.0, 0.0, 1.0], "scale": 1.0, "type": "italy_rock_wall"}
{"ctxid": 0, "pos": [-778.074, 3330.153, 364.754], "rotationMatrix": [-0.897968, -0.440061, 0.0, 0.440061, -0.897968, 0.0, 0.0, 0.0, 1.0], "scale": 1.0, "type": "italy_rock_wall"}
{"ctxid": 0, "pos": [-782.564, 3332.353, 364.754], "rotationMatrix": [-0.897968, -0.440061, 0.0, 0.440061, -0.897968, 0.0, 0.0, 0.0, 1.0], "scale": 1.0, "type": "italy_rock_wall"}
{"ctxid": 0, "pos": [-828.52, 3293.947, 364.754], "rotationMatrix": [-0.918776, -0.394779, 0.0, 0.394779, -0.918776, 0.0, 0.0, 0.0, 1.0], "scale": 1.0, "type": "italy_rock_wall"}
{"ctxid": 0, "pos": [-830.817, 3294.934, 364.754], "rotationMatrix": [-0.918776, -0.394779, 0.0, 0.394779, -0.918776, 0.0, 0.0, 0.0, 1.0], "scale": 1.0, "type": "italy_rock_wall"}
{"ctxid": 0, "pos": [-833.114, 3295.921, 364.754], "rotationMatrix": [-0.918776, -0.394779, 0.0, 0.394779, -0.918776, 0.0, 0.0, 0.0, 1.0], "scale": 1.0, "type": "italy_rock_wall"}
{"ctxid": 0, "pos": [-818.712, 3296.393, 364.754], "rotationMatrix": [-0.10515, -0.994456, 0.0, 0.994456, -0.10515, 0.0, 0.0, 0.0, 1.0], "scale": 1.0, "type": "italy_rock_wall"}
{"ctxid": 0, "pos": [-818.975, 3298.879, 364.754], "rotationMatrix": [-0.10515, -0.994456, 0.0, 0.994456, -0.10515, 0.0, 0.0, 0.0, 1.0], "scale": 1.0, "type": "italy_rock_wall"}
{"ctxid": 0, "pos": [-819.238, 3301.365, 364.754], "rotationMatrix": [-0.10515, -0.994456, 0.0, 0.994456, -0.10515, 0.0, 0.0, 0.0, 1.0], "scale": 1.0, "type": "italy_rock_wall"}
{"ctxid": 0, "pos": [-801.547, 3334.825, 364.754], "rotationMatrix": [-0.745982, 0.665966, 0.0, -0.665966, -0.745982, 0.0, 0.0, 0.0, 1.0], "scale": 1.0, "type": "italy_rock_wall"}
{"ctxid": 0, "pos": [-824.154, 3454.664, 365.439], "rotationMatrix": [-0.967515, -0.252813, 0.0, 0.252813, -0.967515, 0.0, 0.0, 0.0, 1.0], "scale": 1.0, "type": "italy_rock_wall"}
{"ctxid": 0, "pos": [-826.573, 3455.296, 365.439], "rotationMatrix": [-0.967515, -0.252813, 0.0, 0.252813, -0.967515, 0.0, 0.0, 0.0, 1.0], "scale": 1.0, "type": "italy_rock_wall"}
{"ctxid": 0, "pos": [-831.411, 3456.56, 365.439], "rotationMatrix": [-0.967515, -0.252813, 0.0, 0.252813, -0.967515, 0.0, 0.0, 0.0, 1.0], "scale": 1.0, "type": "italy_rock_wall"}
{"ctxid": 0, "pos": [-830.539, 3407.168, 365.104], "rotationMatrix": [-0.960851, 0.277067, 0.0, -0.277067, -0.960851, 0.0, 0.0, 0.0, 1.0], "scale": 1.0, "type": "italy_rock_wall"}
{"ctxid": 0, "pos": [-835.343, 3405.783, 365.104], "rotationMatrix": [-0.960851, 0.277067, 0.0, -0.277067, -0.960851, 0.0, 0.0, 0.0, 1.0], "scale": 1.0, "type": "italy_rock_wall"}
{"ctxid": 0, "pos": [-837.745, 3405.09, 365.439], "rotationMatrix": [-0.960851, 0.277067, 0.0, -0.277067, -0.960851, 0.0, 0.0, 0.0, 1.0], "scale": 1.0, "type": "italy_rock_wall"}
{"ctxid": 0, "pos": [-847.069, 2873.918, 364.575], "rotationMatrix": [-0.446168, 0.894949, 0.0, -0.894949, -0.446168, 0.0, 0.0, 0.0, 1.0], "scale": 1.0, "type": "italy_rock_wall"}
{"ctxid": 0, "pos": [-772.91, 2823.953, 364.946], "rotationMatrix": [-0.610744, 0.791828, 0.0, -0.791828, -0.610744, 0.0, 0.0, 0.0, 1.0], "scale": 1.0, "type": "italy_rock_wall"}
{"ctxid": 0, "pos": [-393.807, 2951.619, 364.946], "rotationMatrix": [-0.634009, 0.773325, 0.0, -0.773325, -0.634009, 0.0, 0.0, 0.0, 1.0], "scale": 1.0, "type": "italy_rock_wall"}
{"ctxid": 0, "pos": [-789.372, 2925.849, 364.575], "rotationMatrix": [-0.797305, 0.603576, 0.0, -0.603576, -0.797305, 0.0, 0.0, 0.0, 1.0], "scale": 1.0, "type": "italy_rock_wall"}
{"ctxid": 0, "pos": [-793.359, 2922.831, 364.575], "rotationMatrix": [-0.797305, 0.603576, 0.0, -0.603576, -0.797305, 0.0, 0.0, 0.0, 1.0], "scale": 1.0, "type": "italy_rock_wall"}
{"ctxid": 0, "pos": [-575.15, 2925.422, 364.946], "rotationMatrix": [-0.960075, 0.279743, 0.0, -0.279743, -0.960075, 0.0, 0.0, 0.0, 1.0], "scale": 1.0, "type": "italy_rock_wall"}
{"ctxid": 0, "pos": [-356.045, 3003.428, 364.946], "rotationMatrix": [-0.871809, 0.489846, 0.0, -0.489846, -0.871809, 0.0, 0.0, 0.0, 1.0], "scale": 1.0, "type": "italy_rock_wall"}
{"ctxid": 0, "pos": [-715.51, 3257.457, 364.14], "rotationMatrix": [-0.994054, -0.108889, 0.0, 0.108889, -0.994054, 0.0, 0.0, 0.0, 1.0], "scale": 1.0, "type": "italy_rock_wall"}
{"ctxid": 0, "pos": [-719.406, 3250.867, 364.14], "rotationMatrix": [-0.849962, -0.526844, 0.0, 0.526844, -0.849962, 0.0, 0.0, 0.0, 1.0], "scale": 1.0, "type": "italy_rock_wall"}
{"ctxid": 0, "pos": [-503.485, 3187.966, 364.125], "rotationMatrix": [-0.648935, -0.760844, 0.0, 0.760844, -0.648935, 0.0, 0.0, 0.0, 1.0], "scale": 1.0, "type": "italy_rock_wall"}
{"ctxid": 0, "pos": [-637.108, 3314.015, 364.14], "rotationMatrix": [-0.539652, 0.841888, 0.0, -0.841888, -0.539652, 0.0, 0.0, 0.0, 1.0], "scale": 1.0, "type": "italy_rock_wall"}
{"ctxid": 0, "pos": [-715.442, 3334.539, 364.754], "rotationMatrix": [-0.505969, 0.862552, 0.0, -0.862552, -0.505969, 0.0, 0.0, 0.0, 1.0], "scale": 1.0, "type": "italy_rock_wall"}
