{"ctxid": 0, "pos": [-2891.876, 852.96, 316.922], "rotationMatrix": [-0.973746, 0.227638, 0.0, -0.227638, -0.973746, 0.0, 0.0, 0.0, 1.0], "scale": 1.056, "type": "italy_rockface_small_1"}
{"ctxid": 0, "pos": [-2817.52, 1143.526, 366.965], "rotationMatrix": [-0.84816, -0.529741, 0.0, 0.529741, -0.84816, 0.0, 0.0, 0.0, 1.0], "scale": 0.92, "type": "italy_rockface_small_1"}
{"ctxid": 0, "pos": [-2795.941, 1110.718, 366.965], "rotationMatrix": [-0.681418, -0.731894, 0.0, 0.731894, -0.681418, 0.0, 0.0, 0.0, 1.0], "scale": 1.164, "type": "italy_rockface_small_1"}
{"ctxid": 0, "pos": [-2738.012, 941.731, 319.41], "rotationMatrix": [-0.957346, 0.288944, 0.0, -0.288944, -0.957346, 0.0, 0.0, 0.0, 1.0], "scale": 1.174, "type": "italy_rockface_small_1"}
{"ctxid": 0, "pos": [-2737.961, 1085.23, 365.539], "rotationMatrix": [-0.645846, -0.763467, 0.0, 0.763467, -0.645846, 0.0, 0.0, 0.0, 1.0], "scale": 1.174, "type": "italy_rockface_small_1"}
{"ctxid": 0, "pos": [-2653.728, 847.876, 316.922], "rotationMatrix": [0.198783, 0.980043, 0.0, -0.980043, 0.198783, 0.0, 0.0, 0.0, 1.0], "scale": 0.784, "type": "italy_rockface_small_1"}
{"ctxid": 0, "pos": [-2668.621, 963.479, 319.41], "rotationMatrix": [-0.36625, 0.930516, 0.0, -0.930516, -0.36625, 0.0, 0.0, 0.0, 1.0], "scale": 1.079, "type": "italy_rockface_small_1"}
{"ctxid": 0, "pos": [-3199.552, 550.831, 316.922], "rotationMatrix": [0.326373, -0.945241, 0.0, 0.945241, 0.326373, 0.0, 0.0, 0.0, 1.0], "scale": 0.851, "type": "italy_rockface_small_1"}
{"ctxid": 0, "pos": [-3008.5, 541.638, 316.922], "rotationMatrix": [0.114078, 0.993472, 0.0, -0.993472, 0.114078, 0.0, 0.0, 0.0, 1.0], "scale": 1.025, "type": "italy_rockface_small_1"}
{"ctxid": 0, "pos": [-2962.334, 210.063, 314.67], "rotationMatrix": [0.95417, 0.299264, 0.0, -0.299264, 0.95417, 0.0, 0.0, 0.0, 1.0], "scale": 1.002, "type": "italy_rockface_small_1"}
{"ctxid": 0, "pos": [-2966.472, 251.827, 314.67], "rotationMatrix": [0.359639, 0.933092, 0.0, -0.933092, 0.359639, 0.0, 0.0, 0.0, 1.0], "scale": 1.028, "type": "italy_rockface_small_1"}
{"ctxid": 0, "pos": [-2718.699, 201.569, 312.696], "rotationMatrix": [0.071334, 0.997452, 0.0, -0.997452, 0.071334, 0.0, 0.0, 0.0, 1.0], "scale": 0.88, "type": "italy_rockface_small_1"}
{"ctxid": 0, "pos": [-2808.953, 703.785, 316.922], "rotationMatrix": [-0.471714, -0.881751, 0.0, 0.881751, -0.471714, 0.0, 0.0, 0.0, 1.0], "scale": 0.83, "type": "italy_rockface_small_1"}
{"ctxid": 0, "pos": [-3293.665, 639.63, 316.922], "rotationMatrix": [0.320252, -0.947332, 0.0, 0.947332, 0.320252, 0.0, 0.0, 0.0, 1.0], "scale": 0.747, "type": "italy_rockface_small_1"}
{"ctxid": 0, "pos": [-3409.055, 471.663, 316.922], "rotationMatrix": [0.752474, -0.658621, 0.0, 0.658621, 0.752474, 0.0, 0.0, 0.0, 1.0], "scale": 1.266, "type": "italy_rockface_small_1"}
{"ctxid": 0, "pos": [-3379.701, 462.153, 316.922], "rotationMatrix": [-0.361763, -0.93227, 0.0, 0.93227, -0.361763, 0.0, 0.0, 0.0, 1.0], "scale": 0.889, "type": "italy_rockface_small_1"}
{"ctxid": 0, "pos": [-3341.625, 516.673, 316.922], "rotationMatrix": [0.485704, 0.874123, 0.0, -0.874123, 0.485704, 0.0, 0.0, 0.0, 1.0], "scale": 1.169, "type": "italy_rockface_small_1"}
{"ctxid": 0, "pos": [-3719.276, 526.084, 366.965], "rotationMatrix": [0.586953, 0.809621, 0.0, -0.809621, 0.586953, 0.0, 0.0, 0.0, 1.0], "scale": 1.13, "type": "italy_rockface_small_1"}
{"ctxid": 0, "pos": [-3650.544, 604.886, 366.965], "rotationMatrix": [-0.911665, 0.410933, 0.0, -0.410933, -0.911665, 0.0, 0.0, 0.0, 1.0], "scale": 1.092, "type": "italy_rockface_small_1"}
{"ctxid": 0, "pos": [-3580.203, 725.651, 366.965], "rotationMatrix": [0.011214, -0.999937, 0.0, 0.999937, 0.011214, 0.0, 0.0, 0.0, 1.0], "scale": 0.815, "type": "italy_rockface_small_1"}
{"ctxid": 0, "pos": [-3052.6, -267.458, 312.696], "rotationMatrix": [-0.538604, -0.842559, 0.0, 0.842559, -0.538604, 0.0, 0.0, 0.0, 1.0], "scale": 1.237, "type": "italy_rockface_small_1"}
{"ctxid": 0, "pos": [-2991.151, -276.628, 312.696], "rotationMatrix": [0.902098, 0.431532, 0.0, -0.431532, 0.902098, 0.0, 0.0, 0.0, 1.0], "scale": 1.019, "type": "italy_rockface_small_1"}
{"ctxid": 0, "pos": [-3006.741, -213.196, 312.696], "rotationMatrix": [0.945655, 0.325171, 0.0, -0.325171, 0.945655, 0.0, 0.0, 0.0, 1.0], "scale": 1.239, "type": "italy_rockface_small_1"}
{"ctxid": 0, "pos": [-3905.745, 836.876, 366.965], "rotationMatrix": [0.10507, 0.994465, 0.0, -0.994465, 0.10507, 0.0, 0.0, 0.0, 1.0], "scale": 0.991, "type": "italy_rockface_small_1"}
{"ctxid": 0, "pos": [-250.86, -4868.678, 243.584], "rotationMatrix": [-0.146436, -0.98922, 0.0, 0.98922, -0.146436, 0.0, 0.0, 0.0, 1.0], "scale": 0.842, "type": "italy_rockface_small_1"}
{"ctxid": 0, "pos": [-186.227, -5076.981, 243.584], "rotationMatrix": [-0.995613, -0.093563, 0.0, 0.093563, -0.995613, 0.0, 0.0, 0.0, 1.0], "scale": 1.237, "type": "italy_rockface_small_1"}
{"ctxid": 0, "pos": [-154.203, -4912.395, 243.584], "rotationMatrix": [-0.279179, -0.960239, 0.0, 0.960239, -0.279179, 0.0, 0.0, 0.0, 1.0], "scale": 0.813, "type": "italy_rockface_small_1"}
{"ctxid": 0, "pos": [-124.641, -4998.479, 243.584], "rotationMatrix": [0.955337, -0.295519, 0.0, 0.295519, 0.955337, 0.0, 0.0, 0.0, 1.0], "scale": 1.018, "type": "italy_rockface_small_1"}
{"ctxid": 0, "pos": [-78.825, -4977.285, 243.584], "rotationMatrix": [0.689586, -0.724204, 0.0, 0.724204, 0.689586, 0.0, 0.0, 0.0, 1.0], "scale": 1.075, "type": "italy_rockface_small_1"}
{"ctxid": 0, "pos": [-90.827, -4879.715, 243.584], "rotationMatrix": [0.697345, -0.716736, 0.0, 0.716736, 0.697345, 0.0, 0.0, 0.0, 1.0], "scale": 0.888, "type": "italy_rockface_small_1"}
{"ctxid": 0, "pos": [-21.569, -5040.02, 243.584], "rotationMatrix": [-0.899872, -0.436153, 0.0, 0.436153, -0.899872, 0.0, 0.0, 0.0, 1.0], "scale": 0.888, "type": "italy_rockface_small_1"}
{"ctxid": 0, "pos": [-58.724, -4840.028, 243.584], "rotationMatrix": [0.257761, 0.966209, 0.0, -0.966209, 0.257761, 0.0, 0.0, 0.0, 1.0], "scale": 0.814, "type": "italy_rockface_small_1"}
{"ctxid": 0, "pos": [-1940.13, -4963.116, 96.006], "rotationMatrix": [0.995049, 0.099382, 0.0, -0.099382, 0.995049, 0.0, 0.0, 0.0, 1.0], "scale": 1.119, "type": "italy_rockface_small_1"}
{"ctxid": 0, "pos": [-1090.296, 2954.591, 364.04], "rotationMatrix": [0.568167, -0.822913, 0.0, 0.822913, 0.568167, 0.0, 0.0, 0.0, 1.0], "scale": 0.71, "type": "italy_rockface_small_1"}
{"ctxid": 0, "pos": [-1114.997, 3045.165, 365.004], "rotationMatrix": [0.635533, -0.772073, 0.0, 0.772073, 0.635533, 0.0, 0.0, 0.0, 1.0], "scale": 0.816, "type": "italy_rockface_small_1"}
{"ctxid": 0, "pos": [-1033.792, 3149.48, 365.004], "rotationMatrix": [0.898463, -0.43905, 0.0, 0.43905, 0.898463, 0.0, 0.0, 0.0, 1.0], "scale": 1.144, "type": "italy_rockface_small_1"}
{"ctxid": 0, "pos": [-196.744, 2249.048, 350.163], "rotationMatrix": [0.098701, -0.995117, 0.0, 0.995117, 0.098701, 0.0, 0.0, 0.0, 1.0], "scale": 1.12, "type": "italy_rockface_small_1"}
{"ctxid": 0, "pos": [-111.475, 2095.475, 229.882], "rotationMatrix": [-0.458911, 0.888482, 0.0, -0.888482, -0.458911, 0.0, 0.0, 0.0, 1.0], "scale": 1.21, "type": "italy_rockface_small_1"}
{"ctxid": 0, "pos": [-120.34, 2198.745, 229.882], "rotationMatrix": [-0.463725, -0.885979, 0.0, 0.885979, -0.463725, 0.0, 0.0, 0.0, 1.0], "scale": 0.982, "type": "italy_rockface_small_1"}
{"ctxid": 0, "pos": [5.408, 2041.195, 229.882], "rotationMatrix": [-0.867731, -0.497034, 0.0, 0.497034, -0.867731, 0.0, 0.0, 0.0, 1.0], "scale": 1.243, "type": "italy_rockface_small_1"}
{"ctxid": 0, "pos": [-2089.667, 1936.331, 423.117], "rotationMatrix": [0.12872, 0.991681, 0.0, -0.991681, 0.12872, 0.0, 0.0, 0.0, 1.0], "scale": 0.819, "type": "italy_rockface_small_1"}
{"ctxid": 0, "pos": [-2038.563, 1927.23, 423.117], "rotationMatrix": [0.877262, -0.480012, 0.0, 0.480012, 0.877262, 0.0, 0.0, 0.0, 1.0], "scale": 0.857, "type": "italy_rockface_small_1"}
{"ctxid": 0, "pos": [-1967.963, 1695.423, 419.135], "rotationMatrix": [0.284041, 0.958812, 0.0, -0.958812, 0.284041, 0.0, 0.0, 0.0, 1.0], "scale": 0.915, "type": "italy_rockface_small_1"}
{"ctxid": 0, "pos": [-1961.599, 1823.222, 423.117], "rotationMatrix": [0.075746, 0.997127, 0.0, -0.997127, 0.075746, 0.0, 0.0, 0.0, 1.0], "scale": 1.211, "type": "italy_rockface_small_1"}
{"ctxid": 0, "pos": [-1861.581, 1754.501, 419.135], "rotationMatrix": [-0.982429, 0.186638, 0.0, -0.186638, -0.982429, 0.0, 0.0, 0.0, 1.0], "scale": 1.056, "type": "italy_rockface_small_1"}
{"ctxid": 0, "pos": [-1836.258, 1838.279, 419.135], "rotationMatrix": [0.006064, 0.999982, 0.0, -0.999982, 0.006064, 0.0, 0.0, 0.0, 1.0], "scale": 0.876, "type": "italy_rockface_small_1"}
{"ctxid": 0, "pos": [-2688.312, 3080.748, 444.818], "rotationMatrix": [0.357816, 0.933792, 0.0, -0.933792, 0.357816, 0.0, 0.0, 0.0, 1.0], "scale": 0.792, "type": "italy_rockface_small_1"}
{"ctxid": 0, "pos": [-2497.366, 3090.155, 416.854], "rotationMatrix": [0.993638, -0.11262, 0.0, 0.11262, 0.993638, 0.0, 0.0, 0.0, 1.0], "scale": 1.233, "type": "italy_rockface_small_1"}
{"ctxid": 0, "pos": [-2442.788, 3281.119, 409.466], "rotationMatrix": [-0.437628, 0.899156, 0.0, -0.899156, -0.437628, 0.0, 0.0, 0.0, 1.0], "scale": 1.229, "type": "italy_rockface_small_1"}
{"ctxid": 0, "pos": [-1598.591, 3094.862, 370.645], "rotationMatrix": [0.995436, -0.095427, 0.0, 0.095427, 0.995436, 0.0, 0.0, 0.0, 1.0], "scale": 0.791, "type": "italy_rockface_small_1"}
{"ctxid": 0, "pos": [-1539.025, 3133.616, 360.999], "rotationMatrix": [0.757226, 0.653153, 0.0, -0.653153, 0.757226, 0.0, 0.0, 0.0, 1.0], "scale": 1.1, "type": "italy_rockface_small_1"}
{"ctxid": 0, "pos": [-1497.527, 2938.1, 364.248], "rotationMatrix": [0.995371, 0.096112, 0.0, -0.096112, 0.995371, 0.0, 0.0, 0.0, 1.0], "scale": 1.256, "type": "italy_rockface_small_1"}
{"ctxid": 0, "pos": [-424.33, 2674.052, 364.94], "rotationMatrix": [0.434692, 0.900579, 0.0, -0.900579, 0.434692, 0.0, 0.0, 0.0, 1.0], "scale": 1.057, "type": "italy_rockface_small_1"}
{"ctxid": 0, "pos": [-376.754, 2701.153, 364.94], "rotationMatrix": [-0.214075, -0.976817, 0.0, 0.976817, -0.214075, 0.0, 0.0, 0.0, 1.0], "scale": 0.796, "type": "italy_rockface_small_1"}
{"ctxid": 0, "pos": [-307.142, 2745.466, 364.94], "rotationMatrix": [0.902352, 0.431, 0.0, -0.431, 0.902352, 0.0, 0.0, 0.0, 1.0], "scale": 0.774, "type": "italy_rockface_small_1"}
{"ctxid": 0, "pos": [-337.065, 2810.436, 364.846], "rotationMatrix": [-0.494579, -0.869133, 0.0, 0.869133, -0.494579, 0.0, 0.0, 0.0, 1.0], "scale": 0.985, "type": "italy_rockface_small_1"}
{"ctxid": 0, "pos": [-279.674, 2696.61, 351.593], "rotationMatrix": [-0.979481, 0.201535, 0.0, -0.201535, -0.979481, 0.0, 0.0, 0.0, 1.0], "scale": 1.266, "type": "italy_rockface_small_1"}
{"ctxid": 0, "pos": [-134.533, 3073.919, 364.846], "rotationMatrix": [0.05964, -0.99822, 0.0, 0.99822, 0.05964, 0.0, 0.0, 0.0, 1.0], "scale": 0.708, "type": "italy_rockface_small_1"}
{"ctxid": 0, "pos": [-77.284, 3173.411, 364.846], "rotationMatrix": [-0.848982, 0.528422, 0.0, -0.528422, -0.848982, 0.0, 0.0, 0.0, 1.0], "scale": 1.192, "type": "italy_rockface_small_1"}
{"ctxid": 0, "pos": [-158.703, 3187.471, 364.475], "rotationMatrix": [-0.232826, 0.972518, 0.0, -0.972518, -0.232826, 0.0, 0.0, 0.0, 1.0], "scale": 0.847, "type": "italy_rockface_small_1"}
{"ctxid": 0, "pos": [-101.47, 3241.919, 364.475], "rotationMatrix": [0.989977, -0.141226, 0.0, 0.141226, 0.989977, 0.0, 0.0, 0.0, 1.0], "scale": 0.745, "type": "italy_rockface_small_1"}
{"ctxid": 0, "pos": [-84.331, 3408.045, 364.475], "rotationMatrix": [0.841617, -0.540074, 0.0, 0.540074, 0.841617, 0.0, 0.0, 0.0, 1.0], "scale": 1.248, "type": "italy_rockface_small_1"}
{"ctxid": 0, "pos": [-887.941, 2320.061, 351.593], "rotationMatrix": [0.799061, -0.60125, 0.0, 0.60125, 0.799061, 0.0, 0.0, 0.0, 1.0], "scale": 1.247, "type": "italy_rockface_small_1"}
{"ctxid": 0, "pos": [420.313, -93.732, 46.91], "rotationMatrix": [0.668715, 0.743519, 0.0, -0.743519, 0.668715, 0.0, 0.0, 0.0, 1.0], "scale": 1.289, "type": "italy_rockface_small_1"}
{"ctxid": 0, "pos": [395.791, 59.008, 91.824], "rotationMatrix": [-0.241221, 0.97047, 0.0, -0.97047, -0.241221, 0.0, 0.0, 0.0, 1.0], "scale": 0.94, "type": "italy_rockface_small_1"}
{"ctxid": 0, "pos": [465.478, 15.031, 60.051], "rotationMatrix": [-0.858731, 0.512427, 0.0, -0.512427, -0.858731, 0.0, 0.0, 0.0, 1.0], "scale": 0.94, "type": "italy_rockface_small_1"}
{"ctxid": 0, "pos": [899.395, 586.872, 32.225], "rotationMatrix": [-0.986566, 0.163362, 0.0, -0.163362, -0.986566, 0.0, 0.0, 0.0, 1.0], "scale": 1.121, "type": "italy_rockface_small_1"}
{"ctxid": 0, "pos": [886.926, 637.35, 76.779], "rotationMatrix": [-0.734898, 0.678177, 0.0, -0.678177, -0.734898, 0.0, 0.0, 0.0, 1.0], "scale": 0.932, "type": "italy_rockface_small_1"}
{"ctxid": 0, "pos": [876.597, 679.252, 76.779], "rotationMatrix": [-0.983523, 0.180782, 0.0, -0.180782, -0.983523, 0.0, 0.0, 0.0, 1.0], "scale": 1.037, "type": "italy_rockface_small_1"}
{"ctxid": 0, "pos": [921.946, 715.613, 76.779], "rotationMatrix": [0.939449, -0.342688, 0.0, 0.342688, 0.939449, 0.0, 0.0, 0.0, 1.0], "scale": 1.118, "type": "italy_rockface_small_1"}
{"ctxid": 0, "pos": [967.385, 484.189, 75.286], "rotationMatrix": [-0.415723, 0.909491, 0.0, -0.909491, -0.415723, 0.0, 0.0, 0.0, 1.0], "scale": 0.96, "type": "italy_rockface_small_1"}
{"ctxid": 0, "pos": [977.502, 570.997, 76.779], "rotationMatrix": [0.743863, -0.668332, 0.0, 0.668332, 0.743863, 0.0, 0.0, 0.0, 1.0], "scale": 1.222, "type": "italy_rockface_small_1"}
{"ctxid": 0, "pos": [1147.086, 476.54, 75.286], "rotationMatrix": [0.413952, 0.910299, 0.0, -0.910299, 0.413952, 0.0, 0.0, 0.0, 1.0], "scale": 1.091, "type": "italy_rockface_small_1"}
{"ctxid": 0, "pos": [429.553, 3684.34, 364.475], "rotationMatrix": [0.862409, 0.506213, 0.0, -0.506213, 0.862409, 0.0, 0.0, 0.0, 1.0], "scale": 0.724, "type": "italy_rockface_small_1"}
{"ctxid": 0, "pos": [508.049, 3589.062, 364.475], "rotationMatrix": [-0.87098, 0.491319, 0.0, -0.491319, -0.87098, 0.0, 0.0, 0.0, 1.0], "scale": 0.94, "type": "italy_rockface_small_1"}
{"ctxid": 0, "pos": [657.85, 3816.577, 364.475], "rotationMatrix": [-0.933674, 0.358124, 0.0, -0.358124, -0.933674, 0.0, 0.0, 0.0, 1.0], "scale": 1.073, "type": "italy_rockface_small_1"}
{"ctxid": 0, "pos": [145.216, 3788.12, 364.025], "rotationMatrix": [0.729675, -0.683794, 0.0, 0.683794, 0.729675, 0.0, 0.0, 0.0, 1.0], "scale": 0.972, "type": "italy_rockface_small_1"}
{"ctxid": 0, "pos": [261.909, 3676.696, 364.025], "rotationMatrix": [-0.738668, 0.674069, 0.0, -0.674069, -0.738668, 0.0, 0.0, 0.0, 1.0], "scale": 0.892, "type": "italy_rockface_small_1"}
{"ctxid": 0, "pos": [325.315, 3622.296, 364.475], "rotationMatrix": [0.8334, -0.55267, 0.0, 0.55267, 0.8334, 0.0, 0.0, 0.0, 1.0], "scale": 1.219, "type": "italy_rockface_small_1"}
{"ctxid": 0, "pos": [369.033, 3626.063, 364.475], "rotationMatrix": [-0.978767, -0.204978, 0.0, 0.204978, -0.978767, 0.0, 0.0, 0.0, 1.0], "scale": 1.105, "type": "italy_rockface_small_1"}
{"ctxid": 0, "pos": [18.21, 3317.754, 364.475], "rotationMatrix": [0.434638, -0.900605, 0.0, 0.900605, 0.434638, 0.0, 0.0, 0.0, 1.0], "scale": 1.266, "type": "italy_rockface_small_1"}
{"ctxid": 0, "pos": [-5.862, 3584.265, 364.025], "rotationMatrix": [0.490948, -0.871189, 0.0, 0.871189, 0.490948, 0.0, 0.0, 0.0, 1.0], "scale": 1.201, "type": "italy_rockface_small_1"}
{"ctxid": 0, "pos": [209.361, 3501.81, 364.475], "rotationMatrix": [0.604108, 0.796902, 0.0, -0.796902, 0.604108, 0.0, 0.0, 0.0, 1.0], "scale": 1.258, "type": "italy_rockface_small_1"}
{"ctxid": 0, "pos": [169.047, 3576.927, 364.475], "rotationMatrix": [-0.84882, -0.528682, 0.0, 0.528682, -0.84882, 0.0, 0.0, 0.0, 1.0], "scale": 0.755, "type": "italy_rockface_small_1"}
{"ctxid": 0, "pos": [249.964, 3494.448, 364.475], "rotationMatrix": [0.728699, 0.684834, 0.0, -0.684834, 0.728699, 0.0, 0.0, 0.0, 1.0], "scale": 0.929, "type": "italy_rockface_small_1"}
{"ctxid": 0, "pos": [269.643, 3355.427, 364.475], "rotationMatrix": [-0.739334, 0.673339, 0.0, -0.673339, -0.739334, 0.0, 0.0, 0.0, 1.0], "scale": 0.995, "type": "italy_rockface_small_1"}
{"ctxid": 0, "pos": [277.81, 3387.277, 364.475], "rotationMatrix": [0.963985, -0.265956, 0.0, 0.265956, 0.963985, 0.0, 0.0, 0.0, 1.0], "scale": 1.08, "type": "italy_rockface_small_1"}
{"ctxid": 0, "pos": [966.015, 5238.229, 365.004], "rotationMatrix": [-0.436626, -0.899643, 0.0, 0.899643, -0.436626, 0.0, 0.0, 0.0, 1.0], "scale": 1.284, "type": "italy_rockface_small_1"}
{"ctxid": 0, "pos": [1033.88, 5383.076, 365.339], "rotationMatrix": [0.500254, 0.865879, 0.0, -0.865879, 0.500254, 0.0, 0.0, 0.0, 1.0], "scale": 0.813, "type": "italy_rockface_small_1"}
{"ctxid": 0, "pos": [1048.065, 5347.907, 365.339], "rotationMatrix": [-0.835282, -0.549821, 0.0, 0.549821, -0.835282, 0.0, 0.0, 0.0, 1.0], "scale": 0.839, "type": "italy_rockface_small_1"}
{"ctxid": 0, "pos": [276.987, 4002.039, 364.04], "rotationMatrix": [-0.211387, 0.977403, 0.0, -0.977403, -0.211387, 0.0, 0.0, 0.0, 1.0], "scale": 1.104, "type": "italy_rockface_small_1"}
{"ctxid": 0, "pos": [270.242, 4024.009, 364.04], "rotationMatrix": [-0.906204, -0.42284, 0.0, 0.42284, -0.906204, 0.0, 0.0, 0.0, 1.0], "scale": 1.045, "type": "italy_rockface_small_1"}
{"ctxid": 0, "pos": [356.742, 4201.081, 364.04], "rotationMatrix": [0.967475, -0.252968, 0.0, 0.252968, 0.967475, 0.0, 0.0, 0.0, 1.0], "scale": 1.184, "type": "italy_rockface_small_1"}
