{"ctxid": 0, "pos": [-2940.268, 942.768, 319.41], "rotationMatrix": [0.996802, 0.079914, 0.0, -0.079914, 0.996802, 0.0, 0.0, 0.0, 1.0], "scale": 1.199, "type": "italy_boulder_3"}
{"ctxid": 0, "pos": [-2917.665, 1034.143, 366.965], "rotationMatrix": [0.970642, 0.240529, 0.0, -0.240529, 0.970642, 0.0, 0.0, 0.0, 1.0], "scale": 1.079, "type": "italy_boulder_3"}
{"ctxid": 0, "pos": [-2843.071, 986.129, 319.41], "rotationMatrix": [0.520523, 0.853848, 0.0, -0.853848, 0.520523, 0.0, 0.0, 0.0, 1.0], "scale": 1.283, "type": "italy_boulder_3"}
{"ctxid": 0, "pos": [-2848.633, 1027.829, 365.539], "rotationMatrix": [0.792827, 0.609447, 0.0, -0.609447, 0.792827, 0.0, 0.0, 0.0, 1.0], "scale": 0.918, "type": "italy_boulder_3"}
{"ctxid": 0, "pos": [-2810.764, 1011.093, 319.41], "rotationMatrix": [0.819222, -0.573476, 0.0, 0.573476, 0.819222, 0.0, 0.0, 0.0, 1.0], "scale": 0.835, "type": "italy_boulder_3"}
{"ctxid": 0, "pos": [-2723.386, 973.334, 319.41], "rotationMatrix": [0.999997, 0.002297, 0.0, -0.002297, 0.999997, 0.0, 0.0, 0.0, 1.0], "scale": 0.847, "type": "italy_boulder_3"}
{"ctxid": 0, "pos": [-2643.169, 923.56, 316.922], "rotationMatrix": [0.24693, 0.969033, 0.0, -0.969033, 0.24693, 0.0, 0.0, 0.0, 1.0], "scale": 0.72, "type": "italy_boulder_3"}
{"ctxid": 0, "pos": [-3404.221, 576.958, 316.922], "rotationMatrix": [0.760205, -0.649683, 0.0, 0.649683, 0.760205, 0.0, 0.0, 0.0, 1.0], "scale": 1.142, "type": "italy_boulder_3"}
{"ctxid": 0, "pos": [-3219.386, 679.765, 316.922], "rotationMatrix": [0.902599, -0.430482, 0.0, 0.430482, 0.902599, 0.0, 0.0, 0.0, 1.0], "scale": 1.205, "type": "italy_boulder_3"}
{"ctxid": 0, "pos": [-3045.138, 523.091, 316.922], "rotationMatrix": [-0.921718, 0.387861, 0.0, -0.387861, -0.921718, 0.0, 0.0, 0.0, 1.0], "scale": 0.754, "type": "italy_boulder_3"}
{"ctxid": 0, "pos": [-2983.014, 424.679, 314.67], "rotationMatrix": [0.319917, 0.947446, 0.0, -0.947446, 0.319917, 0.0, 0.0, 0.0, 1.0], "scale": 1.07, "type": "italy_boulder_3"}
{"ctxid": 0, "pos": [-2837.627, 245.662, 312.696], "rotationMatrix": [0.70656, 0.707654, 0.0, -0.707654, 0.70656, 0.0, 0.0, 0.0, 1.0], "scale": 0.768, "type": "italy_boulder_3"}
{"ctxid": 0, "pos": [-2725.095, 193.579, 312.696], "rotationMatrix": [0.242943, 0.970041, 0.0, -0.970041, 0.242943, 0.0, 0.0, 0.0, 1.0], "scale": 0.986, "type": "italy_boulder_3"}
{"ctxid": 0, "pos": [-2694.775, 794.083, 316.922], "rotationMatrix": [0.00051, -1.0, 0.0, 1.0, 0.00051, 0.0, 0.0, 0.0, 1.0], "scale": 1.02, "type": "italy_boulder_3"}
{"ctxid": 0, "pos": [-2665.103, 749.537, 316.922], "rotationMatrix": [0.988618, -0.150446, 0.0, 0.150446, 0.988618, 0.0, 0.0, 0.0, 1.0], "scale": 1.133, "type": "italy_boulder_3"}
{"ctxid": 0, "pos": [-2685.107, 801.653, 316.922], "rotationMatrix": [-0.995613, -0.093562, 0.0, 0.093562, -0.995613, 0.0, 0.0, 0.0, 1.0], "scale": 1.126, "type": "italy_boulder_3"}
{"ctxid": 0, "pos": [-2632.953, 850.821, 316.922], "rotationMatrix": [-0.403769, 0.914861, 0.0, -0.914861, -0.403769, 0.0, 0.0, 0.0, 1.0], "scale": 1.177, "type": "italy_boulder_3"}
{"ctxid": 0, "pos": [-3501.49, 491.081, 316.922], "rotationMatrix": [-0.76137, -0.648318, 0.0, 0.648318, -0.76137, 0.0, 0.0, 0.0, 1.0], "scale": 1.119, "type": "italy_boulder_3"}
{"ctxid": 0, "pos": [-3645.585, 542.236, 316.922], "rotationMatrix": [-0.689857, 0.723945, 0.0, -0.723945, -0.689857, 0.0, 0.0, 0.0, 1.0], "scale": 0.789, "type": "italy_boulder_3"}
{"ctxid": 0, "pos": [-3550.607, 554.191, 316.922], "rotationMatrix": [-0.996662, -0.08164, 0.0, 0.08164, -0.996662, 0.0, 0.0, 0.0, 1.0], "scale": 0.969, "type": "italy_boulder_3"}
{"ctxid": 0, "pos": [-3443.841, 316.329, 314.67], "rotationMatrix": [0.883168, -0.469056, 0.0, 0.469056, 0.883168, 0.0, 0.0, 0.0, 1.0], "scale": 1.168, "type": "italy_boulder_3"}
{"ctxid": 0, "pos": [-3418.149, 310.887, 314.67], "rotationMatrix": [-0.981948, -0.189152, 0.0, 0.189152, -0.981948, 0.0, 0.0, 0.0, 1.0], "scale": 1.279, "type": "italy_boulder_3"}
{"ctxid": 0, "pos": [-3788.75, 688.415, 366.965], "rotationMatrix": [0.893033, -0.44999, 0.0, 0.44999, 0.893033, 0.0, 0.0, 0.0, 1.0], "scale": 0.795, "type": "italy_boulder_3"}
{"ctxid": 0, "pos": [-3687.305, 657.02, 366.965], "rotationMatrix": [0.858484, -0.51284, 0.0, 0.51284, 0.858484, 0.0, 0.0, 0.0, 1.0], "scale": 0.861, "type": "italy_boulder_3"}
{"ctxid": 0, "pos": [-3842.814, 759.703, 366.965], "rotationMatrix": [0.870971, 0.491334, 0.0, -0.491334, 0.870971, 0.0, 0.0, 0.0, 1.0], "scale": 0.838, "type": "italy_boulder_3"}
{"ctxid": 0, "pos": [-289.552, -5095.557, 243.584], "rotationMatrix": [0.176499, 0.984301, 0.0, -0.984301, 0.176499, 0.0, 0.0, 0.0, 1.0], "scale": 1.067, "type": "italy_boulder_3"}
{"ctxid": 0, "pos": [-239.82, -4944.569, 243.584], "rotationMatrix": [0.733498, -0.679691, 0.0, 0.679691, 0.733498, 0.0, 0.0, 0.0, 1.0], "scale": 0.994, "type": "italy_boulder_3"}
{"ctxid": 0, "pos": [-184.169, -5033.5, 243.584], "rotationMatrix": [-0.181865, -0.983324, 0.0, 0.983324, -0.181865, 0.0, 0.0, 0.0, 1.0], "scale": 0.73, "type": "italy_boulder_3"}
{"ctxid": 0, "pos": [-159.637, -4827.962, 243.584], "rotationMatrix": [0.991735, -0.128307, 0.0, 0.128307, 0.991735, 0.0, 0.0, 0.0, 1.0], "scale": 0.761, "type": "italy_boulder_3"}
{"ctxid": 0, "pos": [-116.869, -5114.271, 243.584], "rotationMatrix": [-0.998627, -0.052393, 0.0, 0.052393, -0.998627, 0.0, 0.0, 0.0, 1.0], "scale": 1.232, "type": "italy_boulder_3"}
{"ctxid": 0, "pos": [-2077.034, -5069.572, 96.006], "rotationMatrix": [0.516247, -0.85644, 0.0, 0.85644, 0.516247, 0.0, 0.0, 0.0, 1.0], "scale": 1.166, "type": "italy_boulder_3"}
{"ctxid": 0, "pos": [-2110.723, -4866.418, 96.006], "rotationMatrix": [0.978659, -0.205493, 0.0, 0.205493, 0.978659, 0.0, 0.0, 0.0, 1.0], "scale": 0.742, "type": "italy_boulder_3"}
{"ctxid": 0, "pos": [-1992.996, -4975.817, 96.006], "rotationMatrix": [-0.866782, -0.498686, 0.0, 0.498686, -0.866782, 0.0, 0.0, 0.0, 1.0], "scale": 1.236, "type": "italy_boulder_3"}
{"ctxid": 0, "pos": [-1954.943, -4933.894, 96.006], "rotationMatrix": [-0.999935, 0.011395, 0.0, -0.011395, -0.999935, 0.0, 0.0, 0.0, 1.0], "scale": 1.157, "type": "italy_boulder_3"}
{"ctxid": 0, "pos": [-1913.861, -5110.923, 245.689], "rotationMatrix": [0.335044, 0.942202, 0.0, -0.942202, 0.335044, 0.0, 0.0, 0.0, 1.0], "scale": 1.074, "type": "italy_boulder_3"}
{"ctxid": 0, "pos": [-1881.274, -4857.929, 96.006], "rotationMatrix": [-0.353615, -0.935391, 0.0, 0.935391, -0.353615, 0.0, 0.0, 0.0, 1.0], "scale": 1.062, "type": "italy_boulder_3"}
{"ctxid": 0, "pos": [-1814.399, -4978.437, 96.006], "rotationMatrix": [-0.31164, -0.9502, 0.0, 0.9502, -0.31164, 0.0, 0.0, 0.0, 1.0], "scale": 1.066, "type": "italy_boulder_3"}
{"ctxid": 0, "pos": [-1232.323, 3122.235, 365.72], "rotationMatrix": [-0.738161, 0.674625, 0.0, -0.674625, -0.738161, 0.0, 0.0, 0.0, 1.0], "scale": 0.743, "type": "italy_boulder_3"}
{"ctxid": 0, "pos": [-1171.436, 3017.592, 365.004], "rotationMatrix": [-0.709268, -0.704939, 0.0, 0.704939, -0.709268, 0.0, 0.0, 0.0, 1.0], "scale": 0.774, "type": "italy_boulder_3"}
{"ctxid": 0, "pos": [-1181.792, 3121.79, 366.011], "rotationMatrix": [0.124943, 0.992164, 0.0, -0.992164, 0.124943, 0.0, 0.0, 0.0, 1.0], "scale": 0.94, "type": "italy_boulder_3"}
{"ctxid": 0, "pos": [-1227.859, 3625.6, 382.401], "rotationMatrix": [0.580186, 0.814484, 0.0, -0.814484, 0.580186, 0.0, 0.0, 0.0, 1.0], "scale": 1.171, "type": "italy_boulder_3"}
{"ctxid": 0, "pos": [-1075.226, 3490.987, 364.248], "rotationMatrix": [-0.988367, -0.152087, 0.0, 0.152087, -0.988367, 0.0, 0.0, 0.0, 1.0], "scale": 1.185, "type": "italy_boulder_3"}
{"ctxid": 0, "pos": [-1045.891, 3631.175, 382.401], "rotationMatrix": [0.12644, 0.991974, 0.0, -0.991974, 0.12644, 0.0, 0.0, 0.0, 1.0], "scale": 1.268, "type": "italy_boulder_3"}
{"ctxid": 0, "pos": [-927.659, 3611.144, 365.72], "rotationMatrix": [0.9356, 0.353063, 0.0, -0.353063, 0.9356, 0.0, 0.0, 0.0, 1.0], "scale": 1.05, "type": "italy_boulder_3"}
{"ctxid": 0, "pos": [-243.675, 2054.553, 229.882], "rotationMatrix": [-0.780982, -0.624553, 0.0, 0.624553, -0.780982, 0.0, 0.0, 0.0, 1.0], "scale": 1.126, "type": "italy_boulder_3"}
{"ctxid": 0, "pos": [-229.832, 2166.296, 292.912], "rotationMatrix": [-0.986736, 0.162336, 0.0, -0.162336, -0.986736, 0.0, 0.0, 0.0, 1.0], "scale": 0.75, "type": "italy_boulder_3"}
{"ctxid": 0, "pos": [-229.231, 2233.354, 350.163], "rotationMatrix": [0.97736, -0.211581, 0.0, 0.211581, 0.97736, 0.0, 0.0, 0.0, 1.0], "scale": 1.237, "type": "italy_boulder_3"}
{"ctxid": 0, "pos": [-152.444, 2031.341, 229.882], "rotationMatrix": [-0.994302, 0.1066, 0.0, -0.1066, -0.994302, 0.0, 0.0, 0.0, 1.0], "scale": 0.979, "type": "italy_boulder_3"}
{"ctxid": 0, "pos": [25.822, 2225.66, 229.882], "rotationMatrix": [-0.721418, 0.6925, 0.0, -0.6925, -0.721418, 0.0, 0.0, 0.0, 1.0], "scale": 0.915, "type": "italy_boulder_3"}
{"ctxid": 0, "pos": [-2018.122, 1822.135, 423.117], "rotationMatrix": [-0.311902, -0.950114, 0.0, 0.950114, -0.311902, 0.0, 0.0, 0.0, 1.0], "scale": 0.884, "type": "italy_boulder_3"}
{"ctxid": 0, "pos": [-1982.955, 1926.726, 423.117], "rotationMatrix": [0.999958, 0.009183, 0.0, -0.009183, 0.999958, 0.0, 0.0, 0.0, 1.0], "scale": 0.943, "type": "italy_boulder_3"}
{"ctxid": 0, "pos": [-1883.346, 1768.032, 419.135], "rotationMatrix": [0.612424, -0.790529, 0.0, 0.790529, 0.612424, 0.0, 0.0, 0.0, 1.0], "scale": 1.088, "type": "italy_boulder_3"}
{"ctxid": 0, "pos": [-1886.99, 1888.76, 423.117], "rotationMatrix": [0.666104, -0.745859, 0.0, 0.745859, 0.666104, 0.0, 0.0, 0.0, 1.0], "scale": 1.21, "type": "italy_boulder_3"}
{"ctxid": 0, "pos": [-1793.68, 3010.792, 356.337], "rotationMatrix": [-0.389574, -0.920995, 0.0, 0.920995, -0.389574, 0.0, 0.0, 0.0, 1.0], "scale": 0.821, "type": "italy_boulder_3"}
{"ctxid": 0, "pos": [-1759.011, 3073.959, 356.337], "rotationMatrix": [-0.488267, -0.872694, 0.0, 0.872694, -0.488267, 0.0, 0.0, 0.0, 1.0], "scale": 1.171, "type": "italy_boulder_3"}
{"ctxid": 0, "pos": [-1781.879, 3129.583, 356.337], "rotationMatrix": [0.311047, 0.950394, 0.0, -0.950394, 0.311047, 0.0, 0.0, 0.0, 1.0], "scale": 0.774, "type": "italy_boulder_3"}
{"ctxid": 0, "pos": [-1715.039, 3147.688, 356.337], "rotationMatrix": [-0.161378, -0.986893, 0.0, 0.986893, -0.161378, 0.0, 0.0, 0.0, 1.0], "scale": 0.739, "type": "italy_boulder_3"}
{"ctxid": 0, "pos": [-1697.819, 3088.405, 349.315], "rotationMatrix": [0.939613, -0.342238, 0.0, 0.342238, 0.939613, 0.0, 0.0, 0.0, 1.0], "scale": 0.904, "type": "italy_boulder_3"}
{"ctxid": 0, "pos": [-1575.101, 3045.148, 360.999], "rotationMatrix": [-0.458602, 0.888642, 0.0, -0.888642, -0.458602, 0.0, 0.0, 0.0, 1.0], "scale": 1.221, "type": "italy_boulder_3"}
{"ctxid": 0, "pos": [-1481.268, 3004.339, 364.248], "rotationMatrix": [-0.725721, 0.687989, 0.0, -0.687989, -0.725721, 0.0, 0.0, 0.0, 1.0], "scale": 1.15, "type": "italy_boulder_3"}
{"ctxid": 0, "pos": [-398.691, 2837.002, 364.846], "rotationMatrix": [-0.705591, 0.708619, 0.0, -0.708619, -0.705591, 0.0, 0.0, 0.0, 1.0], "scale": 1.282, "type": "italy_boulder_3"}
{"ctxid": 0, "pos": [-376.538, 2540.652, 351.593], "rotationMatrix": [0.936775, -0.349933, 0.0, 0.349933, 0.936775, 0.0, 0.0, 0.0, 1.0], "scale": 1.251, "type": "italy_boulder_3"}
{"ctxid": 0, "pos": [-374.928, 2656.839, 351.593], "rotationMatrix": [-0.086036, -0.996292, 0.0, 0.996292, -0.086036, 0.0, 0.0, 0.0, 1.0], "scale": 0.931, "type": "italy_boulder_3"}
{"ctxid": 0, "pos": [-375.949, 2716.086, 364.94], "rotationMatrix": [-0.492627, -0.87024, 0.0, 0.87024, -0.492627, 0.0, 0.0, 0.0, 1.0], "scale": 0.78, "type": "italy_boulder_3"}
{"ctxid": 0, "pos": [-227.126, 2660.79, 351.593], "rotationMatrix": [0.429179, 0.903219, 0.0, -0.903219, 0.429179, 0.0, 0.0, 0.0, 1.0], "scale": 0.726, "type": "italy_boulder_3"}
{"ctxid": 0, "pos": [-181.805, 3209.315, 364.475], "rotationMatrix": [0.997488, -0.070842, 0.0, 0.070842, 0.997488, 0.0, 0.0, 0.0, 1.0], "scale": 0.722, "type": "italy_boulder_3"}
{"ctxid": 0, "pos": [-133.105, 3031.766, 364.846], "rotationMatrix": [0.879105, -0.476629, 0.0, 0.476629, 0.879105, 0.0, 0.0, 0.0, 1.0], "scale": 0.876, "type": "italy_boulder_3"}
{"ctxid": 0, "pos": [-55.305, 3052.93, 364.846], "rotationMatrix": [0.001741, -0.999998, 0.0, 0.999998, 0.001741, 0.0, 0.0, 0.0, 1.0], "scale": 0.722, "type": "italy_boulder_3"}
{"ctxid": 0, "pos": [-239.113, 3225.311, 364.475], "rotationMatrix": [-0.609366, -0.792889, 0.0, 0.792889, -0.609366, 0.0, 0.0, 0.0, 1.0], "scale": 0.868, "type": "italy_boulder_3"}
{"ctxid": 0, "pos": [-126.979, 3258.148, 364.475], "rotationMatrix": [0.528606, 0.848867, 0.0, -0.848867, 0.528606, 0.0, 0.0, 0.0, 1.0], "scale": 0.942, "type": "italy_boulder_3"}
{"ctxid": 0, "pos": [-1097.726, 2141.553, 369.184], "rotationMatrix": [-0.999642, -0.026738, 0.0, 0.026738, -0.999642, 0.0, 0.0, 0.0, 1.0], "scale": 1.066, "type": "italy_boulder_3"}
{"ctxid": 0, "pos": [-997.012, 2198.811, 351.593], "rotationMatrix": [0.999905, -0.013761, 0.0, 0.013761, 0.999905, 0.0, 0.0, 0.0, 1.0], "scale": 1.048, "type": "italy_boulder_3"}
{"ctxid": 0, "pos": [-910.395, 2173.702, 351.593], "rotationMatrix": [0.986836, -0.161726, 0.0, 0.161726, 0.986836, 0.0, 0.0, 0.0, 1.0], "scale": 1.064, "type": "italy_boulder_3"}
{"ctxid": 0, "pos": [947.689, 773.653, 76.779], "rotationMatrix": [-0.828787, -0.559564, 0.0, 0.559564, -0.828787, 0.0, 0.0, 0.0, 1.0], "scale": 0.718, "type": "italy_boulder_3"}
{"ctxid": 0, "pos": [979.026, 849.955, 76.779], "rotationMatrix": [-0.713756, -0.700394, 0.0, 0.700394, -0.713756, 0.0, 0.0, 0.0, 1.0], "scale": 0.933, "type": "italy_boulder_3"}
{"ctxid": 0, "pos": [401.236, -152.192, 41.454], "rotationMatrix": [0.764249, 0.644921, 0.0, -0.644921, 0.764249, 0.0, 0.0, 0.0, 1.0], "scale": 0.759, "type": "italy_boulder_3"}
{"ctxid": 0, "pos": [566.538, -45.914, 55.336], "rotationMatrix": [0.491514, -0.87087, 0.0, 0.87087, 0.491514, 0.0, 0.0, 0.0, 1.0], "scale": 0.969, "type": "italy_boulder_3"}
{"ctxid": 0, "pos": [897.754, 487.712, 32.225], "rotationMatrix": [-0.579235, 0.81516, 0.0, -0.81516, -0.579235, 0.0, 0.0, 0.0, 1.0], "scale": 1.148, "type": "italy_boulder_3"}
{"ctxid": 0, "pos": [1063.886, 474.506, 75.286], "rotationMatrix": [-0.995837, 0.091147, 0.0, -0.091147, -0.995837, 0.0, 0.0, 0.0, 1.0], "scale": 1.235, "type": "italy_boulder_3"}
{"ctxid": 0, "pos": [1171.138, 667.032, 75.286], "rotationMatrix": [-0.358596, 0.933493, 0.0, -0.933493, -0.358596, 0.0, 0.0, 0.0, 1.0], "scale": 0.79, "type": "italy_boulder_3"}
{"ctxid": 0, "pos": [397.408, 3721.08, 364.475], "rotationMatrix": [-0.916181, 0.400764, 0.0, -0.400764, -0.916181, 0.0, 0.0, 0.0, 1.0], "scale": 1.026, "type": "italy_boulder_3"}
{"ctxid": 0, "pos": [500.876, 3839.299, 364.025], "rotationMatrix": [0.771996, 0.635627, 0.0, -0.635627, 0.771996, 0.0, 0.0, 0.0, 1.0], "scale": 0.873, "type": "italy_boulder_3"}
{"ctxid": 0, "pos": [620.031, 3601.707, 364.475], "rotationMatrix": [0.992151, 0.125043, 0.0, -0.125043, 0.992151, 0.0, 0.0, 0.0, 1.0], "scale": 0.776, "type": "italy_boulder_3"}
{"ctxid": 0, "pos": [581.558, 3741.975, 364.475], "rotationMatrix": [0.86261, 0.505869, 0.0, -0.505869, 0.86261, 0.0, 0.0, 0.0, 1.0], "scale": 1.127, "type": "italy_boulder_3"}
{"ctxid": 0, "pos": [181.346, 3512.358, 364.475], "rotationMatrix": [-0.779712, -0.626139, 0.0, 0.626139, -0.779712, 0.0, 0.0, 0.0, 1.0], "scale": 0.86, "type": "italy_boulder_3"}
{"ctxid": 0, "pos": [169.756, 3765.808, 364.025], "rotationMatrix": [0.157791, 0.987472, 0.0, -0.987472, 0.157791, 0.0, 0.0, 0.0, 1.0], "scale": 1.11, "type": "italy_boulder_3"}
{"ctxid": 0, "pos": [198.047, 3764.742, 364.025], "rotationMatrix": [0.999015, -0.044384, 0.0, 0.044384, 0.999015, 0.0, 0.0, 0.0, 1.0], "scale": 1.008, "type": "italy_boulder_3"}
{"ctxid": 0, "pos": [272.467, 3728.497, 364.025], "rotationMatrix": [-0.869065, -0.494698, 0.0, 0.494698, -0.869065, 0.0, 0.0, 0.0, 1.0], "scale": 0.81, "type": "italy_boulder_3"}
{"ctxid": 0, "pos": [283.773, 3516.854, 364.475], "rotationMatrix": [-0.417654, -0.908606, 0.0, 0.908606, -0.417654, 0.0, 0.0, 0.0, 1.0], "scale": 1.238, "type": "italy_boulder_3"}
{"ctxid": 0, "pos": [329.223, 3722.318, 364.025], "rotationMatrix": [-0.544668, -0.838651, 0.0, 0.838651, -0.544668, 0.0, 0.0, 0.0, 1.0], "scale": 0.768, "type": "italy_boulder_3"}
{"ctxid": 0, "pos": [149.222, 3396.254, 364.475], "rotationMatrix": [-0.669612, -0.742711, 0.0, 0.742711, -0.669612, 0.0, 0.0, 0.0, 1.0], "scale": 1.111, "type": "italy_boulder_3"}
{"ctxid": 0, "pos": [133.486, 3464.603, 364.475], "rotationMatrix": [0.87886, -0.47708, 0.0, 0.47708, 0.87886, 0.0, 0.0, 0.0, 1.0], "scale": 0.952, "type": "italy_boulder_3"}
{"ctxid": 0, "pos": [204.745, 3294.45, 364.846], "rotationMatrix": [0.577962, 0.816064, 0.0, -0.816064, 0.577962, 0.0, 0.0, 0.0, 1.0], "scale": 1.286, "type": "italy_boulder_3"}
{"ctxid": 0, "pos": [222.921, 3556.59, 364.475], "rotationMatrix": [-0.977774, 0.209663, 0.0, -0.209663, -0.977774, 0.0, 0.0, 0.0, 1.0], "scale": 0.723, "type": "italy_boulder_3"}
{"ctxid": 0, "pos": [284.856, 3577.005, 364.475], "rotationMatrix": [-0.310519, 0.950567, 0.0, -0.950567, -0.310519, 0.0, 0.0, 0.0, 1.0], "scale": 0.876, "type": "italy_boulder_3"}
{"ctxid": 0, "pos": [827.278, 5315.33, 366.011], "rotationMatrix": [-0.123473, -0.992348, 0.0, 0.992348, -0.123473, 0.0, 0.0, 0.0, 1.0], "scale": 0.701, "type": "italy_boulder_3"}
{"ctxid": 0, "pos": [861.516, 5373.068, 366.011], "rotationMatrix": [-0.815782, 0.578359, 0.0, -0.578359, -0.815782, 0.0, 0.0, 0.0, 1.0], "scale": 0.916, "type": "italy_boulder_3"}
{"ctxid": 0, "pos": [1084.873, 5239.604, 365.004], "rotationMatrix": [0.869452, 0.494017, 0.0, -0.494017, 0.869452, 0.0, 0.0, 0.0, 1.0], "scale": 0.846, "type": "italy_boulder_3"}
{"ctxid": 0, "pos": [189.695, 4045.619, 364.04], "rotationMatrix": [0.937836, -0.347078, 0.0, 0.347078, 0.937836, 0.0, 0.0, 0.0, 1.0], "scale": 1.162, "type": "italy_boulder_3"}
{"ctxid": 0, "pos": [197.802, 4126.672, 364.654], "rotationMatrix": [-0.887842, -0.460148, 0.0, 0.460148, -0.887842, 0.0, 0.0, 0.0, 1.0], "scale": 0.87, "type": "italy_boulder_3"}
{"ctxid": 0, "pos": [238.923, 4103.65, 364.04], "rotationMatrix": [0.24982, -0.968292, 0.0, 0.968292, 0.24982, 0.0, 0.0, 0.0, 1.0], "scale": 1.109, "type": "italy_boulder_3"}
{"ctxid": 0, "pos": [372.311, 3971.523, 364.025], "rotationMatrix": [-0.390267, -0.920702, 0.0, 0.920702, -0.390267, 0.0, 0.0, 0.0, 1.0], "scale": 0.905, "type": "italy_boulder_3"}
{"ctxid": 0, "pos": [422.901, 4033.897, 364.04], "rotationMatrix": [0.85632, -0.516445, 0.0, 0.516445, 0.85632, 0.0, 0.0, 0.0, 1.0], "scale": 1.172, "type": "italy_boulder_3"}
{"ctxid": 0, "pos": [469.969, 3970.06, 364.025], "rotationMatrix": [0.128923, 0.991655, 0.0, -0.991655, 0.128923, 0.0, 0.0, 0.0, 1.0], "scale": 0.857, "type": "italy_boulder_3"}
{"ctxid": 0, "pos": [478.309, 4226.066, 364.04], "rotationMatrix": [-0.972679, -0.232153, 0.0, 0.232153, -0.972679, 0.0, 0.0, 0.0, 1.0], "scale": 0.777, "type": "italy_boulder_3"}
