{"ctxid": 0, "pos": [-360.223, 3528.572, 364.14], "rotationMatrix": [-0.017135, 0.999853, 0.0, -0.999853, -0.017135, 0.0, 0.0, 0.0, 1.0], "scale": 1.0, "type": "italy_wall_stone_short"}
{"ctxid": 0, "pos": [-360.352, 3521.073, 364.14], "rotationMatrix": [-0.017135, 0.999853, 0.0, -0.999853, -0.017135, 0.0, 0.0, 0.0, 1.0], "scale": 1.0, "type": "italy_wall_stone_short"}
{"ctxid": 0, "pos": [-3482.149, 4746.756, 621.612], "rotationMatrix": [-0.707412, 0.706802, 0.0, -0.706802, -0.707412, 0.0, 0.0, 0.0, 1.0], "scale": 1.0, "type": "italy_wall_stone_short"}
{"ctxid": 0, "pos": [-3483.917, 4744.989, 620.461], "rotationMatrix": [-0.707412, 0.706802, 0.0, -0.706802, -0.707412, 0.0, 0.0, 0.0, 1.0], "scale": 1.0, "type": "italy_wall_stone_short"}
{"ctxid": 0, "pos": [-3487.454, 4741.455, 618.158], "rotationMatrix": [-0.707412, 0.706802, 0.0, -0.706802, -0.707412, 0.0, 0.0, 0.0, 1.0], "scale": 1.0, "type": "italy_wall_stone_short"}
{"ctxid": 0, "pos": [-3489.223, 4739.688, 617.007], "rotationMatrix": [-0.707412, 0.706802, 0.0, -0.706802, -0.707412, 0.0, 0.0, 0.0, 1.0], "scale": 1.0, "type": "italy_wall_stone_short"}
{"ctxid": 0, "pos": [-3737.353, 4679.7, 576.608], "rotationMatrix": [-0.991372, 0.131081, 0.0, -0.131081, -0.991372, 0.0, 0.0, 0.0, 1.0], "scale": 1.0, "type": "italy_wall_stone_short"}
{"ctxid": 0, "pos": [-3744.789, 4678.717, 575.167], "rotationMatrix": [-0.991372, 0.131081, 0.0, -0.131081, -0.991372, 0.0, 0.0, 0.0, 1.0], "scale": 1.0, "type": "italy_wall_stone_short"}
{"ctxid": 0, "pos": [-3707.072, 4734.885, 592.313], "rotationMatrix": [-0.395726, 0.918369, 0.0, -0.918369, -0.395726, 0.0, 0.0, 0.0, 1.0], "scale": 1.0, "type": "italy_wall_stone_short"}
{"ctxid": 0, "pos": [-3708.061, 4732.589, 591.935], "rotationMatrix": [-0.395726, 0.918369, 0.0, -0.918369, -0.395726, 0.0, 0.0, 0.0, 1.0], "scale": 1.0, "type": "italy_wall_stone_short"}
{"ctxid": 0, "pos": [-3709.051, 4730.293, 591.558], "rotationMatrix": [-0.395726, 0.918369, 0.0, -0.918369, -0.395726, 0.0, 0.0, 0.0, 1.0], "scale": 1.0, "type": "italy_wall_stone_short"}
{"ctxid": 0, "pos": [-3710.04, 4727.997, 591.18], "rotationMatrix": [-0.395726, 0.918369, 0.0, -0.918369, -0.395726, 0.0, 0.0, 0.0, 1.0], "scale": 1.0, "type": "italy_wall_stone_short"}
{"ctxid": 0, "pos": [499.874, 22.397, 60.251], "rotationMatrix": [-0.995256, -0.097293, 0.0, 0.097293, -0.995256, 0.0, 0.0, 0.0, 1.0], "scale": 1.0, "type": "italy_wall_stone_short"}
{"ctxid": 0, "pos": [497.386, 22.64, 60.314], "rotationMatrix": [-0.995256, -0.097293, 0.0, 0.097293, -0.995256, 0.0, 0.0, 0.0, 1.0], "scale": 1.0, "type": "italy_wall_stone_short"}
{"ctxid": 0, "pos": [494.898, 22.883, 60.4], "rotationMatrix": [-0.995256, -0.097293, 0.0, 0.097293, -0.995256, 0.0, 0.0, 0.0, 1.0], "scale": 1.0, "type": "italy_wall_stone_short"}
{"ctxid": 0, "pos": [3594.732, 3589.445, 76.879], "rotationMatrix": [-0.232786, 0.972528, 0.0, -0.972528, -0.232786, 0.0, 0.0, 0.0, 1.0], "scale": 1.0, "type": "italy_wall_stone_short"}
{"ctxid": 0, "pos": [3594.15, 3587.014, 76.879], "rotationMatrix": [-0.232786, 0.972528, 0.0, -0.972528, -0.232786, 0.0, 0.0, 0.0, 1.0], "scale": 1.0, "type": "italy_wall_stone_short"}
{"ctxid": 0, "pos": [3593.568, 3584.582, 76.879], "rotationMatrix": [-0.232786, 0.972528, 0.0, -0.972528, -0.232786, 0.0, 0.0, 0.0, 1.0], "scale": 1.0, "type": "italy_wall_stone_short"}
{"ctxid": 0, "pos": [-3237.329, 760.644, 319.51], "rotationMatrix": [-0.997972, -0.063659, 0.0, 0.063659, -0.997972, 0.0, 0.0, 0.0, 1.0], "scale": 1.0, "type": "italy_wall_stone_short"}
{"ctxid": 0, "pos": [-3239.824, 760.804, 319.51], "rotationMatrix": [-0.997972, -0.063659, 0.0, 0.063659, -0.997972, 0.0, 0.0, 0.0, 1.0], "scale": 1.0, "type": "italy_wall_stone_short"}
{"ctxid": 0, "pos": [-3289.718, 791.667, 367.065], "rotationMatrix": [-0.12986, 0.991532, 0.0, -0.991532, -0.12986, 0.0, 0.0, 0.0, 1.0], "scale": 1.0, "type": "italy_wall_stone_short"}
{"ctxid": 0, "pos": [-3290.368, 786.71, 367.065], "rotationMatrix": [-0.12986, 0.991532, 0.0, -0.991532, -0.12986, 0.0, 0.0, 0.0, 1.0], "scale": 1.0, "type": "italy_wall_stone_short"}
{"ctxid": 0, "pos": [-3263.721, 791.675, 367.065], "rotationMatrix": [-0.376789, 0.926299, 0.0, -0.926299, -0.376789, 0.0, 0.0, 0.0, 1.0], "scale": 1.0, "type": "italy_wall_stone_short"}
{"ctxid": 0, "pos": [-3264.663, 789.359, 367.065], "rotationMatrix": [-0.376789, 0.926299, 0.0, -0.926299, -0.376789, 0.0, 0.0, 0.0, 1.0], "scale": 1.0, "type": "italy_wall_stone_short"}
{"ctxid": 0, "pos": [-3265.605, 787.044, 367.065], "rotationMatrix": [-0.376789, 0.926299, 0.0, -0.926299, -0.376789, 0.0, 0.0, 0.0, 1.0], "scale": 1.0, "type": "italy_wall_stone_short"}
{"ctxid": 0, "pos": [-3207.692, 773.713, 319.51], "rotationMatrix": [-0.01415, -0.9999, 0.0, 0.9999, -0.01415, 0.0, 0.0, 0.0, 1.0], "scale": 1.0, "type": "italy_wall_stone_short"}
{"ctxid": 0, "pos": [-3207.728, 776.212, 319.51], "rotationMatrix": [-0.01415, -0.9999, 0.0, 0.9999, -0.01415, 0.0, 0.0, 0.0, 1.0], "scale": 1.0, "type": "italy_wall_stone_short"}
{"ctxid": 0, "pos": [-3206.664, 760.522, 319.51], "rotationMatrix": [-0.947357, -0.32018, 0.0, 0.32018, -0.947357, 0.0, 0.0, 0.0, 1.0], "scale": 1.0, "type": "italy_wall_stone_short"}
{"ctxid": 0, "pos": [-3211.401, 762.123, 319.51], "rotationMatrix": [-0.947357, -0.32018, 0.0, 0.32018, -0.947357, 0.0, 0.0, 0.0, 1.0], "scale": 1.0, "type": "italy_wall_stone_short"}
{"ctxid": 0, "pos": [-3207.349, 847.834, 367.065], "rotationMatrix": [-0.974829, 0.222955, 0.0, -0.222955, -0.974829, 0.0, 0.0, 0.0, 1.0], "scale": 1.0, "type": "italy_wall_stone_short"}
{"ctxid": 0, "pos": [-3237.177, 788.073, 367.065], "rotationMatrix": [-0.862091, -0.506754, 0.0, 0.506754, -0.862091, 0.0, 0.0, 0.0, 1.0], "scale": 1.0, "type": "italy_wall_stone_short"}
{"ctxid": 0, "pos": [-3239.332, 789.34, 367.065], "rotationMatrix": [-0.862091, -0.506754, 0.0, 0.506754, -0.862091, 0.0, 0.0, 0.0, 1.0], "scale": 1.0, "type": "italy_wall_stone_short"}
{"ctxid": 0, "pos": [-3241.488, 790.607, 367.065], "rotationMatrix": [-0.862091, -0.506754, 0.0, 0.506754, -0.862091, 0.0, 0.0, 0.0, 1.0], "scale": 1.0, "type": "italy_wall_stone_short"}
{"ctxid": 0, "pos": [-3260.776, 756.258, 319.51], "rotationMatrix": [-0.253474, -0.967342, 0.0, 0.967342, -0.253474, 0.0, 0.0, 0.0, 1.0], "scale": 1.0, "type": "italy_wall_stone_short"}
{"ctxid": 0, "pos": [-3262.677, 763.513, 319.51], "rotationMatrix": [-0.253474, -0.967342, 0.0, 0.967342, -0.253474, 0.0, 0.0, 0.0, 1.0], "scale": 1.0, "type": "italy_wall_stone_short"}
{"ctxid": 0, "pos": [-3265.543, 747.53, 319.51], "rotationMatrix": [-0.998216, -0.059705, 0.0, 0.059705, -0.998216, 0.0, 0.0, 0.0, 1.0], "scale": 1.0, "type": "italy_wall_stone_short"}
{"ctxid": 0, "pos": [-3280.22, 769.642, 367.065], "rotationMatrix": [-0.118673, 0.992933, 0.0, -0.992933, -0.118673, 0.0, 0.0, 0.0, 1.0], "scale": 1.0, "type": "italy_wall_stone_short"}
{"ctxid": 0, "pos": [-3280.517, 767.16, 367.065], "rotationMatrix": [-0.118673, 0.992933, 0.0, -0.992933, -0.118673, 0.0, 0.0, 0.0, 1.0], "scale": 1.0, "type": "italy_wall_stone_short"}
{"ctxid": 0, "pos": [-3280.814, 764.677, 367.065], "rotationMatrix": [-0.118673, 0.992933, 0.0, -0.992933, -0.118673, 0.0, 0.0, 0.0, 1.0], "scale": 1.0, "type": "italy_wall_stone_short"}
{"ctxid": 0, "pos": [-3437.585, 810.167, 367.065], "rotationMatrix": [-0.564529, 0.825413, 0.0, -0.825413, -0.564529, 0.0, 0.0, 0.0, 1.0], "scale": 1.0, "type": "italy_wall_stone_short"}
{"ctxid": 0, "pos": [-3438.996, 808.104, 367.065], "rotationMatrix": [-0.564529, 0.825413, 0.0, -0.825413, -0.564529, 0.0, 0.0, 0.0, 1.0], "scale": 1.0, "type": "italy_wall_stone_short"}
{"ctxid": 0, "pos": [-3143.711, 765.249, 317.022], "rotationMatrix": [-0.306482, -0.951876, 0.0, 0.951876, -0.306482, 0.0, 0.0, 0.0, 1.0], "scale": 1.0, "type": "italy_wall_stone_short"}
{"ctxid": 0, "pos": [-3145.243, 770.008, 317.022], "rotationMatrix": [-0.306482, -0.951876, 0.0, 0.951876, -0.306482, 0.0, 0.0, 0.0, 1.0], "scale": 1.0, "type": "italy_wall_stone_short"}
{"ctxid": 0, "pos": [-3146.009, 772.388, 319.51], "rotationMatrix": [-0.306482, -0.951876, 0.0, 0.951876, -0.306482, 0.0, 0.0, 0.0, 1.0], "scale": 1.0, "type": "italy_wall_stone_short"}
{"ctxid": 0, "pos": [-3177.795, 719.607, 317.022], "rotationMatrix": [-0.772242, 0.635328, 0.0, -0.635328, -0.772242, 0.0, 0.0, 0.0, 1.0], "scale": 1.0, "type": "italy_wall_stone_short"}
{"ctxid": 0, "pos": [-3183.587, 714.842, 317.022], "rotationMatrix": [-0.772242, 0.635328, 0.0, -0.635328, -0.772242, 0.0, 0.0, 0.0, 1.0], "scale": 1.0, "type": "italy_wall_stone_short"}
{"ctxid": 0, "pos": [-3185.518, 713.254, 317.022], "rotationMatrix": [-0.772242, 0.635328, 0.0, -0.635328, -0.772242, 0.0, 0.0, 0.0, 1.0], "scale": 1.0, "type": "italy_wall_stone_short"}
{"ctxid": 0, "pos": [-3179.865, 788.899, 319.51], "rotationMatrix": [-0.391333, -0.920249, 0.0, 0.920249, -0.391333, 0.0, 0.0, 0.0, 1.0], "scale": 1.0, "type": "italy_wall_stone_short"}
{"ctxid": 0, "pos": [-3183.778, 798.101, 319.51], "rotationMatrix": [-0.391333, -0.920249, 0.0, 0.920249, -0.391333, 0.0, 0.0, 0.0, 1.0], "scale": 1.0, "type": "italy_wall_stone_short"}
{"ctxid": 0, "pos": [-3127.054, 781.405, 319.51], "rotationMatrix": [-0.522301, 0.852761, 0.0, -0.852761, -0.522301, 0.0, 0.0, 0.0, 1.0], "scale": 1.0, "type": "italy_wall_stone_short"}
{"ctxid": 0, "pos": [-3129.666, 777.141, 319.51], "rotationMatrix": [-0.522301, 0.852761, 0.0, -0.852761, -0.522301, 0.0, 0.0, 0.0, 1.0], "scale": 1.0, "type": "italy_wall_stone_short"}
{"ctxid": 0, "pos": [-3118.315, 600.622, 317.022], "rotationMatrix": [-0.573962, -0.818882, 0.0, 0.818882, -0.573962, 0.0, 0.0, 0.0, 1.0], "scale": 1.0, "type": "italy_wall_stone_short"}
{"ctxid": 0, "pos": [-3119.75, 602.67, 317.022], "rotationMatrix": [-0.573962, -0.818882, 0.0, 0.818882, -0.573962, 0.0, 0.0, 0.0, 1.0], "scale": 1.0, "type": "italy_wall_stone_short"}
{"ctxid": 0, "pos": [-3078.337, 715.974, 317.022], "rotationMatrix": [-0.999988, 0.004937, 0.0, -0.004937, -0.999988, 0.0, 0.0, 0.0, 1.0], "scale": 1.0, "type": "italy_wall_stone_short"}
{"ctxid": 0, "pos": [-3055.467, 728.855, 317.022], "rotationMatrix": [-0.046328, 0.998926, 0.0, -0.998926, -0.046328, 0.0, 0.0, 0.0, 1.0], "scale": 1.0, "type": "italy_wall_stone_short"}
{"ctxid": 0, "pos": [-3082.379, 741.514, 317.022], "rotationMatrix": [-0.024636, -0.999696, 0.0, 0.999696, -0.024636, 0.0, 0.0, 0.0, 1.0], "scale": 1.0, "type": "italy_wall_stone_short"}
{"ctxid": 0, "pos": [-3082.441, 744.013, 317.022], "rotationMatrix": [-0.024636, -0.999696, 0.0, 0.999696, -0.024636, 0.0, 0.0, 0.0, 1.0], "scale": 1.0, "type": "italy_wall_stone_short"}
{"ctxid": 0, "pos": [-3084.241, 728.055, 317.022], "rotationMatrix": [-0.985116, 0.171893, 0.0, -0.171893, -0.985116, 0.0, 0.0, 0.0, 1.0], "scale": 1.0, "type": "italy_wall_stone_short"}
{"ctxid": 0, "pos": [-3370.319, 765.459, 367.065], "rotationMatrix": [-0.549984, 0.835175, 0.0, -0.835175, -0.549984, 0.0, 0.0, 0.0, 1.0], "scale": 1.0, "type": "italy_wall_stone_short"}
{"ctxid": 0, "pos": [-3371.694, 763.371, 367.065], "rotationMatrix": [-0.549984, 0.835175, 0.0, -0.835175, -0.549984, 0.0, 0.0, 0.0, 1.0], "scale": 1.0, "type": "italy_wall_stone_short"}
{"ctxid": 0, "pos": [-3373.069, 761.283, 367.065], "rotationMatrix": [-0.549984, 0.835175, 0.0, -0.835175, -0.549984, 0.0, 0.0, 0.0, 1.0], "scale": 1.0, "type": "italy_wall_stone_short"}
{"ctxid": 0, "pos": [-3374.444, 759.195, 367.065], "rotationMatrix": [-0.549984, 0.835175, 0.0, -0.835175, -0.549984, 0.0, 0.0, 0.0, 1.0], "scale": 1.0, "type": "italy_wall_stone_short"}
{"ctxid": 0, "pos": [-3089.888, 760.143, 317.022], "rotationMatrix": [-0.075412, 0.997152, 0.0, -0.997152, -0.075412, 0.0, 0.0, 0.0, 1.0], "scale": 1.0, "type": "italy_wall_stone_short"}
{"ctxid": 0, "pos": [-2986.405, 1073.822, 367.065], "rotationMatrix": [-0.348565, 0.937285, 0.0, -0.937285, -0.348565, 0.0, 0.0, 0.0, 1.0], "scale": 1.0, "type": "italy_wall_stone_short"}
{"ctxid": 0, "pos": [-2988.148, 1069.136, 367.065], "rotationMatrix": [-0.348565, 0.937285, 0.0, -0.937285, -0.348565, 0.0, 0.0, 0.0, 1.0], "scale": 1.0, "type": "italy_wall_stone_short"}
{"ctxid": 0, "pos": [-2989.019, 1066.793, 367.065], "rotationMatrix": [-0.348565, 0.937285, 0.0, -0.937285, -0.348565, 0.0, 0.0, 0.0, 1.0], "scale": 1.0, "type": "italy_wall_stone_short"}
{"ctxid": 0, "pos": [-3056.272, 1065.096, 367.065], "rotationMatrix": [-0.469948, -0.882694, 0.0, 0.882694, -0.469948, 0.0, 0.0, 0.0, 1.0], "scale": 1.0, "type": "italy_wall_stone_short"}
{"ctxid": 0, "pos": [-3057.447, 1067.303, 367.065], "rotationMatrix": [-0.469948, -0.882694, 0.0, 0.882694, -0.469948, 0.0, 0.0, 0.0, 1.0], "scale": 1.0, "type": "italy_wall_stone_short"}
{"ctxid": 0, "pos": [-3109.601, 1037.423, 367.065], "rotationMatrix": [-0.606968, -0.794726, 0.0, 0.794726, -0.606968, 0.0, 0.0, 0.0, 1.0], "scale": 1.0, "type": "italy_wall_stone_short"}
{"ctxid": 0, "pos": [-3111.118, 1039.409, 367.065], "rotationMatrix": [-0.606968, -0.794726, 0.0, 0.794726, -0.606968, 0.0, 0.0, 0.0, 1.0], "scale": 1.0, "type": "italy_wall_stone_short"}
{"ctxid": 0, "pos": [-3114.153, 1043.383, 367.065], "rotationMatrix": [-0.606968, -0.794726, 0.0, 0.794726, -0.606968, 0.0, 0.0, 0.0, 1.0], "scale": 1.0, "type": "italy_wall_stone_short"}
{"ctxid": 0, "pos": [-3012.091, 1035.056, 367.065], "rotationMatrix": [-0.54363, 0.839325, 0.0, -0.839325, -0.54363, 0.0, 0.0, 0.0, 1.0], "scale": 1.0, "type": "italy_wall_stone_short"}
{"ctxid": 0, "pos": [-3013.45, 1032.958, 367.065], "rotationMatrix": [-0.54363, 0.839325, 0.0, -0.839325, -0.54363, 0.0, 0.0, 0.0, 1.0], "scale": 1.0, "type": "italy_wall_stone_short"}
{"ctxid": 0, "pos": [-3014.809, 1030.86, 367.065], "rotationMatrix": [-0.54363, 0.839325, 0.0, -0.839325, -0.54363, 0.0, 0.0, 0.0, 1.0], "scale": 1.0, "type": "italy_wall_stone_short"}
{"ctxid": 0, "pos": [-3113.795, 1010.232, 367.065], "rotationMatrix": [-0.990935, -0.13434, 0.0, 0.13434, -0.990935, 0.0, 0.0, 0.0, 1.0], "scale": 1.0, "type": "italy_wall_stone_short"}
{"ctxid": 0, "pos": [-3116.272, 1010.568, 367.065], "rotationMatrix": [-0.990935, -0.13434, 0.0, 0.13434, -0.990935, 0.0, 0.0, 0.0, 1.0], "scale": 1.0, "type": "italy_wall_stone_short"}
{"ctxid": 0, "pos": [-3061.226, 889.907, 367.065], "rotationMatrix": [-0.905064, 0.425275, 0.0, -0.425275, -0.905064, 0.0, 0.0, 0.0, 1.0], "scale": 1.0, "type": "italy_wall_stone_short"}
{"ctxid": 0, "pos": [-3063.489, 888.844, 367.065], "rotationMatrix": [-0.905064, 0.425275, 0.0, -0.425275, -0.905064, 0.0, 0.0, 0.0, 1.0], "scale": 1.0, "type": "italy_wall_stone_short"}
{"ctxid": 0, "pos": [-3068.014, 886.717, 367.065], "rotationMatrix": [-0.905064, 0.425275, 0.0, -0.425275, -0.905064, 0.0, 0.0, 0.0, 1.0], "scale": 1.0, "type": "italy_wall_stone_short"}
{"ctxid": 0, "pos": [-3058.439, 860.501, 319.51], "rotationMatrix": [-0.978201, 0.207662, 0.0, -0.207662, -0.978201, 0.0, 0.0, 0.0, 1.0], "scale": 1.0, "type": "italy_wall_stone_short"}
{"ctxid": 0, "pos": [-3060.885, 859.982, 319.51], "rotationMatrix": [-0.978201, 0.207662, 0.0, -0.207662, -0.978201, 0.0, 0.0, 0.0, 1.0], "scale": 1.0, "type": "italy_wall_stone_short"}
{"ctxid": 0, "pos": [-3028.281, 844.034, 319.51], "rotationMatrix": [-0.605931, 0.795517, 0.0, -0.795517, -0.605931, 0.0, 0.0, 0.0, 1.0], "scale": 1.0, "type": "italy_wall_stone_short"}
{"ctxid": 0, "pos": [-3095.3, 839.711, 319.51], "rotationMatrix": [-0.997763, 0.066854, 0.0, -0.066854, -0.997763, 0.0, 0.0, 0.0, 1.0], "scale": 1.0, "type": "italy_wall_stone_short"}
{"ctxid": 0, "pos": [-3097.794, 839.544, 319.51], "rotationMatrix": [-0.997763, 0.066854, 0.0, -0.066854, -0.997763, 0.0, 0.0, 0.0, 1.0], "scale": 1.0, "type": "italy_wall_stone_short"}
{"ctxid": 0, "pos": [-2992.093, 813.934, 317.022], "rotationMatrix": [-0.965113, -0.261834, 0.0, 0.261834, -0.965113, 0.0, 0.0, 0.0, 1.0], "scale": 1.0, "type": "italy_wall_stone_short"}
{"ctxid": 0, "pos": [-3521.029, 531.221, 317.022], "rotationMatrix": [-0.182796, -0.983151, 0.0, 0.983151, -0.182796, 0.0, 0.0, 0.0, 1.0], "scale": 1.0, "type": "italy_wall_stone_short"}
{"ctxid": 0, "pos": [-3521.486, 533.679, 317.022], "rotationMatrix": [-0.182796, -0.983151, 0.0, 0.983151, -0.182796, 0.0, 0.0, 0.0, 1.0], "scale": 1.0, "type": "italy_wall_stone_short"}
{"ctxid": 0, "pos": [-3522.4, 538.595, 317.022], "rotationMatrix": [-0.182796, -0.983151, 0.0, 0.983151, -0.182796, 0.0, 0.0, 0.0, 1.0], "scale": 1.0, "type": "italy_wall_stone_short"}
{"ctxid": 0, "pos": [-3430.695, 407.97, 317.022], "rotationMatrix": [-0.65283, -0.757504, 0.0, 0.757504, -0.65283, 0.0, 0.0, 0.0, 1.0], "scale": 1.0, "type": "italy_wall_stone_short"}
{"ctxid": 0, "pos": [-3432.327, 409.864, 317.022], "rotationMatrix": [-0.65283, -0.757504, 0.0, 0.757504, -0.65283, 0.0, 0.0, 0.0, 1.0], "scale": 1.0, "type": "italy_wall_stone_short"}
{"ctxid": 0, "pos": [-3433.959, 411.757, 317.022], "rotationMatrix": [-0.65283, -0.757504, 0.0, 0.757504, -0.65283, 0.0, 0.0, 0.0, 1.0], "scale": 1.0, "type": "italy_wall_stone_short"}
{"ctxid": 0, "pos": [-3384.497, 384.527, 317.022], "rotationMatrix": [-0.412625, -0.910901, 0.0, 0.910901, -0.412625, 0.0, 0.0, 0.0, 1.0], "scale": 1.0, "type": "italy_wall_stone_short"}
{"ctxid": 0, "pos": [-3297.179, 342.363, 314.77], "rotationMatrix": [-0.981965, 0.189063, 0.0, -0.189063, -0.981965, 0.0, 0.0, 0.0, 1.0], "scale": 1.0, "type": "italy_wall_stone_short"}
{"ctxid": 0, "pos": [-3299.634, 341.89, 314.77], "rotationMatrix": [-0.981965, 0.189063, 0.0, -0.189063, -0.981965, 0.0, 0.0, 0.0, 1.0], "scale": 1.0, "type": "italy_wall_stone_short"}
{"ctxid": 0, "pos": [-2913.906, 955.99, 319.51], "rotationMatrix": [-0.183228, -0.98307, 0.0, 0.98307, -0.183228, 0.0, 0.0, 0.0, 1.0], "scale": 1.0, "type": "italy_wall_stone_short"}
{"ctxid": 0, "pos": [-2914.365, 958.447, 319.51], "rotationMatrix": [-0.183228, -0.98307, 0.0, 0.98307, -0.183228, 0.0, 0.0, 0.0, 1.0], "scale": 1.0, "type": "italy_wall_stone_short"}
{"ctxid": 0, "pos": [-2914.823, 960.905, 319.51], "rotationMatrix": [-0.183228, -0.98307, 0.0, 0.98307, -0.183228, 0.0, 0.0, 0.0, 1.0], "scale": 1.0, "type": "italy_wall_stone_short"}
{"ctxid": 0, "pos": [-2937.961, 1042.453, 367.065], "rotationMatrix": [-0.72125, 0.692675, 0.0, -0.692675, -0.72125, 0.0, 0.0, 0.0, 1.0], "scale": 1.0, "type": "italy_wall_stone_short"}
{"ctxid": 0, "pos": [-2942.005, 876.049, 319.51], "rotationMatrix": [-0.234858, 0.97203, 0.0, -0.97203, -0.234858, 0.0, 0.0, 0.0, 1.0], "scale": 1.0, "type": "italy_wall_stone_short"}
{"ctxid": 0, "pos": [-2942.592, 873.619, 319.51], "rotationMatrix": [-0.234858, 0.97203, 0.0, -0.97203, -0.234858, 0.0, 0.0, 0.0, 1.0], "scale": 1.0, "type": "italy_wall_stone_short"}
{"ctxid": 0, "pos": [-2943.766, 868.759, 319.51], "rotationMatrix": [-0.234858, 0.97203, 0.0, -0.97203, -0.234858, 0.0, 0.0, 0.0, 1.0], "scale": 1.0, "type": "italy_wall_stone_short"}
{"ctxid": 0, "pos": [-3203.247, 735.316, 317.022], "rotationMatrix": [-0.966998, -0.254783, 0.0, 0.254783, -0.966998, 0.0, 0.0, 0.0, 1.0], "scale": 1.0, "type": "italy_wall_stone_short"}
{"ctxid": 0, "pos": [-3210.499, 737.227, 317.022], "rotationMatrix": [-0.966998, -0.254783, 0.0, 0.254783, -0.966998, 0.0, 0.0, 0.0, 1.0], "scale": 1.0, "type": "italy_wall_stone_short"}
{"ctxid": 0, "pos": [-3250.109, 731.792, 317.022], "rotationMatrix": [-0.887469, 0.460868, 0.0, -0.460868, -0.887469, 0.0, 0.0, 0.0, 1.0], "scale": 1.0, "type": "italy_wall_stone_short"}
{"ctxid": 0, "pos": [-3252.327, 730.64, 317.022], "rotationMatrix": [-0.887469, 0.460868, 0.0, -0.460868, -0.887469, 0.0, 0.0, 0.0, 1.0], "scale": 1.0, "type": "italy_wall_stone_short"}
{"ctxid": 0, "pos": [-3254.546, 729.487, 317.022], "rotationMatrix": [-0.887469, 0.460868, 0.0, -0.460868, -0.887469, 0.0, 0.0, 0.0, 1.0], "scale": 1.0, "type": "italy_wall_stone_short"}
{"ctxid": 0, "pos": [-3276.685, 557.843, 317.022], "rotationMatrix": [-0.339681, 0.940541, 0.0, -0.940541, -0.339681, 0.0, 0.0, 0.0, 1.0], "scale": 1.0, "type": "italy_wall_stone_short"}
{"ctxid": 0, "pos": [-3278.383, 553.14, 317.022], "rotationMatrix": [-0.339681, 0.940541, 0.0, -0.940541, -0.339681, 0.0, 0.0, 0.0, 1.0], "scale": 1.0, "type": "italy_wall_stone_short"}
{"ctxid": 0, "pos": [-3233.206, 551.332, 317.022], "rotationMatrix": [-0.761729, -0.647895, 0.0, 0.647895, -0.761729, 0.0, 0.0, 0.0, 1.0], "scale": 1.0, "type": "italy_wall_stone_short"}
{"ctxid": 0, "pos": [-3237.015, 554.571, 317.022], "rotationMatrix": [-0.761729, -0.647895, 0.0, 0.647895, -0.761729, 0.0, 0.0, 0.0, 1.0], "scale": 1.0, "type": "italy_wall_stone_short"}
{"ctxid": 0, "pos": [-3238.919, 556.191, 317.022], "rotationMatrix": [-0.761729, -0.647895, 0.0, 0.647895, -0.761729, 0.0, 0.0, 0.0, 1.0], "scale": 1.0, "type": "italy_wall_stone_short"}
{"ctxid": 0, "pos": [-3240.824, 557.811, 317.022], "rotationMatrix": [-0.761729, -0.647895, 0.0, 0.647895, -0.761729, 0.0, 0.0, 0.0, 1.0], "scale": 1.0, "type": "italy_wall_stone_short"}
{"ctxid": 0, "pos": [-3243.444, 527.473, 317.022], "rotationMatrix": [-0.78211, -0.623141, 0.0, 0.623141, -0.78211, 0.0, 0.0, 0.0, 1.0], "scale": 1.0, "type": "italy_wall_stone_short"}
{"ctxid": 0, "pos": [-3245.399, 529.031, 317.022], "rotationMatrix": [-0.78211, -0.623141, 0.0, 0.623141, -0.78211, 0.0, 0.0, 0.0, 1.0], "scale": 1.0, "type": "italy_wall_stone_short"}
{"ctxid": 0, "pos": [-3247.354, 530.589, 317.022], "rotationMatrix": [-0.78211, -0.623141, 0.0, 0.623141, -0.78211, 0.0, 0.0, 0.0, 1.0], "scale": 1.0, "type": "italy_wall_stone_short"}
{"ctxid": 0, "pos": [-3142.478, 1634.291, 368.628], "rotationMatrix": [-0.998029, 0.062752, 0.0, -0.062752, -0.998029, 0.0, 0.0, 0.0, 1.0], "scale": 1.0, "type": "italy_wall_stone_short"}
{"ctxid": 0, "pos": [-3147.469, 1633.977, 368.628], "rotationMatrix": [-0.998029, 0.062752, 0.0, -0.062752, -0.998029, 0.0, 0.0, 0.0, 1.0], "scale": 1.0, "type": "italy_wall_stone_short"}
{"ctxid": 0, "pos": [-3152.459, 1633.663, 368.628], "rotationMatrix": [-0.998029, 0.062752, 0.0, -0.062752, -0.998029, 0.0, 0.0, 0.0, 1.0], "scale": 1.0, "type": "italy_wall_stone_short"}
{"ctxid": 0, "pos": [-3791.905, 464.154, 317.022], "rotationMatrix": [-0.754371, -0.656448, 0.0, 0.656448, -0.754371, 0.0, 0.0, 0.0, 1.0], "scale": 1.0, "type": "italy_wall_stone_short"}
{"ctxid": 0, "pos": [-3795.677, 467.437, 317.022], "rotationMatrix": [-0.754371, -0.656448, 0.0, 0.656448, -0.754371, 0.0, 0.0, 0.0, 1.0], "scale": 1.0, "type": "italy_wall_stone_short"}
{"ctxid": 0, "pos": [-3797.563, 469.078, 317.022], "rotationMatrix": [-0.754371, -0.656448, 0.0, 0.656448, -0.754371, 0.0, 0.0, 0.0, 1.0], "scale": 1.0, "type": "italy_wall_stone_short"}
{"ctxid": 0, "pos": [-2882.203, 623.793, 317.022], "rotationMatrix": [-0.970654, 0.240481, 0.0, -0.240481, -0.970654, 0.0, 0.0, 0.0, 1.0], "scale": 1.0, "type": "italy_wall_stone_short"}
{"ctxid": 0, "pos": [-2884.63, 623.192, 317.022], "rotationMatrix": [-0.970654, 0.240481, 0.0, -0.240481, -0.970654, 0.0, 0.0, 0.0, 1.0], "scale": 1.0, "type": "italy_wall_stone_short"}
{"ctxid": 0, "pos": [-2887.057, 622.591, 317.022], "rotationMatrix": [-0.970654, 0.240481, 0.0, -0.240481, -0.970654, 0.0, 0.0, 0.0, 1.0], "scale": 1.0, "type": "italy_wall_stone_short"}
{"ctxid": 0, "pos": [-2889.483, 621.99, 317.022], "rotationMatrix": [-0.970654, 0.240481, 0.0, -0.240481, -0.970654, 0.0, 0.0, 0.0, 1.0], "scale": 1.0, "type": "italy_wall_stone_short"}
{"ctxid": 0, "pos": [-3046.886, 1082.836, 367.065], "rotationMatrix": [-0.77129, 0.636484, 0.0, -0.636484, -0.77129, 0.0, 0.0, 0.0, 1.0], "scale": 1.0, "type": "italy_wall_stone_short"}
{"ctxid": 0, "pos": [-3048.814, 1081.245, 367.065], "rotationMatrix": [-0.77129, 0.636484, 0.0, -0.636484, -0.77129, 0.0, 0.0, 0.0, 1.0], "scale": 1.0, "type": "italy_wall_stone_short"}
{"ctxid": 0, "pos": [-3050.742, 1079.654, 367.065], "rotationMatrix": [-0.77129, 0.636484, 0.0, -0.636484, -0.77129, 0.0, 0.0, 0.0, 1.0], "scale": 1.0, "type": "italy_wall_stone_short"}
{"ctxid": 0, "pos": [-2992.335, 900.445, 319.51], "rotationMatrix": [-0.658479, 0.752599, 0.0, -0.752599, -0.658479, 0.0, 0.0, 0.0, 1.0], "scale": 1.0, "type": "italy_wall_stone_short"}
{"ctxid": 0, "pos": [-2993.981, 898.563, 319.51], "rotationMatrix": [-0.658479, 0.752599, 0.0, -0.752599, -0.658479, 0.0, 0.0, 0.0, 1.0], "scale": 1.0, "type": "italy_wall_stone_short"}
{"ctxid": 0, "pos": [-2995.627, 896.682, 319.51], "rotationMatrix": [-0.658479, 0.752599, 0.0, -0.752599, -0.658479, 0.0, 0.0, 0.0, 1.0], "scale": 1.0, "type": "italy_wall_stone_short"}
{"ctxid": 0, "pos": [-3042.185, 874.954, 319.51], "rotationMatrix": [-0.626865, -0.779128, 0.0, 0.779128, -0.626865, 0.0, 0.0, 0.0, 1.0], "scale": 1.0, "type": "italy_wall_stone_short"}
{"ctxid": 0, "pos": [-3043.752, 876.902, 319.51], "rotationMatrix": [-0.626865, -0.779128, 0.0, 0.779128, -0.626865, 0.0, 0.0, 0.0, 1.0], "scale": 1.0, "type": "italy_wall_stone_short"}
{"ctxid": 0, "pos": [-3068.037, 859.666, 319.51], "rotationMatrix": [-0.917311, 0.398171, 0.0, -0.398171, -0.917311, 0.0, 0.0, 0.0, 1.0], "scale": 1.0, "type": "italy_wall_stone_short"}
{"ctxid": 0, "pos": [-3846.285, 622.835, 367.065], "rotationMatrix": [-0.734694, -0.678398, 0.0, 0.678398, -0.734694, 0.0, 0.0, 0.0, 1.0], "scale": 1.0, "type": "italy_wall_stone_short"}
{"ctxid": 0, "pos": [-3849.959, 626.227, 367.065], "rotationMatrix": [-0.734694, -0.678398, 0.0, 0.678398, -0.734694, 0.0, 0.0, 0.0, 1.0], "scale": 1.0, "type": "italy_wall_stone_short"}
{"ctxid": 0, "pos": [-3851.796, 627.923, 367.065], "rotationMatrix": [-0.734694, -0.678398, 0.0, 0.678398, -0.734694, 0.0, 0.0, 0.0, 1.0], "scale": 1.0, "type": "italy_wall_stone_short"}
{"ctxid": 0, "pos": [-3440.449, 417.281, 317.022], "rotationMatrix": [-0.65283, -0.757504, 0.0, 0.757504, -0.65283, 0.0, 0.0, 0.0, 1.0], "scale": 1.0, "type": "italy_wall_stone_short"}
{"ctxid": 0, "pos": [-385.013, 2596.609, 351.693], "rotationMatrix": [-0.453126, 0.891447, 0.0, -0.891447, -0.453126, 0.0, 0.0, 0.0, 1.0], "scale": 1.0, "type": "italy_wall_stone_short"}
{"ctxid": 0, "pos": [-388.412, 2589.924, 351.693], "rotationMatrix": [-0.453126, 0.891447, 0.0, -0.891447, -0.453126, 0.0, 0.0, 0.0, 1.0], "scale": 1.0, "type": "italy_wall_stone_short"}
{"ctxid": 0, "pos": [3817.299, 3457.352, 76.879], "rotationMatrix": [-0.763291, -0.646055, 0.0, 0.646055, -0.763291, 0.0, 0.0, 0.0, 1.0], "scale": 1.0, "type": "italy_wall_stone_short"}
{"ctxid": 0, "pos": [3815.39, 3458.967, 76.879], "rotationMatrix": [-0.763291, -0.646055, 0.0, 0.646055, -0.763291, 0.0, 0.0, 0.0, 1.0], "scale": 1.0, "type": "italy_wall_stone_short"}
{"ctxid": 0, "pos": [3813.482, 3460.582, 76.879], "rotationMatrix": [-0.763291, -0.646055, 0.0, 0.646055, -0.763291, 0.0, 0.0, 0.0, 1.0], "scale": 1.0, "type": "italy_wall_stone_short"}
{"ctxid": 0, "pos": [3811.574, 3462.197, 76.879], "rotationMatrix": [-0.763291, -0.646055, 0.0, 0.646055, -0.763291, 0.0, 0.0, 0.0, 1.0], "scale": 1.0, "type": "italy_wall_stone_short"}
{"ctxid": 0, "pos": [3809.666, 3463.812, 76.879], "rotationMatrix": [-0.763291, -0.646055, 0.0, 0.646055, -0.763291, 0.0, 0.0, 0.0, 1.0], "scale": 1.0, "type": "italy_wall_stone_short"}
{"ctxid": 0, "pos": [3693.741, 3524.698, 76.879], "rotationMatrix": [-0.839584, -0.54323, 0.0, 0.54323, -0.839584, 0.0, 0.0, 0.0, 1.0], "scale": 1.0, "type": "italy_wall_stone_short"}
{"ctxid": 0, "pos": [3691.642, 3526.056, 76.879], "rotationMatrix": [-0.839584, -0.54323, 0.0, 0.54323, -0.839584, 0.0, 0.0, 0.0, 1.0], "scale": 1.0, "type": "italy_wall_stone_short"}
{"ctxid": 0, "pos": [3759.805, 3284.942, 76.879], "rotationMatrix": [-0.399353, 0.916797, 0.0, -0.916797, -0.399353, 0.0, 0.0, 0.0, 1.0], "scale": 1.0, "type": "italy_wall_stone_short"}
{"ctxid": 0, "pos": [3757.809, 3280.358, 76.879], "rotationMatrix": [-0.399353, 0.916797, 0.0, -0.916797, -0.399353, 0.0, 0.0, 0.0, 1.0], "scale": 1.0, "type": "italy_wall_stone_short"}
{"ctxid": 0, "pos": [3755.812, 3275.774, 76.879], "rotationMatrix": [-0.399353, 0.916797, 0.0, -0.916797, -0.399353, 0.0, 0.0, 0.0, 1.0], "scale": 1.0, "type": "italy_wall_stone_short"}
{"ctxid": 0, "pos": [3860.53, 3276.005, 76.879], "rotationMatrix": [-0.776514, -0.6301, 0.0, 0.6301, -0.776514, 0.0, 0.0, 0.0, 1.0], "scale": 1.0, "type": "italy_wall_stone_short"}
{"ctxid": 0, "pos": [3858.588, 3277.58, 76.879], "rotationMatrix": [-0.776514, -0.6301, 0.0, 0.6301, -0.776514, 0.0, 0.0, 0.0, 1.0], "scale": 1.0, "type": "italy_wall_stone_short"}
{"ctxid": 0, "pos": [3856.647, 3279.155, 76.879], "rotationMatrix": [-0.776514, -0.6301, 0.0, 0.6301, -0.776514, 0.0, 0.0, 0.0, 1.0], "scale": 1.0, "type": "italy_wall_stone_short"}
{"ctxid": 0, "pos": [3854.706, 3280.731, 76.879], "rotationMatrix": [-0.776514, -0.6301, 0.0, 0.6301, -0.776514, 0.0, 0.0, 0.0, 1.0], "scale": 1.0, "type": "italy_wall_stone_short"}
{"ctxid": 0, "pos": [3852.764, 3282.306, 76.879], "rotationMatrix": [-0.776514, -0.6301, 0.0, 0.6301, -0.776514, 0.0, 0.0, 0.0, 1.0], "scale": 1.0, "type": "italy_wall_stone_short"}
{"ctxid": 0, "pos": [3687.928, 3634.22, 76.879], "rotationMatrix": [-0.996833, -0.079517, 0.0, 0.079517, -0.996833, 0.0, 0.0, 0.0, 1.0], "scale": 1.0, "type": "italy_wall_stone_short"}
{"ctxid": 0, "pos": [3677.96, 3635.015, 76.879], "rotationMatrix": [-0.996833, -0.079517, 0.0, 0.079517, -0.996833, 0.0, 0.0, 0.0, 1.0], "scale": 1.0, "type": "italy_wall_stone_short"}
{"ctxid": 0, "pos": [3720.179, 3670.384, 76.879], "rotationMatrix": [-0.562605, 0.826726, 0.0, -0.826726, -0.562605, 0.0, 0.0, 0.0, 1.0], "scale": 1.0, "type": "italy_wall_stone_short"}
{"ctxid": 0, "pos": [3717.366, 3666.25, 76.879], "rotationMatrix": [-0.562605, 0.826726, 0.0, -0.826726, -0.562605, 0.0, 0.0, 0.0, 1.0], "scale": 1.0, "type": "italy_wall_stone_short"}
{"ctxid": 0, "pos": [3108.121, -3930.086, 102.293], "rotationMatrix": [-0.562827, -0.826575, 0.0, 0.826575, -0.562827, 0.0, 0.0, 0.0, 1.0], "scale": 1.0, "type": "italy_wall_stone_short"}
{"ctxid": 0, "pos": [3106.714, -3928.02, 103.112], "rotationMatrix": [-0.562827, -0.826575, 0.0, 0.826575, -0.562827, 0.0, 0.0, 0.0, 1.0], "scale": 1.0, "type": "italy_wall_stone_short"}
{"ctxid": 0, "pos": [3105.307, -3925.953, 103.931], "rotationMatrix": [-0.562827, -0.826575, 0.0, 0.826575, -0.562827, 0.0, 0.0, 0.0, 1.0], "scale": 1.0, "type": "italy_wall_stone_short"}
{"ctxid": 0, "pos": [2600.349, -3724.174, 166.501], "rotationMatrix": [-0.990498, -0.137527, 0.0, 0.137527, -0.990498, 0.0, 0.0, 0.0, 1.0], "scale": 1.0, "type": "italy_wall_stone_short"}
{"ctxid": 0, "pos": [2595.396, -3723.487, 167.164], "rotationMatrix": [-0.990498, -0.137527, 0.0, 0.137527, -0.990498, 0.0, 0.0, 0.0, 1.0], "scale": 1.0, "type": "italy_wall_stone_short"}
{"ctxid": 0, "pos": [2539.431, -3677.876, 174.555], "rotationMatrix": [-0.685157, -0.728395, 0.0, 0.728395, -0.685157, 0.0, 0.0, 0.0, 1.0], "scale": 1.0, "type": "italy_wall_stone_short"}
{"ctxid": 0, "pos": [2536.006, -3674.234, 174.783], "rotationMatrix": [-0.685157, -0.728395, 0.0, 0.728395, -0.685157, 0.0, 0.0, 0.0, 1.0], "scale": 1.0, "type": "italy_wall_stone_short"}
{"ctxid": 0, "pos": [2083.758, -3520.51, 218.588], "rotationMatrix": [-0.906726, 0.421721, 0.0, -0.421721, -0.906726, 0.0, 0.0, 0.0, 1.0], "scale": 1.0, "type": "italy_wall_stone_short"}
{"ctxid": 0, "pos": [2081.492, -3521.564, 218.588], "rotationMatrix": [-0.906726, 0.421721, 0.0, -0.421721, -0.906726, 0.0, 0.0, 0.0, 1.0], "scale": 1.0, "type": "italy_wall_stone_short"}
{"ctxid": 0, "pos": [2076.958, -3523.673, 218.588], "rotationMatrix": [-0.906726, 0.421721, 0.0, -0.421721, -0.906726, 0.0, 0.0, 0.0, 1.0], "scale": 1.0, "type": "italy_wall_stone_short"}
{"ctxid": 0, "pos": [2076.124, -3527.843, 218.588], "rotationMatrix": [-0.533346, 0.845897, 0.0, -0.845897, -0.533346, 0.0, 0.0, 0.0, 1.0], "scale": 1.0, "type": "italy_wall_stone_short"}
{"ctxid": 0, "pos": [2074.791, -3529.957, 218.588], "rotationMatrix": [-0.533346, 0.845897, 0.0, -0.845897, -0.533346, 0.0, 0.0, 0.0, 1.0], "scale": 1.0, "type": "italy_wall_stone_short"}
{"ctxid": 0, "pos": [2080.656, -3499.947, 235.785], "rotationMatrix": [-0.855849, 0.517226, 0.0, -0.517226, -0.855849, 0.0, 0.0, 0.0, 1.0], "scale": 1.0, "type": "italy_wall_stone_short"}
{"ctxid": 0, "pos": [2076.377, -3502.533, 235.785], "rotationMatrix": [-0.855849, 0.517226, 0.0, -0.517226, -0.855849, 0.0, 0.0, 0.0, 1.0], "scale": 1.0, "type": "italy_wall_stone_short"}
{"ctxid": 0, "pos": [2366.597, -3541.575, 188.713], "rotationMatrix": [-0.679506, -0.73367, 0.0, 0.73367, -0.679506, 0.0, 0.0, 0.0, 1.0], "scale": 1.0, "type": "italy_wall_stone_short"}
{"ctxid": 0, "pos": [2363.2, -3537.907, 188.919], "rotationMatrix": [-0.679506, -0.73367, 0.0, 0.73367, -0.679506, 0.0, 0.0, 0.0, 1.0], "scale": 1.0, "type": "italy_wall_stone_short"}
{"ctxid": 0, "pos": [2361.501, -3536.072, 189.022], "rotationMatrix": [-0.679506, -0.73367, 0.0, 0.73367, -0.679506, 0.0, 0.0, 0.0, 1.0], "scale": 1.0, "type": "italy_wall_stone_short"}
{"ctxid": 0, "pos": [2359.802, -3534.238, 189.125], "rotationMatrix": [-0.679506, -0.73367, 0.0, 0.73367, -0.679506, 0.0, 0.0, 0.0, 1.0], "scale": 1.0, "type": "italy_wall_stone_short"}
{"ctxid": 0, "pos": [2364.359, -3616.514, 194.329], "rotationMatrix": [-0.026918, -0.999638, 0.0, 0.999638, -0.026918, 0.0, 0.0, 0.0, 1.0], "scale": 1.0, "type": "italy_wall_stone_short"}
{"ctxid": 0, "pos": [2364.157, -3609.016, 193.436], "rotationMatrix": [-0.026918, -0.999638, 0.0, 0.999638, -0.026918, 0.0, 0.0, 0.0, 1.0], "scale": 1.0, "type": "italy_wall_stone_short"}
{"ctxid": 0, "pos": [2392.728, -3556.582, 187.086], "rotationMatrix": [-0.042046, 0.999116, 0.0, -0.999116, -0.042046, 0.0, 0.0, 0.0, 1.0], "scale": 1.0, "type": "italy_wall_stone_short"}
{"ctxid": 0, "pos": [2392.518, -3561.577, 187.093], "rotationMatrix": [-0.042046, 0.999116, 0.0, -0.999116, -0.042046, 0.0, 0.0, 0.0, 1.0], "scale": 1.0, "type": "italy_wall_stone_short"}
{"ctxid": 0, "pos": [2392.413, -3564.075, 187.095], "rotationMatrix": [-0.042046, 0.999116, 0.0, -0.999116, -0.042046, 0.0, 0.0, 0.0, 1.0], "scale": 1.0, "type": "italy_wall_stone_short"}
{"ctxid": 0, "pos": [1268.398, -3086.919, 246.308], "rotationMatrix": [-0.749023, -0.662544, 0.0, 0.662544, -0.749023, 0.0, 0.0, 0.0, 1.0], "scale": 1.0, "type": "italy_wall_stone_short"}
{"ctxid": 0, "pos": [1266.526, -3085.262, 246.308], "rotationMatrix": [-0.749023, -0.662544, 0.0, 0.662544, -0.749023, 0.0, 0.0, 0.0, 1.0], "scale": 1.0, "type": "italy_wall_stone_short"}
{"ctxid": 0, "pos": [1264.653, -3083.606, 246.308], "rotationMatrix": [-0.749023, -0.662544, 0.0, 0.662544, -0.749023, 0.0, 0.0, 0.0, 1.0], "scale": 1.0, "type": "italy_wall_stone_short"}
{"ctxid": 0, "pos": [1280.475, -2955.765, 245.509], "rotationMatrix": [-0.571745, 0.820431, 0.0, -0.820431, -0.571745, 0.0, 0.0, 0.0, 1.0], "scale": 1.0, "type": "italy_wall_stone_short"}
{"ctxid": 0, "pos": [1279.045, -2957.816, 245.509], "rotationMatrix": [-0.571745, 0.820431, 0.0, -0.820431, -0.571745, 0.0, 0.0, 0.0, 1.0], "scale": 1.0, "type": "italy_wall_stone_short"}
{"ctxid": 0, "pos": [1276.186, -2961.918, 245.509], "rotationMatrix": [-0.571745, 0.820431, 0.0, -0.820431, -0.571745, 0.0, 0.0, 0.0, 1.0], "scale": 1.0, "type": "italy_wall_stone_short"}
{"ctxid": 0, "pos": [1274.757, -2963.969, 245.509], "rotationMatrix": [-0.571745, 0.820431, 0.0, -0.820431, -0.571745, 0.0, 0.0, 0.0, 1.0], "scale": 1.0, "type": "italy_wall_stone_short"}
{"ctxid": 0, "pos": [1174.686, -2037.975, 208.003], "rotationMatrix": [-0.965985, -0.258597, 0.0, 0.258597, -0.965985, 0.0, 0.0, 0.0, 1.0], "scale": 1.0, "type": "italy_wall_stone_short"}
{"ctxid": 0, "pos": [1172.271, -2037.328, 208.003], "rotationMatrix": [-0.965985, -0.258597, 0.0, 0.258597, -0.965985, 0.0, 0.0, 0.0, 1.0], "scale": 1.0, "type": "italy_wall_stone_short"}
{"ctxid": 0, "pos": [1169.856, -2036.682, 208.003], "rotationMatrix": [-0.965985, -0.258597, 0.0, 0.258597, -0.965985, 0.0, 0.0, 0.0, 1.0], "scale": 1.0, "type": "italy_wall_stone_short"}
{"ctxid": 0, "pos": [717.587, -162.488, 34.653], "rotationMatrix": [-0.951661, -0.307151, 0.0, 0.307151, -0.951661, 0.0, 0.0, 0.0, 1.0], "scale": 1.0, "type": "italy_wall_stone_short"}
{"ctxid": 0, "pos": [658.641, -258.079, 22.891], "rotationMatrix": [-0.952708, -0.303888, 0.0, 0.303888, -0.952708, 0.0, 0.0, 0.0, 1.0], "scale": 1.0, "type": "italy_wall_stone_short"}
{"ctxid": 0, "pos": [656.259, -257.319, 22.891], "rotationMatrix": [-0.952708, -0.303888, 0.0, 0.303888, -0.952708, 0.0, 0.0, 0.0, 1.0], "scale": 1.0, "type": "italy_wall_stone_short"}
{"ctxid": 0, "pos": [623.577, -267.132, 25.171], "rotationMatrix": [-0.736813, 0.676097, 0.0, -0.676097, -0.736813, 0.0, 0.0, 0.0, 1.0], "scale": 1.0, "type": "italy_wall_stone_short"}
{"ctxid": 0, "pos": [621.735, -268.822, 25.199], "rotationMatrix": [-0.736813, 0.676097, 0.0, -0.676097, -0.736813, 0.0, 0.0, 0.0, 1.0], "scale": 1.0, "type": "italy_wall_stone_short"}
{"ctxid": 0, "pos": [599.529, -283.814, 25.832], "rotationMatrix": [-0.125563, -0.992086, 0.0, 0.992086, -0.125563, 0.0, 0.0, 0.0, 1.0], "scale": 1.0, "type": "italy_wall_stone_short"}
{"ctxid": 0, "pos": [599.215, -281.334, 26.185], "rotationMatrix": [-0.125563, -0.992086, 0.0, 0.992086, -0.125563, 0.0, 0.0, 0.0, 1.0], "scale": 1.0, "type": "italy_wall_stone_short"}
{"ctxid": 0, "pos": [598.901, -278.854, 26.538], "rotationMatrix": [-0.125563, -0.992086, 0.0, 0.992086, -0.125563, 0.0, 0.0, 0.0, 1.0], "scale": 1.0, "type": "italy_wall_stone_short"}
{"ctxid": 0, "pos": [399.459, -369.278, 23.756], "rotationMatrix": [-0.974865, -0.222798, 0.0, 0.222798, -0.974865, 0.0, 0.0, 0.0, 1.0], "scale": 1.0, "type": "italy_wall_stone_short"}
{"ctxid": 0, "pos": [394.584, -368.164, 22.981], "rotationMatrix": [-0.974865, -0.222798, 0.0, 0.222798, -0.974865, 0.0, 0.0, 0.0, 1.0], "scale": 1.0, "type": "italy_wall_stone_short"}
{"ctxid": 0, "pos": [434.328, -279.775, 30.307], "rotationMatrix": [-0.924913, -0.380179, 0.0, 0.380179, -0.924913, 0.0, 0.0, 0.0, 1.0], "scale": 1.0, "type": "italy_wall_stone_short"}
{"ctxid": 0, "pos": [429.703, -277.874, 30.99], "rotationMatrix": [-0.924913, -0.380179, 0.0, 0.380179, -0.924913, 0.0, 0.0, 0.0, 1.0], "scale": 1.0, "type": "italy_wall_stone_short"}
{"ctxid": 0, "pos": [573.678, -251.174, 32.159], "rotationMatrix": [-0.133022, 0.991113, 0.0, -0.991113, -0.133022, 0.0, 0.0, 0.0, 1.0], "scale": 1.0, "type": "italy_wall_stone_short"}
{"ctxid": 0, "pos": [604.583, -223.254, 32.497], "rotationMatrix": [-0.386213, -0.92241, 0.0, 0.92241, -0.386213, 0.0, 0.0, 0.0, 1.0], "scale": 1.0, "type": "italy_wall_stone_short"}
{"ctxid": 0, "pos": [-771.366, -2408.684, 83.399], "rotationMatrix": [-0.872804, 0.488071, 0.0, -0.488071, -0.872804, 0.0, 0.0, 0.0, 1.0], "scale": 1.0, "type": "italy_wall_stone_short"}
{"ctxid": 0, "pos": [-773.548, -2409.904, 83.399], "rotationMatrix": [-0.872804, 0.488071, 0.0, -0.488071, -0.872804, 0.0, 0.0, 0.0, 1.0], "scale": 1.0, "type": "italy_wall_stone_short"}
{"ctxid": 0, "pos": [-745.664, -2387.73, 83.399], "rotationMatrix": [-0.890307, 0.45536, 0.0, -0.45536, -0.890307, 0.0, 0.0, 0.0, 1.0], "scale": 1.0, "type": "italy_wall_stone_short"}
{"ctxid": 0, "pos": [-727.241, -2314.282, 81.514], "rotationMatrix": [-0.633031, -0.774127, 0.0, 0.774127, -0.633031, 0.0, 0.0, 0.0, 1.0], "scale": 1.0, "type": "italy_wall_stone_short"}
{"ctxid": 0, "pos": [-1513.818, -2703.931, 59.144], "rotationMatrix": [-0.989558, -0.144138, 0.0, 0.144138, -0.989558, 0.0, 0.0, 0.0, 1.0], "scale": 1.0, "type": "italy_wall_stone_short"}
{"ctxid": 0, "pos": [-1516.292, -2703.57, 59.144], "rotationMatrix": [-0.989558, -0.144138, 0.0, 0.144138, -0.989558, 0.0, 0.0, 0.0, 1.0], "scale": 1.0, "type": "italy_wall_stone_short"}
{"ctxid": 0, "pos": [3188.2, -3221.357, 136.292], "rotationMatrix": [-0.723071, 0.690773, 0.0, -0.690773, -0.723071, 0.0, 0.0, 0.0, 1.0], "scale": 1.0, "type": "italy_wall_stone_short"}
{"ctxid": 0, "pos": [3186.393, -3223.084, 136.292], "rotationMatrix": [-0.723071, 0.690773, 0.0, -0.690773, -0.723071, 0.0, 0.0, 0.0, 1.0], "scale": 1.0, "type": "italy_wall_stone_short"}
