{"ctxid": 0, "pos": [-2925.144, 961.935, 365.539], "rotationMatrix": [-0.860488, 0.509471, 0.0, -0.509471, -0.860488, 0.0, 0.0, 0.0, 1.0], "scale": 1.087, "type": "italy_boulder_2"}
{"ctxid": 0, "pos": [-2794.191, 868.283, 316.922], "rotationMatrix": [0.901326, 0.433141, 0.0, -0.433141, 0.901326, 0.0, 0.0, 0.0, 1.0], "scale": 1.052, "type": "italy_boulder_2"}
{"ctxid": 0, "pos": [-2789.374, 1085.961, 366.965], "rotationMatrix": [-0.631772, -0.775154, 0.0, 0.775154, -0.631772, 0.0, 0.0, 0.0, 1.0], "scale": 0.971, "type": "italy_boulder_2"}
{"ctxid": 0, "pos": [-2721.765, 939.046, 319.41], "rotationMatrix": [0.440007, 0.897994, 0.0, -0.897994, 0.440007, 0.0, 0.0, 0.0, 1.0], "scale": 0.83, "type": "italy_boulder_2"}
{"ctxid": 0, "pos": [-3338.692, 621.511, 316.922], "rotationMatrix": [0.461574, -0.887102, 0.0, 0.887102, 0.461574, 0.0, 0.0, 0.0, 1.0], "scale": 1.138, "type": "italy_boulder_2"}
{"ctxid": 0, "pos": [-3110.768, 646.93, 316.922], "rotationMatrix": [-0.717101, 0.696969, 0.0, -0.696969, -0.717101, 0.0, 0.0, 0.0, 1.0], "scale": 1.23, "type": "italy_boulder_2"}
{"ctxid": 0, "pos": [-3177.126, 454.482, 316.922], "rotationMatrix": [0.59332, -0.804967, 0.0, 0.804967, 0.59332, 0.0, 0.0, 0.0, 1.0], "scale": 0.788, "type": "italy_boulder_2"}
{"ctxid": 0, "pos": [-3105.994, 426.841, 314.67], "rotationMatrix": [-0.781307, 0.624147, 0.0, -0.624147, -0.781307, 0.0, 0.0, 0.0, 1.0], "scale": 1.291, "type": "italy_boulder_2"}
{"ctxid": 0, "pos": [-3118.028, 461.444, 314.67], "rotationMatrix": [0.998439, -0.055852, 0.0, 0.055852, 0.998439, 0.0, 0.0, 0.0, 1.0], "scale": 1.215, "type": "italy_boulder_2"}
{"ctxid": 0, "pos": [-2994.41, 215.599, 314.67], "rotationMatrix": [-0.412263, 0.911065, 0.0, -0.911065, -0.412263, 0.0, 0.0, 0.0, 1.0], "scale": 1.028, "type": "italy_boulder_2"}
{"ctxid": 0, "pos": [-2957.162, 102.294, 312.696], "rotationMatrix": [0.985436, 0.170049, 0.0, -0.170049, 0.985436, 0.0, 0.0, 0.0, 1.0], "scale": 0.97, "type": "italy_boulder_2"}
{"ctxid": 0, "pos": [-2855.606, 131.226, 312.696], "rotationMatrix": [0.404346, -0.914606, 0.0, 0.914606, 0.404346, 0.0, 0.0, 0.0, 1.0], "scale": 1.031, "type": "italy_boulder_2"}
{"ctxid": 0, "pos": [-2807.15, 130.216, 312.696], "rotationMatrix": [0.177577, 0.984107, 0.0, -0.984107, 0.177577, 0.0, 0.0, 0.0, 1.0], "scale": 1.275, "type": "italy_boulder_2"}
{"ctxid": 0, "pos": [-2733.344, 361.454, 314.67], "rotationMatrix": [-0.154936, 0.987924, 0.0, -0.987924, -0.154936, 0.0, 0.0, 0.0, 1.0], "scale": 0.839, "type": "italy_boulder_2"}
{"ctxid": 0, "pos": [-2862.662, 703.077, 316.922], "rotationMatrix": [-0.379247, -0.925296, 0.0, 0.925296, -0.379247, 0.0, 0.0, 0.0, 1.0], "scale": 1.109, "type": "italy_boulder_2"}
{"ctxid": 0, "pos": [-2716.753, 753.911, 316.922], "rotationMatrix": [0.231971, 0.972723, 0.0, -0.972723, 0.231971, 0.0, 0.0, 0.0, 1.0], "scale": 0.839, "type": "italy_boulder_2"}
{"ctxid": 0, "pos": [-3443.526, 461.796, 316.922], "rotationMatrix": [-0.571375, -0.820689, 0.0, 0.820689, -0.571375, 0.0, 0.0, 0.0, 1.0], "scale": 0.883, "type": "italy_boulder_2"}
{"ctxid": 0, "pos": [-3697.811, 646.294, 366.965], "rotationMatrix": [-0.863986, -0.503516, 0.0, 0.503516, -0.863986, 0.0, 0.0, 0.0, 1.0], "scale": 1.26, "type": "italy_boulder_2"}
{"ctxid": 0, "pos": [-3607.143, 509.851, 316.922], "rotationMatrix": [-0.60276, -0.797923, 0.0, 0.797923, -0.60276, 0.0, 0.0, 0.0, 1.0], "scale": 1.296, "type": "italy_boulder_2"}
{"ctxid": 0, "pos": [-3719.603, 746.484, 366.965], "rotationMatrix": [0.001493, 0.999999, 0.0, -0.999999, 0.001493, 0.0, 0.0, 0.0, 1.0], "scale": 0.825, "type": "italy_boulder_2"}
{"ctxid": 0, "pos": [-3675.555, 720.229, 366.965], "rotationMatrix": [0.996785, 0.080122, 0.0, -0.080122, 0.996785, 0.0, 0.0, 0.0, 1.0], "scale": 0.991, "type": "italy_boulder_2"}
{"ctxid": 0, "pos": [-3582.975, 761.813, 366.965], "rotationMatrix": [-0.514777, -0.857324, 0.0, 0.857324, -0.514777, 0.0, 0.0, 0.0, 1.0], "scale": 1.028, "type": "italy_boulder_2"}
{"ctxid": 0, "pos": [-3799.803, 775.605, 366.965], "rotationMatrix": [0.668785, -0.743456, 0.0, 0.743456, 0.668785, 0.0, 0.0, 0.0, 1.0], "scale": 0.729, "type": "italy_boulder_2"}
{"ctxid": 0, "pos": [-218.061, -4853.753, 243.584], "rotationMatrix": [-0.565093, 0.825027, 0.0, -0.825027, -0.565093, 0.0, 0.0, 0.0, 1.0], "scale": 0.905, "type": "italy_boulder_2"}
{"ctxid": 0, "pos": [-127.416, -4891.702, 243.584], "rotationMatrix": [-0.338106, 0.941108, 0.0, -0.941108, -0.338106, 0.0, 0.0, 0.0, 1.0], "scale": 1.076, "type": "italy_boulder_2"}
{"ctxid": 0, "pos": [-141.188, -4825.065, 243.584], "rotationMatrix": [0.747177, 0.664625, 0.0, -0.664625, 0.747177, 0.0, 0.0, 0.0, 1.0], "scale": 0.757, "type": "italy_boulder_2"}
{"ctxid": 0, "pos": [-102.171, -5061.125, 243.584], "rotationMatrix": [-0.449543, -0.893259, 0.0, 0.893259, -0.449543, 0.0, 0.0, 0.0, 1.0], "scale": 1.187, "type": "italy_boulder_2"}
{"ctxid": 0, "pos": [-94.977, -4831.685, 243.584], "rotationMatrix": [0.858862, 0.512208, 0.0, -0.512208, 0.858862, 0.0, 0.0, 0.0, 1.0], "scale": 0.961, "type": "italy_boulder_2"}
{"ctxid": 0, "pos": [-50.997, -5089.96, 243.584], "rotationMatrix": [0.705171, -0.709037, 0.0, 0.709037, 0.705171, 0.0, 0.0, 0.0, 1.0], "scale": 0.966, "type": "italy_boulder_2"}
{"ctxid": 0, "pos": [-2072.003, -5010.326, 96.006], "rotationMatrix": [-0.992016, -0.126109, 0.0, 0.126109, -0.992016, 0.0, 0.0, 0.0, 1.0], "scale": 1.208, "type": "italy_boulder_2"}
{"ctxid": 0, "pos": [-1938.852, -5089.925, 96.006], "rotationMatrix": [0.017968, -0.999839, 0.0, 0.999839, 0.017968, 0.0, 0.0, 0.0, 1.0], "scale": 0.752, "type": "italy_boulder_2"}
{"ctxid": 0, "pos": [-1853.999, -4977.272, 96.006], "rotationMatrix": [-0.599119, 0.80066, 0.0, -0.80066, -0.599119, 0.0, 0.0, 0.0, 1.0], "scale": 1.205, "type": "italy_boulder_2"}
{"ctxid": 0, "pos": [-1206.158, 3203.015, 365.72], "rotationMatrix": [0.999722, -0.023586, 0.0, 0.023586, 0.999722, 0.0, 0.0, 0.0, 1.0], "scale": 1.156, "type": "italy_boulder_2"}
{"ctxid": 0, "pos": [-1034.586, 2928.816, 364.025], "rotationMatrix": [0.589963, -0.80743, 0.0, 0.80743, 0.589963, 0.0, 0.0, 0.0, 1.0], "scale": 0.831, "type": "italy_boulder_2"}
{"ctxid": 0, "pos": [-1041.981, 3044.251, 364.654], "rotationMatrix": [-0.346646, 0.937996, 0.0, -0.937996, -0.346646, 0.0, 0.0, 0.0, 1.0], "scale": 0.805, "type": "italy_boulder_2"}
{"ctxid": 0, "pos": [-1038.293, 3446.802, 365.72], "rotationMatrix": [-0.887814, 0.460202, 0.0, -0.460202, -0.887814, 0.0, 0.0, 0.0, 1.0], "scale": 0.899, "type": "italy_boulder_2"}
{"ctxid": 0, "pos": [-953.892, 3584.941, 365.72], "rotationMatrix": [0.108151, -0.994135, 0.0, 0.994135, 0.108151, 0.0, 0.0, 0.0, 1.0], "scale": 1.149, "type": "italy_boulder_2"}
{"ctxid": 0, "pos": [-252.45, 2150.635, 292.912], "rotationMatrix": [-0.26202, -0.965062, 0.0, 0.965062, -0.26202, 0.0, 0.0, 0.0, 1.0], "scale": 1.029, "type": "italy_boulder_2"}
{"ctxid": 0, "pos": [-232.859, 2286.373, 350.163], "rotationMatrix": [-0.709159, -0.705049, 0.0, 0.705049, -0.709159, 0.0, 0.0, 0.0, 1.0], "scale": 1.034, "type": "italy_boulder_2"}
{"ctxid": 0, "pos": [-197.134, 2126.91, 229.882], "rotationMatrix": [-0.900104, -0.435675, 0.0, 0.435675, -0.900104, 0.0, 0.0, 0.0, 1.0], "scale": 1.196, "type": "italy_boulder_2"}
{"ctxid": 0, "pos": [-19.359, 1982.756, 229.882], "rotationMatrix": [0.234945, 0.972009, 0.0, -0.972009, 0.234945, 0.0, 0.0, 0.0, 1.0], "scale": 0.87, "type": "italy_boulder_2"}
{"ctxid": 0, "pos": [-1890.235, 1658.328, 419.135], "rotationMatrix": [0.671249, 0.741232, 0.0, -0.741232, 0.671249, 0.0, 0.0, 0.0, 1.0], "scale": 0.714, "type": "italy_boulder_2"}
{"ctxid": 0, "pos": [-1881.185, 1928.426, 423.117], "rotationMatrix": [0.997704, -0.067728, 0.0, 0.067728, 0.997704, 0.0, 0.0, 0.0, 1.0], "scale": 0.927, "type": "italy_boulder_2"}
{"ctxid": 0, "pos": [-1833.531, 1686.27, 419.135], "rotationMatrix": [0.185906, 0.982568, 0.0, -0.982568, 0.185906, 0.0, 0.0, 0.0, 1.0], "scale": 0.82, "type": "italy_boulder_2"}
{"ctxid": 0, "pos": [-1864.034, 1912.541, 423.117], "rotationMatrix": [-0.999285, 0.037812, 0.0, -0.037812, -0.999285, 0.0, 0.0, 0.0, 1.0], "scale": 0.942, "type": "italy_boulder_2"}
{"ctxid": 0, "pos": [-2730.95, 3168.369, 467.957], "rotationMatrix": [-0.998028, -0.062772, 0.0, 0.062772, -0.998028, 0.0, 0.0, 0.0, 1.0], "scale": 1.198, "type": "italy_boulder_2"}
{"ctxid": 0, "pos": [-2650.082, 3161.885, 437.293], "rotationMatrix": [-0.927108, -0.374795, 0.0, 0.374795, -0.927108, 0.0, 0.0, 0.0, 1.0], "scale": 1.051, "type": "italy_boulder_2"}
{"ctxid": 0, "pos": [-2645.268, 3088.629, 438.391], "rotationMatrix": [-0.455851, 0.890056, 0.0, -0.890056, -0.455851, 0.0, 0.0, 0.0, 1.0], "scale": 1.165, "type": "italy_boulder_2"}
{"ctxid": 0, "pos": [-2530.67, 3060.727, 421.815], "rotationMatrix": [0.779631, 0.626239, 0.0, -0.626239, 0.779631, 0.0, 0.0, 0.0, 1.0], "scale": 1.068, "type": "italy_boulder_2"}
{"ctxid": 0, "pos": [-1680.985, 2969.456, 340.646], "rotationMatrix": [0.748806, -0.662789, 0.0, 0.662789, 0.748806, 0.0, 0.0, 0.0, 1.0], "scale": 0.775, "type": "italy_boulder_2"}
{"ctxid": 0, "pos": [-260.09, 2784.354, 364.94], "rotationMatrix": [-0.020901, 0.999782, 0.0, -0.999782, -0.020901, 0.0, 0.0, 0.0, 1.0], "scale": 1.197, "type": "italy_boulder_2"}
{"ctxid": 0, "pos": [-220.665, 2806.472, 364.94], "rotationMatrix": [0.878484, -0.477771, 0.0, 0.477771, 0.878484, 0.0, 0.0, 0.0, 1.0], "scale": 0.877, "type": "italy_boulder_2"}
{"ctxid": 0, "pos": [-214.917, 3222.021, 364.475], "rotationMatrix": [0.293589, 0.955932, 0.0, -0.955932, 0.293589, 0.0, 0.0, 0.0, 1.0], "scale": 0.902, "type": "italy_boulder_2"}
{"ctxid": 0, "pos": [-177.711, 3377.795, 364.475], "rotationMatrix": [-0.824083, 0.566469, 0.0, -0.566469, -0.824083, 0.0, 0.0, 0.0, 1.0], "scale": 0.794, "type": "italy_boulder_2"}
{"ctxid": 0, "pos": [-453.412, 2563.456, 351.593], "rotationMatrix": [-0.036094, -0.999348, 0.0, 0.999348, -0.036094, 0.0, 0.0, 0.0, 1.0], "scale": 0.865, "type": "italy_boulder_2"}
{"ctxid": 0, "pos": [-369.202, 2567.121, 351.593], "rotationMatrix": [-0.89605, -0.443954, 0.0, 0.443954, -0.89605, 0.0, 0.0, 0.0, 1.0], "scale": 1.294, "type": "italy_boulder_2"}
{"ctxid": 0, "pos": [-1008.893, 2388.441, 365.196], "rotationMatrix": [0.205295, 0.9787, 0.0, -0.9787, 0.205295, 0.0, 0.0, 0.0, 1.0], "scale": 1.111, "type": "italy_boulder_2"}
{"ctxid": 0, "pos": [-971.215, 2126.864, 351.593], "rotationMatrix": [-0.467892, -0.883785, 0.0, 0.883785, -0.467892, 0.0, 0.0, 0.0, 1.0], "scale": 0.969, "type": "italy_boulder_2"}
{"ctxid": 0, "pos": [408.623, -83.226, 47.949], "rotationMatrix": [-0.769296, 0.638892, 0.0, -0.638892, -0.769296, 0.0, 0.0, 0.0, 1.0], "scale": 0.8, "type": "italy_boulder_2"}
{"ctxid": 0, "pos": [673.377, -62.951, 28.188], "rotationMatrix": [-0.567154, -0.823612, 0.0, 0.823612, -0.567154, 0.0, 0.0, 0.0, 1.0], "scale": 0.995, "type": "italy_boulder_2"}
{"ctxid": 0, "pos": [1018.442, 627.666, 76.779], "rotationMatrix": [-0.761126, 0.648604, 0.0, -0.648604, -0.761126, 0.0, 0.0, 0.0, 1.0], "scale": 1.183, "type": "italy_boulder_2"}
{"ctxid": 0, "pos": [1037.552, 689.671, 76.779], "rotationMatrix": [0.727957, 0.685623, 0.0, -0.685623, 0.727957, 0.0, 0.0, 0.0, 1.0], "scale": 0.866, "type": "italy_boulder_2"}
{"ctxid": 0, "pos": [1080.695, 542.809, 75.286], "rotationMatrix": [-0.292492, -0.956268, 0.0, 0.956268, -0.292492, 0.0, 0.0, 0.0, 1.0], "scale": 0.896, "type": "italy_boulder_2"}
{"ctxid": 0, "pos": [1101.411, 667.295, 76.779], "rotationMatrix": [0.414643, 0.909984, 0.0, -0.909984, 0.414643, 0.0, 0.0, 0.0, 1.0], "scale": 0.7, "type": "italy_boulder_2"}
{"ctxid": 0, "pos": [1162.544, 722.667, 76.779], "rotationMatrix": [0.998751, 0.04997, 0.0, -0.04997, 0.998751, 0.0, 0.0, 0.0, 1.0], "scale": 0.866, "type": "italy_boulder_2"}
{"ctxid": 0, "pos": [464.446, 3553.464, 364.475], "rotationMatrix": [-0.793994, 0.607926, 0.0, -0.607926, -0.793994, 0.0, 0.0, 0.0, 1.0], "scale": 0.984, "type": "italy_boulder_2"}
{"ctxid": 0, "pos": [442.071, 3750.407, 364.475], "rotationMatrix": [0.97682, -0.214061, 0.0, 0.214061, 0.97682, 0.0, 0.0, 0.0, 1.0], "scale": 1.219, "type": "italy_boulder_2"}
{"ctxid": 0, "pos": [496.262, 3784.437, 364.475], "rotationMatrix": [-0.531928, -0.846789, 0.0, 0.846789, -0.531928, 0.0, 0.0, 0.0, 1.0], "scale": 0.947, "type": "italy_boulder_2"}
{"ctxid": 0, "pos": [218.024, 3597.455, 364.475], "rotationMatrix": [-0.410226, -0.911984, 0.0, 0.911984, -0.410226, 0.0, 0.0, 0.0, 1.0], "scale": 0.959, "type": "italy_boulder_2"}
{"ctxid": 0, "pos": [198.858, 3703.606, 364.025], "rotationMatrix": [0.705956, 0.708256, 0.0, -0.708256, 0.705956, 0.0, 0.0, 0.0, 1.0], "scale": 0.859, "type": "italy_boulder_2"}
{"ctxid": 0, "pos": [300.789, 3763.964, 364.025], "rotationMatrix": [-0.652534, 0.75776, 0.0, -0.75776, -0.652534, 0.0, 0.0, 0.0, 1.0], "scale": 0.875, "type": "italy_boulder_2"}
{"ctxid": 0, "pos": [15.766, 3503.567, 364.475], "rotationMatrix": [0.983409, -0.181402, 0.0, 0.181402, 0.983409, 0.0, 0.0, 0.0, 1.0], "scale": 0.925, "type": "italy_boulder_2"}
{"ctxid": 0, "pos": [881.52, 5216.663, 365.339], "rotationMatrix": [-0.598038, 0.801468, 0.0, -0.801468, -0.598038, 0.0, 0.0, 0.0, 1.0], "scale": 0.916, "type": "italy_boulder_2"}
{"ctxid": 0, "pos": [971.721, 5287.441, 365.339], "rotationMatrix": [0.186991, -0.982362, 0.0, 0.982362, 0.186991, 0.0, 0.0, 0.0, 1.0], "scale": 0.748, "type": "italy_boulder_2"}
{"ctxid": 0, "pos": [1059.563, 5402.346, 365.339], "rotationMatrix": [0.109858, 0.993947, 0.0, -0.993947, 0.109858, 0.0, 0.0, 0.0, 1.0], "scale": 1.298, "type": "italy_boulder_2"}
{"ctxid": 0, "pos": [229.843, 3963.631, 364.04], "rotationMatrix": [0.284122, 0.958788, 0.0, -0.958788, 0.284122, 0.0, 0.0, 0.0, 1.0], "scale": 1.103, "type": "italy_boulder_2"}
{"ctxid": 0, "pos": [359.628, 4008.278, 364.04], "rotationMatrix": [-0.812671, 0.582723, 0.0, -0.582723, -0.812671, 0.0, 0.0, 0.0, 1.0], "scale": 1.11, "type": "italy_boulder_2"}
{"ctxid": 0, "pos": [483.564, 4027.85, 364.025], "rotationMatrix": [0.352669, -0.935748, 0.0, 0.935748, 0.352669, 0.0, 0.0, 0.0, 1.0], "scale": 0.845, "type": "italy_boulder_2"}
