{"ctxid": 0, "pos": [-2836.152, 894.815, 319.41], "rotationMatrix": [-0.956042, -0.293229, 0.0, 0.293229, -0.956042, 0.0, 0.0, 0.0, 1.0], "scale": 1.146, "type": "italy_boulder_1"}
{"ctxid": 0, "pos": [-3405.211, 626.5, 316.922], "rotationMatrix": [0.932711, 0.360624, 0.0, -0.360624, 0.932711, 0.0, 0.0, 0.0, 1.0], "scale": 1.2, "type": "italy_boulder_1"}
{"ctxid": 0, "pos": [-3149.759, 565.615, 316.922], "rotationMatrix": [0.169385, -0.98555, 0.0, 0.98555, 0.169385, 0.0, 0.0, 0.0, 1.0], "scale": 1.175, "type": "italy_boulder_1"}
{"ctxid": 0, "pos": [-2958.518, 559.83, 314.67], "rotationMatrix": [-0.930327, -0.366731, 0.0, 0.366731, -0.930327, 0.0, 0.0, 0.0, 1.0], "scale": 0.73, "type": "italy_boulder_1"}
{"ctxid": 0, "pos": [-2989.8, 295.703, 314.67], "rotationMatrix": [-0.569924, -0.821697, 0.0, 0.821697, -0.569924, 0.0, 0.0, 0.0, 1.0], "scale": 0.759, "type": "italy_boulder_1"}
{"ctxid": 0, "pos": [-2944.082, 189.923, 312.696], "rotationMatrix": [-0.238447, -0.971155, 0.0, 0.971155, -0.238447, 0.0, 0.0, 0.0, 1.0], "scale": 1.162, "type": "italy_boulder_1"}
{"ctxid": 0, "pos": [-2926.457, 89.232, 312.696], "rotationMatrix": [-0.96441, -0.264411, 0.0, 0.264411, -0.96441, 0.0, 0.0, 0.0, 1.0], "scale": 0.779, "type": "italy_boulder_1"}
{"ctxid": 0, "pos": [-2900.05, 344.737, 314.67], "rotationMatrix": [0.419448, 0.907779, 0.0, -0.907779, 0.419448, 0.0, 0.0, 0.0, 1.0], "scale": 0.765, "type": "italy_boulder_1"}
{"ctxid": 0, "pos": [-2887.593, 237.267, 312.696], "rotationMatrix": [-0.908316, 0.418285, 0.0, -0.418285, -0.908316, 0.0, 0.0, 0.0, 1.0], "scale": 1.092, "type": "italy_boulder_1"}
{"ctxid": 0, "pos": [-2847.116, 330.596, 314.67], "rotationMatrix": [0.971213, -0.238212, 0.0, 0.238212, 0.971213, 0.0, 0.0, 0.0, 1.0], "scale": 1.109, "type": "italy_boulder_1"}
{"ctxid": 0, "pos": [-2781.866, 822.721, 316.922], "rotationMatrix": [0.249193, -0.968454, 0.0, 0.968454, 0.249193, 0.0, 0.0, 0.0, 1.0], "scale": 0.824, "type": "italy_boulder_1"}
{"ctxid": 0, "pos": [-2737.393, 716.273, 316.922], "rotationMatrix": [0.953965, 0.299918, 0.0, -0.299918, 0.953965, 0.0, 0.0, 0.0, 1.0], "scale": 1.159, "type": "italy_boulder_1"}
{"ctxid": 0, "pos": [-3294.983, 589.143, 316.922], "rotationMatrix": [-0.929483, 0.368864, 0.0, -0.368864, -0.929483, 0.0, 0.0, 0.0, 1.0], "scale": 0.889, "type": "italy_boulder_1"}
{"ctxid": 0, "pos": [-3801.543, 631.488, 366.965], "rotationMatrix": [-0.999283, -0.037871, 0.0, 0.037871, -0.999283, 0.0, 0.0, 0.0, 1.0], "scale": 0.953, "type": "italy_boulder_1"}
{"ctxid": 0, "pos": [-3770.297, 636.628, 366.965], "rotationMatrix": [0.971912, -0.235343, 0.0, 0.235343, 0.971912, 0.0, 0.0, 0.0, 1.0], "scale": 0.922, "type": "italy_boulder_1"}
{"ctxid": 0, "pos": [-3652.66, 583.554, 366.965], "rotationMatrix": [0.507254, -0.861796, 0.0, 0.861796, 0.507254, 0.0, 0.0, 0.0, 1.0], "scale": 1.063, "type": "italy_boulder_1"}
{"ctxid": 0, "pos": [-3581.194, 660.591, 366.965], "rotationMatrix": [-0.185477, 0.982649, 0.0, -0.982649, -0.185477, 0.0, 0.0, 0.0, 1.0], "scale": 0.895, "type": "italy_boulder_1"}
{"ctxid": 0, "pos": [-274.029, -4970.875, 243.584], "rotationMatrix": [0.984631, 0.174645, 0.0, -0.174645, 0.984631, 0.0, 0.0, 0.0, 1.0], "scale": 0.716, "type": "italy_boulder_1"}
{"ctxid": 0, "pos": [-206.449, -5023.146, 243.584], "rotationMatrix": [-0.25067, -0.968072, 0.0, 0.968072, -0.25067, 0.0, 0.0, 0.0, 1.0], "scale": 0.744, "type": "italy_boulder_1"}
{"ctxid": 0, "pos": [-226.035, -4878.944, 243.584], "rotationMatrix": [-0.700215, 0.713932, 0.0, -0.713932, -0.700215, 0.0, 0.0, 0.0, 1.0], "scale": 1.072, "type": "italy_boulder_1"}
{"ctxid": 0, "pos": [-82.548, -5023.555, 243.584], "rotationMatrix": [0.042949, -0.999077, 0.0, 0.999077, 0.042949, 0.0, 0.0, 0.0, 1.0], "scale": 1.046, "type": "italy_boulder_1"}
{"ctxid": 0, "pos": [-56.677, -4934.506, 243.584], "rotationMatrix": [-0.595043, 0.803694, 0.0, -0.803694, -0.595043, 0.0, 0.0, 0.0, 1.0], "scale": 0.905, "type": "italy_boulder_1"}
{"ctxid": 0, "pos": [-54.501, -4887.376, 243.584], "rotationMatrix": [0.931441, -0.363892, 0.0, 0.363892, 0.931441, 0.0, 0.0, 0.0, 1.0], "scale": 0.925, "type": "italy_boulder_1"}
{"ctxid": 0, "pos": [-2114.629, -4894.418, 96.006], "rotationMatrix": [-0.868357, 0.49594, 0.0, -0.49594, -0.868357, 0.0, 0.0, 0.0, 1.0], "scale": 1.156, "type": "italy_boulder_1"}
{"ctxid": 0, "pos": [-1974.329, -5122.956, 96.006], "rotationMatrix": [-0.926515, 0.376258, 0.0, -0.376258, -0.926515, 0.0, 0.0, 0.0, 1.0], "scale": 0.914, "type": "italy_boulder_1"}
{"ctxid": 0, "pos": [-1976.909, -5096.269, 96.006], "rotationMatrix": [0.000319, 1.0, 0.0, -1.0, 0.000319, 0.0, 0.0, 0.0, 1.0], "scale": 1.08, "type": "italy_boulder_1"}
{"ctxid": 0, "pos": [-1910.674, -5056.016, 96.006], "rotationMatrix": [0.355152, 0.934809, 0.0, -0.934809, 0.355152, 0.0, 0.0, 0.0, 1.0], "scale": 1.245, "type": "italy_boulder_1"}
{"ctxid": 0, "pos": [-1829.173, -5149.053, 245.689], "rotationMatrix": [0.571263, -0.820767, 0.0, 0.820767, 0.571263, 0.0, 0.0, 0.0, 1.0], "scale": 0.978, "type": "italy_boulder_1"}
{"ctxid": 0, "pos": [-1227.515, 2963.269, 365.004], "rotationMatrix": [0.448833, 0.893616, 0.0, -0.893616, 0.448833, 0.0, 0.0, 0.0, 1.0], "scale": 1.288, "type": "italy_boulder_1"}
{"ctxid": 0, "pos": [-1221.293, 3205.445, 365.72], "rotationMatrix": [0.355741, -0.934585, 0.0, 0.934585, 0.355741, 0.0, 0.0, 0.0, 1.0], "scale": 0.956, "type": "italy_boulder_1"}
{"ctxid": 0, "pos": [-1117.958, 2958.962, 364.654], "rotationMatrix": [-0.976757, 0.214348, 0.0, -0.214348, -0.976757, 0.0, 0.0, 0.0, 1.0], "scale": 1.02, "type": "italy_boulder_1"}
{"ctxid": 0, "pos": [-1114.094, 3161.067, 365.339], "rotationMatrix": [0.981174, -0.193123, 0.0, 0.193123, 0.981174, 0.0, 0.0, 0.0, 1.0], "scale": 1.075, "type": "italy_boulder_1"}
{"ctxid": 0, "pos": [-1115.588, 3213.253, 366.011], "rotationMatrix": [-0.501744, 0.865016, 0.0, -0.865016, -0.501744, 0.0, 0.0, 0.0, 1.0], "scale": 1.158, "type": "italy_boulder_1"}
{"ctxid": 0, "pos": [-1043.916, 3102.474, 364.654], "rotationMatrix": [0.998467, -0.055355, 0.0, 0.055355, 0.998467, 0.0, 0.0, 0.0, 1.0], "scale": 0.941, "type": "italy_boulder_1"}
{"ctxid": 0, "pos": [-1053.754, 3204.662, 365.339], "rotationMatrix": [0.131389, 0.991331, 0.0, -0.991331, 0.131389, 0.0, 0.0, 0.0, 1.0], "scale": 1.214, "type": "italy_boulder_1"}
{"ctxid": 0, "pos": [-978.992, 3024.554, 364.04], "rotationMatrix": [0.989907, 0.141716, 0.0, -0.141716, 0.989907, 0.0, 0.0, 0.0, 1.0], "scale": 0.825, "type": "italy_boulder_1"}
{"ctxid": 0, "pos": [-1059.925, 3545.144, 364.248], "rotationMatrix": [-0.690339, -0.723486, 0.0, 0.723486, -0.690339, 0.0, 0.0, 0.0, 1.0], "scale": 0.799, "type": "italy_boulder_1"}
{"ctxid": 0, "pos": [-1037.438, 3506.807, 364.248], "rotationMatrix": [0.869142, 0.494562, 0.0, -0.494562, 0.869142, 0.0, 0.0, 0.0, 1.0], "scale": 1.215, "type": "italy_boulder_1"}
{"ctxid": 0, "pos": [-1027.408, 3689.993, 382.401], "rotationMatrix": [0.098839, 0.995103, 0.0, -0.995103, 0.098839, 0.0, 0.0, 0.0, 1.0], "scale": 0.865, "type": "italy_boulder_1"}
{"ctxid": 0, "pos": [-245.72, 2075.784, 292.912], "rotationMatrix": [-0.998865, 0.047634, 0.0, -0.047634, -0.998865, 0.0, 0.0, 0.0, 1.0], "scale": 0.943, "type": "italy_boulder_1"}
{"ctxid": 0, "pos": [-178.229, 2049.93, 229.882], "rotationMatrix": [-0.962121, -0.272624, 0.0, 0.272624, -0.962121, 0.0, 0.0, 0.0, 1.0], "scale": 1.142, "type": "italy_boulder_1"}
{"ctxid": 0, "pos": [-49.263, 2088.427, 229.882], "rotationMatrix": [0.728864, -0.684659, 0.0, 0.684659, 0.728864, 0.0, 0.0, 0.0, 1.0], "scale": 1.052, "type": "italy_boulder_1"}
{"ctxid": 0, "pos": [0.256, 2122.918, 229.882], "rotationMatrix": [-0.796985, 0.603999, 0.0, -0.603999, -0.796985, 0.0, 0.0, 0.0, 1.0], "scale": 0.815, "type": "italy_boulder_1"}
{"ctxid": 0, "pos": [-5.943, 2175.688, 229.882], "rotationMatrix": [-0.863641, 0.504107, 0.0, -0.504107, -0.863641, 0.0, 0.0, 0.0, 1.0], "scale": 1.105, "type": "italy_boulder_1"}
{"ctxid": 0, "pos": [-2106.931, 1805.899, 366.965], "rotationMatrix": [-0.243422, -0.969921, 0.0, 0.969921, -0.243422, 0.0, 0.0, 0.0, 1.0], "scale": 0.933, "type": "italy_boulder_1"}
{"ctxid": 0, "pos": [-2018.79, 1676.976, 365.539], "rotationMatrix": [-0.645606, 0.763671, 0.0, -0.763671, -0.645606, 0.0, 0.0, 0.0, 1.0], "scale": 0.979, "type": "italy_boulder_1"}
{"ctxid": 0, "pos": [-1992.542, 1846.432, 423.117], "rotationMatrix": [0.996166, -0.087479, 0.0, 0.087479, 0.996166, 0.0, 0.0, 0.0, 1.0], "scale": 0.916, "type": "italy_boulder_1"}
{"ctxid": 0, "pos": [-1859.087, 1866.232, 419.135], "rotationMatrix": [-0.989795, -0.142497, 0.0, 0.142497, -0.989795, 0.0, 0.0, 0.0, 1.0], "scale": 0.737, "type": "italy_boulder_1"}
{"ctxid": 0, "pos": [-2572.631, 3324.245, 440.03], "rotationMatrix": [0.719944, -0.694032, 0.0, 0.694032, 0.719944, 0.0, 0.0, 0.0, 1.0], "scale": 0.854, "type": "italy_boulder_1"}
{"ctxid": 0, "pos": [-1758.214, 2904.555, 340.646], "rotationMatrix": [0.73579, 0.67721, 0.0, -0.67721, 0.73579, 0.0, 0.0, 0.0, 1.0], "scale": 1.162, "type": "italy_boulder_1"}
{"ctxid": 0, "pos": [-1776.552, 3046.762, 356.337], "rotationMatrix": [-0.990927, 0.134398, 0.0, -0.134398, -0.990927, 0.0, 0.0, 0.0, 1.0], "scale": 1.014, "type": "italy_boulder_1"}
{"ctxid": 0, "pos": [-1723.154, 2984.39, 349.315], "rotationMatrix": [-0.731925, -0.681386, 0.0, 0.681386, -0.731925, 0.0, 0.0, 0.0, 1.0], "scale": 0.971, "type": "italy_boulder_1"}
{"ctxid": 0, "pos": [-1721.002, 3102.161, 356.337], "rotationMatrix": [0.150882, -0.988552, 0.0, 0.988552, 0.150882, 0.0, 0.0, 0.0, 1.0], "scale": 0.72, "type": "italy_boulder_1"}
{"ctxid": 0, "pos": [-1659.618, 2957.284, 340.636], "rotationMatrix": [0.27417, 0.961681, 0.0, -0.961681, 0.27417, 0.0, 0.0, 0.0, 1.0], "scale": 0.701, "type": "italy_boulder_1"}
{"ctxid": 0, "pos": [-1632.247, 3079.135, 349.315], "rotationMatrix": [0.51695, 0.856015, 0.0, -0.856015, 0.51695, 0.0, 0.0, 0.0, 1.0], "scale": 0.718, "type": "italy_boulder_1"}
{"ctxid": 0, "pos": [-1646.259, 3122.874, 380.413], "rotationMatrix": [0.031509, -0.999503, 0.0, 0.999503, 0.031509, 0.0, 0.0, 0.0, 1.0], "scale": 1.106, "type": "italy_boulder_1"}
{"ctxid": 0, "pos": [-1551.606, 3081.655, 360.999], "rotationMatrix": [-0.125715, 0.992066, 0.0, -0.992066, -0.125715, 0.0, 0.0, 0.0, 1.0], "scale": 0.835, "type": "italy_boulder_1"}
{"ctxid": 0, "pos": [-1548.477, 3174.774, 380.413], "rotationMatrix": [0.967605, 0.252467, 0.0, -0.252467, 0.967605, 0.0, 0.0, 0.0, 1.0], "scale": 1.133, "type": "italy_boulder_1"}
{"ctxid": 0, "pos": [-476.17, 2565.009, 351.593], "rotationMatrix": [0.619582, 0.784932, 0.0, -0.784932, 0.619582, 0.0, 0.0, 0.0, 1.0], "scale": 1.118, "type": "italy_boulder_1"}
{"ctxid": 0, "pos": [-471.013, 2598.147, 351.593], "rotationMatrix": [0.965465, 0.260531, 0.0, -0.260531, 0.965465, 0.0, 0.0, 0.0, 1.0], "scale": 1.07, "type": "italy_boulder_1"}
{"ctxid": 0, "pos": [-476.439, 2760.046, 364.846], "rotationMatrix": [0.921387, -0.388646, 0.0, 0.388646, 0.921387, 0.0, 0.0, 0.0, 1.0], "scale": 1.187, "type": "italy_boulder_1"}
{"ctxid": 0, "pos": [-436.891, 2787.041, 364.846], "rotationMatrix": [0.688823, 0.72493, 0.0, -0.72493, 0.688823, 0.0, 0.0, 0.0, 1.0], "scale": 0.96, "type": "italy_boulder_1"}
{"ctxid": 0, "pos": [-326.289, 2532.493, 350.163], "rotationMatrix": [0.916351, -0.400376, 0.0, 0.400376, 0.916351, 0.0, 0.0, 0.0, 1.0], "scale": 1.268, "type": "italy_boulder_1"}
{"ctxid": 0, "pos": [-341.559, 2773.283, 364.94], "rotationMatrix": [0.881722, -0.471769, 0.0, 0.471769, 0.881722, 0.0, 0.0, 0.0, 1.0], "scale": 0.974, "type": "italy_boulder_1"}
{"ctxid": 0, "pos": [-282.144, 2659.013, 351.593], "rotationMatrix": [0.698466, -0.715644, 0.0, 0.715644, 0.698466, 0.0, 0.0, 0.0, 1.0], "scale": 0.994, "type": "italy_boulder_1"}
{"ctxid": 0, "pos": [-253.285, 3167.765, 364.475], "rotationMatrix": [-0.006932, -0.999976, 0.0, 0.999976, -0.006932, 0.0, 0.0, 0.0, 1.0], "scale": 1.013, "type": "italy_boulder_1"}
{"ctxid": 0, "pos": [-198.336, 3115.382, 364.846], "rotationMatrix": [-0.716586, -0.697498, 0.0, 0.697498, -0.716586, 0.0, 0.0, 0.0, 1.0], "scale": 1.097, "type": "italy_boulder_1"}
{"ctxid": 0, "pos": [-120.206, 3131.543, 364.846], "rotationMatrix": [-0.719572, -0.694418, 0.0, 0.694418, -0.719572, 0.0, 0.0, 0.0, 1.0], "scale": 0.785, "type": "italy_boulder_1"}
{"ctxid": 0, "pos": [-99.205, 3213.845, 364.475], "rotationMatrix": [0.388141, 0.9216, 0.0, -0.9216, 0.388141, 0.0, 0.0, 0.0, 1.0], "scale": 0.844, "type": "italy_boulder_1"}
{"ctxid": 0, "pos": [-120.925, 3281.103, 364.475], "rotationMatrix": [0.305805, -0.952094, 0.0, 0.952094, 0.305805, 0.0, 0.0, 0.0, 1.0], "scale": 1.016, "type": "italy_boulder_1"}
{"ctxid": 0, "pos": [-288.822, 2616.359, 351.593], "rotationMatrix": [-0.267789, -0.963478, 0.0, 0.963478, -0.267789, 0.0, 0.0, 0.0, 1.0], "scale": 1.285, "type": "italy_boulder_1"}
{"ctxid": 0, "pos": [-1272.048, 1415.52, 313.426], "rotationMatrix": [-0.517859, 0.855466, 0.0, -0.855466, -0.517859, 0.0, 0.0, 0.0, 1.0], "scale": 0.931, "type": "italy_boulder_1"}
{"ctxid": 0, "pos": [-1119.551, 2274.367, 348.726], "rotationMatrix": [0.883652, 0.468144, 0.0, -0.468144, 0.883652, 0.0, 0.0, 0.0, 1.0], "scale": 1.296, "type": "italy_boulder_1"}
{"ctxid": 0, "pos": [-1060.665, 2232.335, 364.409], "rotationMatrix": [0.859774, 0.510674, 0.0, -0.510674, 0.859774, 0.0, 0.0, 0.0, 1.0], "scale": 0.925, "type": "italy_boulder_1"}
{"ctxid": 0, "pos": [-1005.5, 2227.733, 364.409], "rotationMatrix": [0.807666, 0.58964, 0.0, -0.58964, 0.807666, 0.0, 0.0, 0.0, 1.0], "scale": 1.018, "type": "italy_boulder_1"}
{"ctxid": 0, "pos": [457.55, -76.31, 49.407], "rotationMatrix": [-0.525954, 0.850513, 0.0, -0.850513, -0.525954, 0.0, 0.0, 0.0, 1.0], "scale": 1.022, "type": "italy_boulder_1"}
{"ctxid": 0, "pos": [568.363, -178.918, 42.69], "rotationMatrix": [-0.293514, 0.955955, 0.0, -0.955955, -0.293514, 0.0, 0.0, 0.0, 1.0], "scale": 1.072, "type": "italy_boulder_1"}
{"ctxid": 0, "pos": [549.234, -137.554, 47.953], "rotationMatrix": [-0.6569, 0.753978, 0.0, -0.753978, -0.6569, 0.0, 0.0, 0.0, 1.0], "scale": 0.976, "type": "italy_boulder_1"}
{"ctxid": 0, "pos": [563.63, 15.826, 60.572], "rotationMatrix": [-0.350312, 0.936633, 0.0, -0.936633, -0.350312, 0.0, 0.0, 0.0, 1.0], "scale": 1.075, "type": "italy_boulder_1"}
{"ctxid": 0, "pos": [582.204, -201.927, 38.189], "rotationMatrix": [0.948529, -0.31669, 0.0, 0.31669, 0.948529, 0.0, 0.0, 0.0, 1.0], "scale": 0.883, "type": "italy_boulder_1"}
{"ctxid": 0, "pos": [650.714, -192.831, 28.886], "rotationMatrix": [0.941381, 0.337345, 0.0, -0.337345, 0.941381, 0.0, 0.0, 0.0, 1.0], "scale": 1.021, "type": "italy_boulder_1"}
{"ctxid": 0, "pos": [628.391, -150.965, 36.426], "rotationMatrix": [0.911766, -0.41071, 0.0, 0.41071, 0.911766, 0.0, 0.0, 0.0, 1.0], "scale": 0.797, "type": "italy_boulder_1"}
{"ctxid": 0, "pos": [632.86, 24.713, 56.697], "rotationMatrix": [-0.184245, 0.98288, 0.0, -0.98288, -0.184245, 0.0, 0.0, 0.0, 1.0], "scale": 0.943, "type": "italy_boulder_1"}
{"ctxid": 0, "pos": [1126.015, 500.836, 75.286], "rotationMatrix": [-0.678109, -0.734962, 0.0, 0.734962, -0.678109, 0.0, 0.0, 0.0, 1.0], "scale": 1.179, "type": "italy_boulder_1"}
{"ctxid": 0, "pos": [1130.999, 615.229, 75.286], "rotationMatrix": [0.122054, 0.992523, 0.0, -0.992523, 0.122054, 0.0, 0.0, 0.0, 1.0], "scale": 1.278, "type": "italy_boulder_1"}
{"ctxid": 0, "pos": [1131.978, 721.897, 76.779], "rotationMatrix": [-0.16313, 0.986605, 0.0, -0.986605, -0.16313, 0.0, 0.0, 0.0, 1.0], "scale": 1.007, "type": "italy_boulder_1"}
{"ctxid": 0, "pos": [452.727, 3675.753, 364.475], "rotationMatrix": [0.999455, 0.033012, 0.0, -0.033012, 0.999455, 0.0, 0.0, 0.0, 1.0], "scale": 1.032, "type": "italy_boulder_1"}
{"ctxid": 0, "pos": [412.787, 3630.411, 364.475], "rotationMatrix": [0.952838, -0.303478, 0.0, 0.303478, 0.952838, 0.0, 0.0, 0.0, 1.0], "scale": 1.165, "type": "italy_boulder_1"}
{"ctxid": 0, "pos": [528.957, 3704.948, 364.475], "rotationMatrix": [-0.572508, 0.819899, 0.0, -0.819899, -0.572508, 0.0, 0.0, 0.0, 1.0], "scale": 0.957, "type": "italy_boulder_1"}
{"ctxid": 0, "pos": [486.551, 3768.243, 364.475], "rotationMatrix": [-0.011776, 0.999931, 0.0, -0.999931, -0.011776, 0.0, 0.0, 0.0, 1.0], "scale": 1.0, "type": "italy_boulder_1"}
{"ctxid": 0, "pos": [534.472, 3727.991, 364.475], "rotationMatrix": [-0.012558, -0.999921, 0.0, 0.999921, -0.012558, 0.0, 0.0, 0.0, 1.0], "scale": 1.056, "type": "italy_boulder_1"}
{"ctxid": 0, "pos": [574.876, 3732.369, 364.475], "rotationMatrix": [-0.613129, -0.789983, 0.0, 0.789983, -0.613129, 0.0, 0.0, 0.0, 1.0], "scale": 0.746, "type": "italy_boulder_1"}
{"ctxid": 0, "pos": [592.072, 3590.683, 364.475], "rotationMatrix": [-0.876228, 0.481898, 0.0, -0.481898, -0.876228, 0.0, 0.0, 0.0, 1.0], "scale": 1.021, "type": "italy_boulder_1"}
{"ctxid": 0, "pos": [131.184, 3619.77, 364.025], "rotationMatrix": [-0.849713, -0.527246, 0.0, 0.527246, -0.849713, 0.0, 0.0, 0.0, 1.0], "scale": 1.239, "type": "italy_boulder_1"}
{"ctxid": 0, "pos": [114.021, 3686.396, 364.025], "rotationMatrix": [-0.692949, -0.720987, 0.0, 0.720987, -0.692949, 0.0, 0.0, 0.0, 1.0], "scale": 0.963, "type": "italy_boulder_1"}
{"ctxid": 0, "pos": [286.109, 3556.527, 364.475], "rotationMatrix": [-0.958073, 0.286523, 0.0, -0.286523, -0.958073, 0.0, 0.0, 0.0, 1.0], "scale": 0.738, "type": "italy_boulder_1"}
{"ctxid": 0, "pos": [353.56, 3777.942, 364.025], "rotationMatrix": [-0.626699, -0.779262, 0.0, 0.779262, -0.626699, 0.0, 0.0, 0.0, 1.0], "scale": 0.95, "type": "italy_boulder_1"}
{"ctxid": 0, "pos": [-3.128, 3282.077, 364.475], "rotationMatrix": [0.911655, -0.410956, 0.0, 0.410956, 0.911655, 0.0, 0.0, 0.0, 1.0], "scale": 0.971, "type": "italy_boulder_1"}
{"ctxid": 0, "pos": [8.266, 3410.292, 364.475], "rotationMatrix": [0.78219, -0.62304, 0.0, 0.62304, 0.78219, 0.0, 0.0, 0.0, 1.0], "scale": 0.718, "type": "italy_boulder_1"}
{"ctxid": 0, "pos": [52.082, 3572.975, 364.025], "rotationMatrix": [-0.661034, 0.750356, 0.0, -0.750356, -0.661034, 0.0, 0.0, 0.0, 1.0], "scale": 0.996, "type": "italy_boulder_1"}
{"ctxid": 0, "pos": [176.229, 3426.612, 364.475], "rotationMatrix": [0.40454, 0.91452, 0.0, -0.91452, 0.40454, 0.0, 0.0, 0.0, 1.0], "scale": 0.722, "type": "italy_boulder_1"}
{"ctxid": 0, "pos": [219.997, 3403.784, 364.475], "rotationMatrix": [0.428517, 0.903534, 0.0, -0.903534, 0.428517, 0.0, 0.0, 0.0, 1.0], "scale": 0.782, "type": "italy_boulder_1"}
{"ctxid": 0, "pos": [834.443, 5267.855, 365.339], "rotationMatrix": [-0.950717, -0.310059, 0.0, 0.310059, -0.950717, 0.0, 0.0, 0.0, 1.0], "scale": 0.747, "type": "italy_boulder_1"}
{"ctxid": 0, "pos": [209.816, 3957.26, 364.04], "rotationMatrix": [-0.615988, 0.787756, 0.0, -0.787756, -0.615988, 0.0, 0.0, 0.0, 1.0], "scale": 1.177, "type": "italy_boulder_1"}
{"ctxid": 0, "pos": [213.439, 4173.184, 364.654], "rotationMatrix": [-0.507042, -0.861922, 0.0, 0.861922, -0.507042, 0.0, 0.0, 0.0, 1.0], "scale": 1.217, "type": "italy_boulder_1"}
{"ctxid": 0, "pos": [305.133, 4075.207, 364.04], "rotationMatrix": [0.350336, -0.936624, 0.0, 0.936624, 0.350336, 0.0, 0.0, 0.0, 1.0], "scale": 1.284, "type": "italy_boulder_1"}
{"ctxid": 0, "pos": [283.369, 4160.891, 364.654], "rotationMatrix": [0.630003, -0.776593, 0.0, 0.776593, 0.630003, 0.0, 0.0, 0.0, 1.0], "scale": 1.045, "type": "italy_boulder_1"}
{"ctxid": 0, "pos": [381.412, 4059.433, 364.04], "rotationMatrix": [-0.467099, 0.884205, 0.0, -0.884205, -0.467099, 0.0, 0.0, 0.0, 1.0], "scale": 0.808, "type": "italy_boulder_1"}
