{"ctxid": 0, "pos": [-3416.714, 544.445, 316.922], "rotationMatrix": [0.305916, 0.952058, 0.0, -0.952058, 0.305916, 0.0, 0.0, 0.0, 1.0], "scale": 1.059, "type": "italy_rockface_small_3"}
{"ctxid": 0, "pos": [-3380.201, 575.472, 316.922], "rotationMatrix": [-0.818929, 0.573895, 0.0, -0.573895, -0.818929, 0.0, 0.0, 0.0, 1.0], "scale": 1.137, "type": "italy_rockface_small_3"}
{"ctxid": 0, "pos": [-3140.914, 639.826, 316.922], "rotationMatrix": [0.864298, -0.50298, 0.0, 0.50298, 0.864298, 0.0, 0.0, 0.0, 1.0], "scale": 1.014, "type": "italy_rockface_small_3"}
{"ctxid": 0, "pos": [-2962.767, 523.367, 314.67], "rotationMatrix": [0.810363, -0.585928, 0.0, 0.585928, 0.810363, 0.0, 0.0, 0.0, 1.0], "scale": 0.978, "type": "italy_rockface_small_3"}
{"ctxid": 0, "pos": [-2850.497, 373.906, 314.67], "rotationMatrix": [0.986686, 0.162637, 0.0, -0.162637, 0.986686, 0.0, 0.0, 0.0, 1.0], "scale": 0.916, "type": "italy_rockface_small_3"}
{"ctxid": 0, "pos": [-2856.044, 746.221, 316.922], "rotationMatrix": [0.665927, -0.746017, 0.0, 0.746017, 0.665927, 0.0, 0.0, 0.0, 1.0], "scale": 1.069, "type": "italy_rockface_small_3"}
{"ctxid": 0, "pos": [-3457.169, 537.667, 316.922], "rotationMatrix": [0.999984, 0.005686, 0.0, -0.005686, 0.999984, 0.0, 0.0, 0.0, 1.0], "scale": 0.737, "type": "italy_rockface_small_3"}
{"ctxid": 0, "pos": [-3762.991, 473.489, 316.922], "rotationMatrix": [-0.607148, 0.794589, 0.0, -0.794589, -0.607148, 0.0, 0.0, 0.0, 1.0], "scale": 1.169, "type": "italy_rockface_small_3"}
{"ctxid": 0, "pos": [-3791.118, 547.887, 366.965], "rotationMatrix": [-0.679034, -0.734107, 0.0, 0.734107, -0.679034, 0.0, 0.0, 0.0, 1.0], "scale": 0.773, "type": "italy_rockface_small_3"}
{"ctxid": 0, "pos": [-3364.852, 342.816, 314.67], "rotationMatrix": [0.58583, -0.810434, 0.0, 0.810434, 0.58583, 0.0, 0.0, 0.0, 1.0], "scale": 1.097, "type": "italy_rockface_small_3"}
{"ctxid": 0, "pos": [-3821.468, 773.461, 366.965], "rotationMatrix": [-0.428083, 0.90374, 0.0, -0.90374, -0.428083, 0.0, 0.0, 0.0, 1.0], "scale": 1.167, "type": "italy_rockface_small_3"}
{"ctxid": 0, "pos": [-3626.88, 554.668, 316.922], "rotationMatrix": [-0.830394, 0.557177, 0.0, -0.557177, -0.830394, 0.0, 0.0, 0.0, 1.0], "scale": 1.232, "type": "italy_rockface_small_3"}
{"ctxid": 0, "pos": [-3634.74, 727.638, 366.965], "rotationMatrix": [-0.056293, -0.998414, 0.0, 0.998414, -0.056293, 0.0, 0.0, 0.0, 1.0], "scale": 0.884, "type": "italy_rockface_small_3"}
{"ctxid": 0, "pos": [-3215.467, 456.572, 316.922], "rotationMatrix": [0.097875, 0.995199, 0.0, -0.995199, 0.097875, 0.0, 0.0, 0.0, 1.0], "scale": 0.888, "type": "italy_rockface_small_3"}
{"ctxid": 0, "pos": [-3200.095, 409.726, 314.67], "rotationMatrix": [-0.167631, -0.98585, 0.0, 0.98585, -0.167631, 0.0, 0.0, 0.0, 1.0], "scale": 0.906, "type": "italy_rockface_small_3"}
{"ctxid": 0, "pos": [-3048.286, -178.947, 312.696], "rotationMatrix": [-0.603453, 0.797399, 0.0, -0.797399, -0.603453, 0.0, 0.0, 0.0, 1.0], "scale": 1.155, "type": "italy_rockface_small_3"}
{"ctxid": 0, "pos": [-3056.552, -102.547, 312.696], "rotationMatrix": [-0.338857, -0.940838, 0.0, 0.940838, -0.338857, 0.0, 0.0, 0.0, 1.0], "scale": 1.147, "type": "italy_rockface_small_3"}
{"ctxid": 0, "pos": [-3898.259, 739.915, 366.965], "rotationMatrix": [-0.815541, 0.578699, 0.0, -0.578699, -0.815541, 0.0, 0.0, 0.0, 1.0], "scale": 1.152, "type": "italy_rockface_small_3"}
{"ctxid": 0, "pos": [-309.474, -5037.095, 243.584], "rotationMatrix": [0.178596, -0.983922, 0.0, 0.983922, 0.178596, 0.0, 0.0, 0.0, 1.0], "scale": 0.837, "type": "italy_rockface_small_3"}
{"ctxid": 0, "pos": [-309.762, -4984.216, 243.584], "rotationMatrix": [-0.812944, 0.582342, 0.0, -0.582342, -0.812944, 0.0, 0.0, 0.0, 1.0], "scale": 1.206, "type": "italy_rockface_small_3"}
{"ctxid": 0, "pos": [-308.641, -4912.409, 243.584], "rotationMatrix": [-0.052182, 0.998638, 0.0, -0.998638, -0.052182, 0.0, 0.0, 0.0, 1.0], "scale": 0.75, "type": "italy_rockface_small_3"}
{"ctxid": 0, "pos": [-228.04, -5117.353, 243.584], "rotationMatrix": [0.32499, -0.945717, 0.0, 0.945717, 0.32499, 0.0, 0.0, 0.0, 1.0], "scale": 1.248, "type": "italy_rockface_small_3"}
{"ctxid": 0, "pos": [-148.54, -4906.572, 243.584], "rotationMatrix": [0.160352, -0.98706, 0.0, 0.98706, 0.160352, 0.0, 0.0, 0.0, 1.0], "scale": 1.031, "type": "italy_rockface_small_3"}
{"ctxid": 0, "pos": [-77.916, -4925.15, 243.584], "rotationMatrix": [0.654427, 0.756126, 0.0, -0.756126, 0.654427, 0.0, 0.0, 0.0, 1.0], "scale": 0.727, "type": "italy_rockface_small_3"}
{"ctxid": 0, "pos": [-2064.39, -5098.501, 96.006], "rotationMatrix": [-0.326775, -0.945102, 0.0, 0.945102, -0.326775, 0.0, 0.0, 0.0, 1.0], "scale": 1.221, "type": "italy_rockface_small_3"}
{"ctxid": 0, "pos": [-2018.264, -4934.542, 96.006], "rotationMatrix": [-0.973104, -0.230367, 0.0, 0.230367, -0.973104, 0.0, 0.0, 0.0, 1.0], "scale": 0.796, "type": "italy_rockface_small_3"}
{"ctxid": 0, "pos": [-1932.19, -4883.012, 96.006], "rotationMatrix": [-0.424407, 0.905472, 0.0, -0.905472, -0.424407, 0.0, 0.0, 0.0, 1.0], "scale": 0.799, "type": "italy_rockface_small_3"}
{"ctxid": 0, "pos": [-1816.616, -5065.421, 245.689], "rotationMatrix": [-0.914313, -0.405008, 0.0, 0.405008, -0.914313, 0.0, 0.0, 0.0, 1.0], "scale": 1.22, "type": "italy_rockface_small_3"}
{"ctxid": 0, "pos": [-1836.247, -5018.923, 245.689], "rotationMatrix": [0.879199, 0.476454, 0.0, -0.476454, 0.879199, 0.0, 0.0, 0.0, 1.0], "scale": 1.163, "type": "italy_rockface_small_3"}
{"ctxid": 0, "pos": [-1838.567, -4872.337, 96.006], "rotationMatrix": [-0.002319, 0.999997, 0.0, -0.999997, -0.002319, 0.0, 0.0, 0.0, 1.0], "scale": 1.203, "type": "italy_rockface_small_3"}
{"ctxid": 0, "pos": [-1226.322, 2928.894, 364.654], "rotationMatrix": [0.931142, -0.364657, 0.0, 0.364657, 0.931142, 0.0, 0.0, 0.0, 1.0], "scale": 0.918, "type": "italy_rockface_small_3"}
{"ctxid": 0, "pos": [-1211.094, 3048.572, 365.339], "rotationMatrix": [0.910834, 0.412772, 0.0, -0.412772, 0.910834, 0.0, 0.0, 0.0, 1.0], "scale": 1.269, "type": "italy_rockface_small_3"}
{"ctxid": 0, "pos": [-1162.71, 2980.555, 364.654], "rotationMatrix": [0.660999, -0.750387, 0.0, 0.750387, 0.660999, 0.0, 0.0, 0.0, 1.0], "scale": 0.966, "type": "italy_rockface_small_3"}
{"ctxid": 0, "pos": [-1096.48, 3062.88, 365.004], "rotationMatrix": [-0.934117, -0.356968, 0.0, 0.356968, -0.934117, 0.0, 0.0, 0.0, 1.0], "scale": 0.933, "type": "italy_rockface_small_3"}
{"ctxid": 0, "pos": [-1009.595, 3001.942, 364.04], "rotationMatrix": [-0.118402, -0.992966, 0.0, 0.992966, -0.118402, 0.0, 0.0, 0.0, 1.0], "scale": 0.994, "type": "italy_rockface_small_3"}
{"ctxid": 0, "pos": [-1219.648, 3482.079, 382.401], "rotationMatrix": [0.29432, -0.955707, 0.0, 0.955707, 0.29432, 0.0, 0.0, 0.0, 1.0], "scale": 1.149, "type": "italy_rockface_small_3"}
{"ctxid": 0, "pos": [-1189.926, 3521.386, 382.401], "rotationMatrix": [0.985057, 0.172226, 0.0, -0.172226, 0.985057, 0.0, 0.0, 0.0, 1.0], "scale": 0.985, "type": "italy_rockface_small_3"}
{"ctxid": 0, "pos": [-1123.17, 3541.689, 382.401], "rotationMatrix": [0.704258, 0.709944, 0.0, -0.709944, 0.704258, 0.0, 0.0, 0.0, 1.0], "scale": 1.175, "type": "italy_rockface_small_3"}
{"ctxid": 0, "pos": [-1107.369, 3667.411, 382.401], "rotationMatrix": [-0.88965, 0.456643, 0.0, -0.456643, -0.88965, 0.0, 0.0, 0.0, 1.0], "scale": 0.984, "type": "italy_rockface_small_3"}
{"ctxid": 0, "pos": [-1069.933, 3617.948, 382.401], "rotationMatrix": [-0.995545, 0.094289, 0.0, -0.094289, -0.995545, 0.0, 0.0, 0.0, 1.0], "scale": 1.11, "type": "italy_rockface_small_3"}
{"ctxid": 0, "pos": [-946.451, 3415.481, 366.011], "rotationMatrix": [-0.828828, -0.559503, 0.0, 0.559503, -0.828828, 0.0, 0.0, 0.0, 1.0], "scale": 0.836, "type": "italy_rockface_small_3"}
{"ctxid": 0, "pos": [-124.385, 1988.633, 229.882], "rotationMatrix": [-0.474948, -0.880014, 0.0, 0.880014, -0.474948, 0.0, 0.0, 0.0, 1.0], "scale": 0.862, "type": "italy_rockface_small_3"}
{"ctxid": 0, "pos": [-49.046, 2149.242, 229.882], "rotationMatrix": [-0.618285, 0.785954, 0.0, -0.785954, -0.618285, 0.0, 0.0, 0.0, 1.0], "scale": 0.757, "type": "italy_rockface_small_3"}
{"ctxid": 0, "pos": [22.556, 1984.907, 228.736], "rotationMatrix": [-0.963656, -0.267146, 0.0, 0.267146, -0.963656, 0.0, 0.0, 0.0, 1.0], "scale": 1.202, "type": "italy_rockface_small_3"}
{"ctxid": 0, "pos": [36.645, 2063.653, 229.882], "rotationMatrix": [0.995884, -0.090634, 0.0, 0.090634, 0.995884, 0.0, 0.0, 0.0, 1.0], "scale": 1.036, "type": "italy_rockface_small_3"}
{"ctxid": 0, "pos": [-1969.219, 1730.578, 419.135], "rotationMatrix": [0.277515, 0.960721, 0.0, -0.960721, 0.277515, 0.0, 0.0, 0.0, 1.0], "scale": 1.019, "type": "italy_rockface_small_3"}
{"ctxid": 0, "pos": [-1906.975, 1683.699, 419.135], "rotationMatrix": [0.996437, -0.084342, 0.0, 0.084342, 0.996437, 0.0, 0.0, 0.0, 1.0], "scale": 0.871, "type": "italy_rockface_small_3"}
{"ctxid": 0, "pos": [-1879.513, 1813.372, 419.135], "rotationMatrix": [-0.10679, 0.994282, 0.0, -0.994282, -0.10679, 0.0, 0.0, 0.0, 1.0], "scale": 0.959, "type": "italy_rockface_small_3"}
{"ctxid": 0, "pos": [-2612.505, 3245.389, 442.619], "rotationMatrix": [0.837275, 0.546783, 0.0, -0.546783, 0.837275, 0.0, 0.0, 0.0, 1.0], "scale": 1.089, "type": "italy_rockface_small_3"}
{"ctxid": 0, "pos": [-2574.565, 3247.065, 439.352], "rotationMatrix": [0.130051, -0.991507, 0.0, 0.991507, 0.130051, 0.0, 0.0, 0.0, 1.0], "scale": 1.046, "type": "italy_rockface_small_3"}
{"ctxid": 0, "pos": [-2539.621, 3307.306, 433.071], "rotationMatrix": [-0.811337, 0.584579, 0.0, -0.584579, -0.811337, 0.0, 0.0, 0.0, 1.0], "scale": 0.966, "type": "italy_rockface_small_3"}
{"ctxid": 0, "pos": [-2471.199, 3319.19, 417.678], "rotationMatrix": [0.985649, 0.168807, 0.0, -0.168807, 0.985649, 0.0, 0.0, 0.0, 1.0], "scale": 0.744, "type": "italy_rockface_small_3"}
{"ctxid": 0, "pos": [-2428.441, 3073.422, 412.021], "rotationMatrix": [0.135744, 0.990744, 0.0, -0.990744, 0.135744, 0.0, 0.0, 0.0, 1.0], "scale": 0.916, "type": "italy_rockface_small_3"}
{"ctxid": 0, "pos": [-1706.65, 2914.58, 340.646], "rotationMatrix": [-0.995726, -0.092353, 0.0, 0.092353, -0.995726, 0.0, 0.0, 0.0, 1.0], "scale": 0.939, "type": "italy_rockface_small_3"}
{"ctxid": 0, "pos": [-1577.351, 2886.823, 340.636], "rotationMatrix": [0.989338, -0.145637, 0.0, 0.145637, 0.989338, 0.0, 0.0, 0.0, 1.0], "scale": 1.208, "type": "italy_rockface_small_3"}
{"ctxid": 0, "pos": [-1599.046, 2999.511, 340.636], "rotationMatrix": [0.941719, 0.3364, 0.0, -0.3364, 0.941719, 0.0, 0.0, 0.0, 1.0], "scale": 0.853, "type": "italy_rockface_small_3"}
{"ctxid": 0, "pos": [-1539.999, 2910.74, 340.636], "rotationMatrix": [0.996317, 0.085744, 0.0, -0.085744, 0.996317, 0.0, 0.0, 0.0, 1.0], "scale": 0.799, "type": "italy_rockface_small_3"}
{"ctxid": 0, "pos": [-1562.972, 3045.943, 362.597], "rotationMatrix": [0.976341, 0.216237, 0.0, -0.216237, 0.976341, 0.0, 0.0, 0.0, 1.0], "scale": 1.237, "type": "italy_rockface_small_3"}
{"ctxid": 0, "pos": [-1501.735, 2887.654, 340.636], "rotationMatrix": [0.779857, -0.625958, 0.0, 0.625958, 0.779857, 0.0, 0.0, 0.0, 1.0], "scale": 0.972, "type": "italy_rockface_small_3"}
{"ctxid": 0, "pos": [-170.826, 2533.067, 350.163], "rotationMatrix": [0.976081, -0.217407, 0.0, 0.217407, 0.976081, 0.0, 0.0, 0.0, 1.0], "scale": 1.208, "type": "italy_rockface_small_3"}
{"ctxid": 0, "pos": [-187.758, 2584.367, 350.163], "rotationMatrix": [0.865299, -0.501256, 0.0, 0.501256, 0.865299, 0.0, 0.0, 0.0, 1.0], "scale": 1.102, "type": "italy_rockface_small_3"}
{"ctxid": 0, "pos": [-186.12, 2759.745, 351.593], "rotationMatrix": [0.087798, -0.996138, 0.0, 0.996138, 0.087798, 0.0, 0.0, 0.0, 1.0], "scale": 0.792, "type": "italy_rockface_small_3"}
{"ctxid": 0, "pos": [-277.621, 3199.856, 364.475], "rotationMatrix": [-0.049755, -0.998761, 0.0, 0.998761, -0.049755, 0.0, 0.0, 0.0, 1.0], "scale": 0.939, "type": "italy_rockface_small_3"}
{"ctxid": 0, "pos": [-176.392, 3061.747, 364.846], "rotationMatrix": [0.962498, -0.27129, 0.0, 0.27129, 0.962498, 0.0, 0.0, 0.0, 1.0], "scale": 1.233, "type": "italy_rockface_small_3"}
{"ctxid": 0, "pos": [-161.239, 3150.251, 364.475], "rotationMatrix": [-0.061814, 0.998088, 0.0, -0.998088, -0.061814, 0.0, 0.0, 0.0, 1.0], "scale": 0.911, "type": "italy_rockface_small_3"}
{"ctxid": 0, "pos": [-18.098, 3013.734, 364.846], "rotationMatrix": [-0.153416, 0.988162, 0.0, -0.988162, -0.153416, 0.0, 0.0, 0.0, 1.0], "scale": 1.036, "type": "italy_rockface_small_3"}
{"ctxid": 0, "pos": [-20.252, 3141.164, 364.846], "rotationMatrix": [0.938893, 0.34421, 0.0, -0.34421, 0.938893, 0.0, 0.0, 0.0, 1.0], "scale": 0.94, "type": "italy_rockface_small_3"}
{"ctxid": 0, "pos": [-5.593, 3193.584, 364.846], "rotationMatrix": [-0.92644, 0.376442, 0.0, -0.376442, -0.92644, 0.0, 0.0, 0.0, 1.0], "scale": 0.973, "type": "italy_rockface_small_3"}
{"ctxid": 0, "pos": [-190.825, 3268.579, 364.475], "rotationMatrix": [0.995326, -0.096577, 0.0, 0.096577, 0.995326, 0.0, 0.0, 0.0, 1.0], "scale": 0.924, "type": "italy_rockface_small_3"}
{"ctxid": 0, "pos": [-93.811, 3181.643, 364.475], "rotationMatrix": [0.979798, 0.199988, 0.0, -0.199988, 0.979798, 0.0, 0.0, 0.0, 1.0], "scale": 0.811, "type": "italy_rockface_small_3"}
{"ctxid": 0, "pos": [-438.495, 2641.521, 364.94], "rotationMatrix": [-0.218598, -0.975815, 0.0, 0.975815, -0.218598, 0.0, 0.0, 0.0, 1.0], "scale": 1.238, "type": "italy_rockface_small_3"}
{"ctxid": 0, "pos": [-1277.6, 1423.149, 314.035], "rotationMatrix": [-0.971864, 0.235541, 0.0, -0.235541, -0.971864, 0.0, 0.0, 0.0, 1.0], "scale": 0.811, "type": "italy_rockface_small_3"}
{"ctxid": 0, "pos": [-1116.292, 2214.658, 364.409], "rotationMatrix": [0.591616, 0.80622, 0.0, -0.80622, 0.591616, 0.0, 0.0, 0.0, 1.0], "scale": 1.021, "type": "italy_rockface_small_3"}
{"ctxid": 0, "pos": [-1093.651, 2334.944, 365.196], "rotationMatrix": [0.783224, 0.62174, 0.0, -0.62174, 0.783224, 0.0, 0.0, 0.0, 1.0], "scale": 0.936, "type": "italy_rockface_small_3"}
{"ctxid": 0, "pos": [-1047.939, 2373.463, 365.196], "rotationMatrix": [0.946019, 0.324111, 0.0, -0.324111, 0.946019, 0.0, 0.0, 0.0, 1.0], "scale": 0.867, "type": "italy_rockface_small_3"}
{"ctxid": 0, "pos": [-1032.844, 2265.56, 364.409], "rotationMatrix": [-0.529319, -0.848423, 0.0, 0.848423, -0.529319, 0.0, 0.0, 0.0, 1.0], "scale": 0.922, "type": "italy_rockface_small_3"}
{"ctxid": 0, "pos": [-966.68, 2311.956, 351.593], "rotationMatrix": [-0.228141, -0.973628, 0.0, 0.973628, -0.228141, 0.0, 0.0, 0.0, 1.0], "scale": 1.124, "type": "italy_rockface_small_3"}
{"ctxid": 0, "pos": [928.696, 642.682, 76.779], "rotationMatrix": [-0.927455, -0.373935, 0.0, 0.373935, -0.927455, 0.0, 0.0, 0.0, 1.0], "scale": 1.254, "type": "italy_rockface_small_3"}
{"ctxid": 0, "pos": [952.942, 700.453, 76.779], "rotationMatrix": [0.973893, 0.227007, 0.0, -0.227007, 0.973893, 0.0, 0.0, 0.0, 1.0], "scale": 0.941, "type": "italy_rockface_small_3"}
{"ctxid": 0, "pos": [1086.476, 652.756, 76.779], "rotationMatrix": [0.960787, -0.277287, 0.0, 0.277287, 0.960787, 0.0, 0.0, 0.0, 1.0], "scale": 1.266, "type": "italy_rockface_small_3"}
{"ctxid": 0, "pos": [1131.767, 482.878, 75.286], "rotationMatrix": [-0.2956, 0.955312, 0.0, -0.955312, -0.2956, 0.0, 0.0, 0.0, 1.0], "scale": 1.142, "type": "italy_rockface_small_3"}
{"ctxid": 0, "pos": [1131.952, 534.559, 75.286], "rotationMatrix": [0.656022, -0.754742, 0.0, 0.754742, 0.656022, 0.0, 0.0, 0.0, 1.0], "scale": 0.992, "type": "italy_rockface_small_3"}
{"ctxid": 0, "pos": [407.418, 3765.77, 364.025], "rotationMatrix": [0.885586, -0.464475, 0.0, 0.464475, 0.885586, 0.0, 0.0, 0.0, 1.0], "scale": 1.053, "type": "italy_rockface_small_3"}
{"ctxid": 0, "pos": [444.474, 3601.148, 364.475], "rotationMatrix": [-0.480545, 0.87697, 0.0, -0.87697, -0.480545, 0.0, 0.0, 0.0, 1.0], "scale": 0.859, "type": "italy_rockface_small_3"}
{"ctxid": 0, "pos": [553.379, 3858.931, 364.025], "rotationMatrix": [-0.525193, -0.850983, 0.0, 0.850983, -0.525193, 0.0, 0.0, 0.0, 1.0], "scale": 1.24, "type": "italy_rockface_small_3"}
{"ctxid": 0, "pos": [198.905, 3547.58, 364.475], "rotationMatrix": [0.360509, -0.932756, 0.0, 0.932756, 0.360509, 0.0, 0.0, 0.0, 1.0], "scale": 1.276, "type": "italy_rockface_small_3"}
{"ctxid": 0, "pos": [207.057, 3611.218, 364.475], "rotationMatrix": [0.98395, -0.178445, 0.0, 0.178445, 0.98395, 0.0, 0.0, 0.0, 1.0], "scale": 1.101, "type": "italy_rockface_small_3"}
{"ctxid": 0, "pos": [240.323, 3500.418, 364.475], "rotationMatrix": [0.560925, -0.827866, 0.0, 0.827866, 0.560925, 0.0, 0.0, 0.0, 1.0], "scale": 0.877, "type": "italy_rockface_small_3"}
{"ctxid": 0, "pos": [282.624, 3658.358, 364.475], "rotationMatrix": [0.172269, 0.98505, 0.0, -0.98505, 0.172269, 0.0, 0.0, 0.0, 1.0], "scale": 1.243, "type": "italy_rockface_small_3"}
{"ctxid": 0, "pos": [149.399, 3308.272, 364.475], "rotationMatrix": [0.979229, 0.202759, 0.0, -0.202759, 0.979229, 0.0, 0.0, 0.0, 1.0], "scale": 1.164, "type": "italy_rockface_small_3"}
{"ctxid": 0, "pos": [187.112, 3384.554, 364.475], "rotationMatrix": [-0.662517, -0.749047, 0.0, 0.749047, -0.662517, 0.0, 0.0, 0.0, 1.0], "scale": 0.918, "type": "italy_rockface_small_3"}
{"ctxid": 0, "pos": [872.058, 5284.879, 365.339], "rotationMatrix": [-0.806229, 0.591604, 0.0, -0.591604, -0.806229, 0.0, 0.0, 0.0, 1.0], "scale": 1.07, "type": "italy_rockface_small_3"}
{"ctxid": 0, "pos": [946.2, 5300.364, 365.339], "rotationMatrix": [-0.88492, 0.465743, 0.0, -0.465743, -0.88492, 0.0, 0.0, 0.0, 1.0], "scale": 0.942, "type": "italy_rockface_small_3"}
{"ctxid": 0, "pos": [1043.995, 5255.936, 365.004], "rotationMatrix": [0.638482, -0.769637, 0.0, 0.769637, 0.638482, 0.0, 0.0, 0.0, 1.0], "scale": 1.088, "type": "italy_rockface_small_3"}
{"ctxid": 0, "pos": [1027.122, 5331.944, 365.339], "rotationMatrix": [0.187245, -0.982313, 0.0, 0.982313, 0.187245, 0.0, 0.0, 0.0, 1.0], "scale": 0.864, "type": "italy_rockface_small_3"}
{"ctxid": 0, "pos": [215.179, 3984.836, 364.04], "rotationMatrix": [0.720784, -0.69316, 0.0, 0.69316, 0.720784, 0.0, 0.0, 0.0, 1.0], "scale": 0.949, "type": "italy_rockface_small_3"}
{"ctxid": 0, "pos": [419.84, 4136.465, 364.04], "rotationMatrix": [0.955711, 0.294306, 0.0, -0.294306, 0.955711, 0.0, 0.0, 0.0, 1.0], "scale": 0.892, "type": "italy_rockface_small_3"}
