{"ctxid": 0, "pos": [-2886.835, 1011.895, 366.965], "rotationMatrix": [-0.017328, 0.99985, 0.0, -0.99985, -0.017328, 0.0, 0.0, 0.0, 1.0], "scale": 1.19, "type": "italy_rockface_small_2"}
{"ctxid": 0, "pos": [-2783.809, 1052.548, 365.539], "rotationMatrix": [0.314341, -0.94931, 0.0, 0.94931, 0.314341, 0.0, 0.0, 0.0, 1.0], "scale": 1.264, "type": "italy_rockface_small_2"}
{"ctxid": 0, "pos": [-2688.476, 1138.088, 365.539], "rotationMatrix": [-0.842776, -0.538264, 0.0, 0.538264, -0.842776, 0.0, 0.0, 0.0, 1.0], "scale": 1.194, "type": "italy_rockface_small_2"}
{"ctxid": 0, "pos": [-2650.082, 1132.186, 365.539], "rotationMatrix": [-0.648558, -0.761165, 0.0, 0.761165, -0.648558, 0.0, 0.0, 0.0, 1.0], "scale": 0.976, "type": "italy_rockface_small_2"}
{"ctxid": 0, "pos": [-3373.705, 557.436, 316.922], "rotationMatrix": [-0.97802, -0.208511, 0.0, 0.208511, -0.97802, 0.0, 0.0, 0.0, 1.0], "scale": 0.979, "type": "italy_rockface_small_2"}
{"ctxid": 0, "pos": [-3168.366, 417.158, 314.67], "rotationMatrix": [-0.050216, 0.998738, 0.0, -0.998738, -0.050216, 0.0, 0.0, 0.0, 1.0], "scale": 1.298, "type": "italy_rockface_small_2"}
{"ctxid": 0, "pos": [-3114.465, 582.854, 316.922], "rotationMatrix": [-0.999153, -0.041155, 0.0, 0.041155, -0.999153, 0.0, 0.0, 0.0, 1.0], "scale": 0.903, "type": "italy_rockface_small_2"}
{"ctxid": 0, "pos": [-3054.624, 441.85, 314.67], "rotationMatrix": [0.550783, -0.834648, 0.0, 0.834648, 0.550783, 0.0, 0.0, 0.0, 1.0], "scale": 1.156, "type": "italy_rockface_small_2"}
{"ctxid": 0, "pos": [-2961.223, 126.643, 312.696], "rotationMatrix": [-0.488327, 0.872661, 0.0, -0.872661, -0.488327, 0.0, 0.0, 0.0, 1.0], "scale": 0.77, "type": "italy_rockface_small_2"}
{"ctxid": 0, "pos": [-2863.139, 263.467, 312.696], "rotationMatrix": [0.777209, 0.629243, 0.0, -0.629243, 0.777209, 0.0, 0.0, 0.0, 1.0], "scale": 0.715, "type": "italy_rockface_small_2"}
{"ctxid": 0, "pos": [-2720.476, 317.937, 312.696], "rotationMatrix": [-0.828025, 0.560691, 0.0, -0.560691, -0.828025, 0.0, 0.0, 0.0, 1.0], "scale": 1.096, "type": "italy_rockface_small_2"}
{"ctxid": 0, "pos": [-2879.048, 772.492, 316.922], "rotationMatrix": [0.998704, 0.050894, 0.0, -0.050894, 0.998704, 0.0, 0.0, 0.0, 1.0], "scale": 0.848, "type": "italy_rockface_small_2"}
{"ctxid": 0, "pos": [-2858.183, 813.303, 316.922], "rotationMatrix": [0.97103, -0.238959, 0.0, 0.238959, 0.97103, 0.0, 0.0, 0.0, 1.0], "scale": 1.204, "type": "italy_rockface_small_2"}
{"ctxid": 0, "pos": [-2825.851, 842.907, 316.922], "rotationMatrix": [-0.153183, 0.988198, 0.0, -0.988198, -0.153183, 0.0, 0.0, 0.0, 1.0], "scale": 1.055, "type": "italy_rockface_small_2"}
{"ctxid": 0, "pos": [-2754.077, 765.356, 316.922], "rotationMatrix": [0.945799, -0.324752, 0.0, 0.324752, 0.945799, 0.0, 0.0, 0.0, 1.0], "scale": 1.087, "type": "italy_rockface_small_2"}
{"ctxid": 0, "pos": [-3278.595, 637.404, 316.922], "rotationMatrix": [-0.680971, -0.73231, 0.0, 0.73231, -0.680971, 0.0, 0.0, 0.0, 1.0], "scale": 1.221, "type": "italy_rockface_small_2"}
{"ctxid": 0, "pos": [-3279.648, 654.739, 316.922], "rotationMatrix": [0.993689, 0.11217, 0.0, -0.11217, 0.993689, 0.0, 0.0, 0.0, 1.0], "scale": 1.141, "type": "italy_rockface_small_2"}
{"ctxid": 0, "pos": [-3381.876, 479.414, 316.922], "rotationMatrix": [0.800437, 0.599416, 0.0, -0.599416, 0.800437, 0.0, 0.0, 0.0, 1.0], "scale": 1.247, "type": "italy_rockface_small_2"}
{"ctxid": 0, "pos": [-3385.65, 528.026, 316.922], "rotationMatrix": [0.975047, 0.221998, 0.0, -0.221998, 0.975047, 0.0, 0.0, 0.0, 1.0], "scale": 1.231, "type": "italy_rockface_small_2"}
{"ctxid": 0, "pos": [-3543.4, 622.856, 366.965], "rotationMatrix": [-0.326032, 0.945359, 0.0, -0.945359, -0.326032, 0.0, 0.0, 0.0, 1.0], "scale": 0.744, "type": "italy_rockface_small_2"}
{"ctxid": 0, "pos": [-3822.45, 611.359, 366.965], "rotationMatrix": [0.388517, 0.921442, 0.0, -0.921442, 0.388517, 0.0, 0.0, 0.0, 1.0], "scale": 1.015, "type": "italy_rockface_small_2"}
{"ctxid": 0, "pos": [-3763.455, 736.824, 366.965], "rotationMatrix": [0.350882, -0.93642, 0.0, 0.93642, 0.350882, 0.0, 0.0, 0.0, 1.0], "scale": 1.27, "type": "italy_rockface_small_2"}
{"ctxid": 0, "pos": [-3608.268, 640.175, 366.965], "rotationMatrix": [0.23847, 0.97115, 0.0, -0.97115, 0.23847, 0.0, 0.0, 0.0, 1.0], "scale": 1.115, "type": "italy_rockface_small_2"}
{"ctxid": 0, "pos": [-3644.84, 741.349, 366.965], "rotationMatrix": [-0.977178, -0.212423, 0.0, 0.212423, -0.977178, 0.0, 0.0, 0.0, 1.0], "scale": 1.191, "type": "italy_rockface_small_2"}
{"ctxid": 0, "pos": [-3168.132, 436.311, 314.67], "rotationMatrix": [-0.786545, -0.617532, 0.0, 0.617532, -0.786545, 0.0, 0.0, 0.0, 1.0], "scale": 1.146, "type": "italy_rockface_small_2"}
{"ctxid": 0, "pos": [-3029.226, -230.139, 312.696], "rotationMatrix": [-0.871932, -0.489626, 0.0, 0.489626, -0.871932, 0.0, 0.0, 0.0, 1.0], "scale": 0.938, "type": "italy_rockface_small_2"}
{"ctxid": 0, "pos": [-3790.677, 843.264, 366.965], "rotationMatrix": [0.999651, -0.026415, 0.0, 0.026415, 0.999651, 0.0, 0.0, 0.0, 1.0], "scale": 1.297, "type": "italy_rockface_small_2"}
{"ctxid": 0, "pos": [-301.614, -4899.133, 243.584], "rotationMatrix": [0.429112, -0.903251, 0.0, 0.903251, 0.429112, 0.0, 0.0, 0.0, 1.0], "scale": 1.269, "type": "italy_rockface_small_2"}
{"ctxid": 0, "pos": [-100.237, -5115.186, 243.584], "rotationMatrix": [-0.170867, 0.985294, 0.0, -0.985294, -0.170867, 0.0, 0.0, 0.0, 1.0], "scale": 1.055, "type": "italy_rockface_small_2"}
{"ctxid": 0, "pos": [-2032.484, -5127.172, 96.006], "rotationMatrix": [-0.919672, 0.392687, 0.0, -0.392687, -0.919672, 0.0, 0.0, 0.0, 1.0], "scale": 0.821, "type": "italy_rockface_small_2"}
{"ctxid": 0, "pos": [-1989.282, -5054.816, 96.006], "rotationMatrix": [0.980533, -0.196354, 0.0, 0.196354, 0.980533, 0.0, 0.0, 0.0, 1.0], "scale": 0.999, "type": "italy_rockface_small_2"}
{"ctxid": 0, "pos": [-1975.067, -5050.829, 96.006], "rotationMatrix": [-0.664743, 0.747072, 0.0, -0.747072, -0.664743, 0.0, 0.0, 0.0, 1.0], "scale": 1.102, "type": "italy_rockface_small_2"}
{"ctxid": 0, "pos": [-1959.19, -4906.521, 96.006], "rotationMatrix": [0.4172, 0.908814, 0.0, -0.908814, 0.4172, 0.0, 0.0, 0.0, 1.0], "scale": 0.866, "type": "italy_rockface_small_2"}
{"ctxid": 0, "pos": [-1168.398, 3140.284, 366.011], "rotationMatrix": [-0.96153, -0.274699, 0.0, 0.274699, -0.96153, 0.0, 0.0, 0.0, 1.0], "scale": 1.22, "type": "italy_rockface_small_2"}
{"ctxid": 0, "pos": [-1131.989, 3144.629, 365.339], "rotationMatrix": [0.894493, -0.447083, 0.0, 0.447083, 0.894493, 0.0, 0.0, 0.0, 1.0], "scale": 0.841, "type": "italy_rockface_small_2"}
{"ctxid": 0, "pos": [-1006.041, 2934.625, 364.025], "rotationMatrix": [0.892965, 0.450125, 0.0, -0.450125, 0.892965, 0.0, 0.0, 0.0, 1.0], "scale": 1.072, "type": "italy_rockface_small_2"}
{"ctxid": 0, "pos": [-961.006, 3156.655, 364.654], "rotationMatrix": [0.158133, -0.987418, 0.0, 0.987418, 0.158133, 0.0, 0.0, 0.0, 1.0], "scale": 0.808, "type": "italy_rockface_small_2"}
{"ctxid": 0, "pos": [-1178.144, 3627.111, 382.401], "rotationMatrix": [-0.261636, 0.965167, 0.0, -0.965167, -0.261636, 0.0, 0.0, 0.0, 1.0], "scale": 1.221, "type": "italy_rockface_small_2"}
{"ctxid": 0, "pos": [-1099.425, 3687.463, 382.401], "rotationMatrix": [0.746055, -0.665884, 0.0, 0.665884, 0.746055, 0.0, 0.0, 0.0, 1.0], "scale": 1.112, "type": "italy_rockface_small_2"}
{"ctxid": 0, "pos": [-1043.777, 3674.387, 382.401], "rotationMatrix": [-0.816854, 0.576844, 0.0, -0.576844, -0.816854, 0.0, 0.0, 0.0, 1.0], "scale": 1.111, "type": "italy_rockface_small_2"}
{"ctxid": 0, "pos": [-932.464, 3723.978, 382.401], "rotationMatrix": [-0.938338, -0.345719, 0.0, 0.345719, -0.938338, 0.0, 0.0, 0.0, 1.0], "scale": 0.716, "type": "italy_rockface_small_2"}
{"ctxid": 0, "pos": [-91.893, 2271.119, 350.163], "rotationMatrix": [-0.843532, 0.537079, 0.0, -0.537079, -0.843532, 0.0, 0.0, 0.0, 1.0], "scale": 1.222, "type": "italy_rockface_small_2"}
{"ctxid": 0, "pos": [-50.386, 2056.45, 229.882], "rotationMatrix": [-0.43022, -0.902724, 0.0, 0.902724, -0.43022, 0.0, 0.0, 0.0, 1.0], "scale": 1.133, "type": "italy_rockface_small_2"}
{"ctxid": 0, "pos": [-1945.657, 1703.092, 419.135], "rotationMatrix": [0.382438, -0.923981, 0.0, 0.923981, 0.382438, 0.0, 0.0, 0.0, 1.0], "scale": 1.036, "type": "italy_rockface_small_2"}
{"ctxid": 0, "pos": [-1858.65, 1781.655, 419.135], "rotationMatrix": [-0.381191, 0.924496, 0.0, -0.924496, -0.381191, 0.0, 0.0, 0.0, 1.0], "scale": 0.949, "type": "italy_rockface_small_2"}
{"ctxid": 0, "pos": [-2533.462, 3222.67, 425.628], "rotationMatrix": [0.953758, 0.300577, 0.0, -0.300577, 0.953758, 0.0, 0.0, 0.0, 1.0], "scale": 0.921, "type": "italy_rockface_small_2"}
{"ctxid": 0, "pos": [-2501.829, 3215.303, 422.277], "rotationMatrix": [0.912839, -0.40832, 0.0, 0.40832, 0.912839, 0.0, 0.0, 0.0, 1.0], "scale": 1.164, "type": "italy_rockface_small_2"}
{"ctxid": 0, "pos": [-2431.795, 3190.478, 410.15], "rotationMatrix": [0.150062, -0.988677, 0.0, 0.988677, 0.150062, 0.0, 0.0, 0.0, 1.0], "scale": 0.781, "type": "italy_rockface_small_2"}
{"ctxid": 0, "pos": [-2457.235, 3229.716, 413.311], "rotationMatrix": [0.873332, -0.487125, 0.0, 0.487125, 0.873332, 0.0, 0.0, 0.0, 1.0], "scale": 0.812, "type": "italy_rockface_small_2"}
{"ctxid": 0, "pos": [-2432.164, 3344.263, 410.941], "rotationMatrix": [0.178543, 0.983932, 0.0, -0.983932, 0.178543, 0.0, 0.0, 0.0, 1.0], "scale": 1.145, "type": "italy_rockface_small_2"}
{"ctxid": 0, "pos": [-1793.107, 2943.01, 349.315], "rotationMatrix": [0.525771, 0.850626, 0.0, -0.850626, 0.525771, 0.0, 0.0, 0.0, 1.0], "scale": 0.899, "type": "italy_rockface_small_2"}
{"ctxid": 0, "pos": [-1693.739, 3173.092, 380.413], "rotationMatrix": [-0.928676, 0.370893, 0.0, -0.370893, -0.928676, 0.0, 0.0, 0.0, 1.0], "scale": 0.939, "type": "italy_rockface_small_2"}
{"ctxid": 0, "pos": [-1493.967, 3088.428, 362.597], "rotationMatrix": [-0.895098, 0.44587, 0.0, -0.44587, -0.895098, 0.0, 0.0, 0.0, 1.0], "scale": 0.794, "type": "italy_rockface_small_2"}
{"ctxid": 0, "pos": [-385.675, 2770.537, 364.846], "rotationMatrix": [-0.746973, -0.664855, 0.0, 0.664855, -0.746973, 0.0, 0.0, 0.0, 1.0], "scale": 1.232, "type": "italy_rockface_small_2"}
{"ctxid": 0, "pos": [-191.192, 2681.477, 351.593], "rotationMatrix": [0.731691, -0.681636, 0.0, 0.681636, 0.731691, 0.0, 0.0, 0.0, 1.0], "scale": 0.788, "type": "italy_rockface_small_2"}
{"ctxid": 0, "pos": [-191.311, 2727.032, 351.593], "rotationMatrix": [-0.701352, 0.712815, 0.0, -0.712815, -0.701352, 0.0, 0.0, 0.0, 1.0], "scale": 0.818, "type": "italy_rockface_small_2"}
{"ctxid": 0, "pos": [-245.959, 3133.153, 364.475], "rotationMatrix": [0.136785, 0.990601, 0.0, -0.990601, 0.136785, 0.0, 0.0, 0.0, 1.0], "scale": 0.793, "type": "italy_rockface_small_2"}
{"ctxid": 0, "pos": [-245.493, 3202.201, 364.475], "rotationMatrix": [-0.154262, 0.98803, 0.0, -0.98803, -0.154262, 0.0, 0.0, 0.0, 1.0], "scale": 1.035, "type": "italy_rockface_small_2"}
{"ctxid": 0, "pos": [-34.099, 3178.406, 364.846], "rotationMatrix": [0.846133, -0.532972, 0.0, 0.532972, 0.846133, 0.0, 0.0, 0.0, 1.0], "scale": 0.832, "type": "italy_rockface_small_2"}
{"ctxid": 0, "pos": [-171.374, 3347.286, 364.475], "rotationMatrix": [0.999148, 0.041272, 0.0, -0.041272, 0.999148, 0.0, 0.0, 0.0, 1.0], "scale": 0.734, "type": "italy_rockface_small_2"}
{"ctxid": 0, "pos": [-469.087, 2663.768, 364.94], "rotationMatrix": [0.997771, -0.066729, 0.0, 0.066729, 0.997771, 0.0, 0.0, 0.0, 1.0], "scale": 1.277, "type": "italy_rockface_small_2"}
{"ctxid": 0, "pos": [-348.094, 2620.807, 351.593], "rotationMatrix": [-0.014632, 0.999893, 0.0, -0.999893, -0.014632, 0.0, 0.0, 0.0, 1.0], "scale": 1.174, "type": "italy_rockface_small_2"}
{"ctxid": 0, "pos": [-1240.515, 1391.241, 305.756], "rotationMatrix": [0.163984, 0.986463, 0.0, -0.986463, 0.163984, 0.0, 0.0, 0.0, 1.0], "scale": 1.116, "type": "italy_rockface_small_2"}
{"ctxid": 0, "pos": [-1109.474, 2167.873, 364.409], "rotationMatrix": [-0.728638, 0.684899, 0.0, -0.684899, -0.728638, 0.0, 0.0, 0.0, 1.0], "scale": 1.112, "type": "italy_rockface_small_2"}
{"ctxid": 0, "pos": [-989.444, 2207.233, 351.593], "rotationMatrix": [0.855661, -0.517537, 0.0, 0.517537, 0.855661, 0.0, 0.0, 0.0, 1.0], "scale": 1.284, "type": "italy_rockface_small_2"}
{"ctxid": 0, "pos": [-911.163, 2142.352, 351.593], "rotationMatrix": [-0.98614, -0.165917, 0.0, 0.165917, -0.98614, 0.0, 0.0, 0.0, 1.0], "scale": 0.999, "type": "italy_rockface_small_2"}
{"ctxid": 0, "pos": [-870.027, 2437.165, 365.196], "rotationMatrix": [0.068424, -0.997656, 0.0, 0.997656, 0.068424, 0.0, 0.0, 0.0, 1.0], "scale": 0.946, "type": "italy_rockface_small_2"}
{"ctxid": 0, "pos": [540.977, 69.219, 64.549], "rotationMatrix": [-0.935436, 0.353496, 0.0, -0.353496, -0.935436, 0.0, 0.0, 0.0, 1.0], "scale": 0.91, "type": "italy_rockface_small_2"}
{"ctxid": 0, "pos": [603.971, 30.828, 59.766], "rotationMatrix": [0.791673, 0.610944, 0.0, -0.610944, 0.791673, 0.0, 0.0, 0.0, 1.0], "scale": 1.284, "type": "italy_rockface_small_2"}
{"ctxid": 0, "pos": [615.466, 90.556, 62.198], "rotationMatrix": [-0.899573, -0.436771, 0.0, 0.436771, -0.899573, 0.0, 0.0, 0.0, 1.0], "scale": 1.272, "type": "italy_rockface_small_2"}
{"ctxid": 0, "pos": [1022.271, 526.83, 75.286], "rotationMatrix": [-0.767679, 0.640834, 0.0, -0.640834, -0.767679, 0.0, 0.0, 0.0, 1.0], "scale": 1.243, "type": "italy_rockface_small_2"}
{"ctxid": 0, "pos": [413.308, 3591.604, 364.475], "rotationMatrix": [0.818684, 0.574244, 0.0, -0.574244, 0.818684, 0.0, 0.0, 0.0, 1.0], "scale": 0.928, "type": "italy_rockface_small_2"}
{"ctxid": 0, "pos": [398.066, 3855.337, 364.025], "rotationMatrix": [0.950832, -0.309708, 0.0, 0.309708, 0.950832, 0.0, 0.0, 0.0, 1.0], "scale": 0.729, "type": "italy_rockface_small_2"}
{"ctxid": 0, "pos": [454.397, 3840.027, 364.025], "rotationMatrix": [0.598074, 0.801441, 0.0, -0.801441, 0.598074, 0.0, 0.0, 0.0, 1.0], "scale": 0.903, "type": "italy_rockface_small_2"}
{"ctxid": 0, "pos": [126.723, 3595.594, 364.025], "rotationMatrix": [-0.743025, 0.669264, 0.0, -0.669264, -0.743025, 0.0, 0.0, 0.0, 1.0], "scale": 1.165, "type": "italy_rockface_small_2"}
{"ctxid": 0, "pos": [188.291, 3544.65, 364.475], "rotationMatrix": [0.417933, -0.908478, 0.0, 0.908478, 0.417933, 0.0, 0.0, 0.0, 1.0], "scale": 1.104, "type": "italy_rockface_small_2"}
{"ctxid": 0, "pos": [179.31, 3622.407, 364.025], "rotationMatrix": [0.975786, 0.218729, 0.0, -0.218729, 0.975786, 0.0, 0.0, 0.0, 1.0], "scale": 0.769, "type": "italy_rockface_small_2"}
{"ctxid": 0, "pos": [272.413, 3566.292, 364.475], "rotationMatrix": [-0.805345, 0.592806, 0.0, -0.592806, -0.805345, 0.0, 0.0, 0.0, 1.0], "scale": 1.02, "type": "italy_rockface_small_2"}
{"ctxid": 0, "pos": [274.012, 3788.338, 364.025], "rotationMatrix": [0.98081, 0.194966, 0.0, -0.194966, 0.98081, 0.0, 0.0, 0.0, 1.0], "scale": 1.161, "type": "italy_rockface_small_2"}
{"ctxid": 0, "pos": [352.016, 3484.071, 364.475], "rotationMatrix": [0.985758, 0.16817, 0.0, -0.16817, 0.985758, 0.0, 0.0, 0.0, 1.0], "scale": 1.253, "type": "italy_rockface_small_2"}
{"ctxid": 0, "pos": [11.853, 3491.791, 364.475], "rotationMatrix": [-0.425851, 0.904793, 0.0, -0.904793, -0.425851, 0.0, 0.0, 0.0, 1.0], "scale": 1.048, "type": "italy_rockface_small_2"}
{"ctxid": 0, "pos": [66.589, 3324.019, 364.475], "rotationMatrix": [-0.827266, -0.56181, 0.0, 0.56181, -0.827266, 0.0, 0.0, 0.0, 1.0], "scale": 0.847, "type": "italy_rockface_small_2"}
{"ctxid": 0, "pos": [88.111, 3562.262, 364.025], "rotationMatrix": [-0.88539, 0.464848, 0.0, -0.464848, -0.88539, 0.0, 0.0, 0.0, 1.0], "scale": 1.064, "type": "italy_rockface_small_2"}
{"ctxid": 0, "pos": [186.348, 3328.433, 364.475], "rotationMatrix": [-0.999834, -0.018206, 0.0, 0.018206, -0.999834, 0.0, 0.0, 0.0, 1.0], "scale": 0.901, "type": "italy_rockface_small_2"}
{"ctxid": 0, "pos": [226.83, 3331.134, 364.846], "rotationMatrix": [0.900954, 0.433914, 0.0, -0.433914, 0.900954, 0.0, 0.0, 0.0, 1.0], "scale": 1.202, "type": "italy_rockface_small_2"}
{"ctxid": 0, "pos": [265.523, 3490.518, 364.475], "rotationMatrix": [-0.789909, -0.613224, 0.0, 0.613224, -0.789909, 0.0, 0.0, 0.0, 1.0], "scale": 0.771, "type": "italy_rockface_small_2"}
{"ctxid": 0, "pos": [927.467, 5249.333, 365.339], "rotationMatrix": [0.178153, -0.984003, 0.0, 0.984003, 0.178153, 0.0, 0.0, 0.0, 1.0], "scale": 1.103, "type": "italy_rockface_small_2"}
{"ctxid": 0, "pos": [917.912, 5389.564, 366.011], "rotationMatrix": [0.848205, -0.529669, 0.0, 0.529669, 0.848205, 0.0, 0.0, 0.0, 1.0], "scale": 0.856, "type": "italy_rockface_small_2"}
{"ctxid": 0, "pos": [986.982, 5264.047, 365.004], "rotationMatrix": [-0.982161, -0.188039, 0.0, 0.188039, -0.982161, 0.0, 0.0, 0.0, 1.0], "scale": 1.299, "type": "italy_rockface_small_2"}
{"ctxid": 0, "pos": [1035.585, 5235.072, 365.004], "rotationMatrix": [0.503302, 0.86411, 0.0, -0.86411, 0.503302, 0.0, 0.0, 0.0, 1.0], "scale": 0.792, "type": "italy_rockface_small_2"}
{"ctxid": 0, "pos": [1012.945, 5314.644, 365.339], "rotationMatrix": [0.992803, 0.119759, 0.0, -0.119759, 0.992803, 0.0, 0.0, 0.0, 1.0], "scale": 1.102, "type": "italy_rockface_small_2"}
{"ctxid": 0, "pos": [210.171, 4083.897, 364.04], "rotationMatrix": [-0.983998, 0.178179, 0.0, -0.178179, -0.983998, 0.0, 0.0, 0.0, 1.0], "scale": 0.992, "type": "italy_rockface_small_2"}
{"ctxid": 0, "pos": [272.146, 4132.641, 364.04], "rotationMatrix": [-0.302843, 0.95304, 0.0, -0.95304, -0.302843, 0.0, 0.0, 0.0, 1.0], "scale": 0.771, "type": "italy_rockface_small_2"}
{"ctxid": 0, "pos": [377.55, 4083.449, 364.04], "rotationMatrix": [-0.559721, 0.828681, 0.0, -0.828681, -0.559721, 0.0, 0.0, 0.0, 1.0], "scale": 1.039, "type": "italy_rockface_small_2"}
{"ctxid": 0, "pos": [431.024, 4162.002, 364.04], "rotationMatrix": [-0.943584, -0.331133, 0.0, 0.331133, -0.943584, 0.0, 0.0, 0.0, 1.0], "scale": 1.002, "type": "italy_rockface_small_2"}
