{"ctxid": 0, "pos": [3317.14, -4170.919, 80.023], "rotationMatrix": [-0.662553, 0.749015, 0.0, -0.749015, -0.662553, 0.0, 0.0, 0.0, 1.0], "scale": 0.636, "type": "maritime_pine_tree"}
{"ctxid": 0, "pos": [410.4, -199.999, 37.969], "rotationMatrix": [-0.136731, -0.990608, 0.0, 0.990608, -0.136731, 0.0, 0.0, 0.0, 1.0], "scale": 0.773, "type": "maritime_pine_tree"}
{"ctxid": 0, "pos": [410.289, -199.753, 37.969], "rotationMatrix": [0.616154, 0.787625, 0.0, -0.787625, 0.616154, 0.0, 0.0, 0.0, 1.0], "scale": 0.657, "type": "maritime_pine_tree"}
{"ctxid": 0, "pos": [441.465, -209.047, 38.432], "rotationMatrix": [-0.078891, 0.996883, 0.0, -0.996883, -0.078891, 0.0, 0.0, 0.0, 1.0], "scale": 0.806, "type": "maritime_pine_tree"}
{"ctxid": 0, "pos": [448.978, -216.113, 38.432], "rotationMatrix": [-0.950044, -0.312115, 0.0, 0.312115, -0.950044, 0.0, 0.0, 0.0, 1.0], "scale": 0.5, "type": "maritime_pine_tree"}
{"ctxid": 0, "pos": [450.764, -201.981, 39.414], "rotationMatrix": [-0.983858, 0.178951, 0.0, -0.178951, -0.983858, 0.0, 0.0, 0.0, 1.0], "scale": 0.626, "type": "maritime_pine_tree"}
{"ctxid": 0, "pos": [445.206, -193.954, 39.934], "rotationMatrix": [-0.908693, -0.417464, 0.0, 0.417464, -0.908693, 0.0, 0.0, 0.0, 1.0], "scale": 0.789, "type": "maritime_pine_tree"}
{"ctxid": 0, "pos": [434.019, -180.494, 40.454], "rotationMatrix": [-0.492216, 0.870473, 0.0, -0.870473, -0.492216, 0.0, 0.0, 0.0, 1.0], "scale": 0.904, "type": "maritime_pine_tree"}
{"ctxid": 0, "pos": [438.65, -176.535, 40.97], "rotationMatrix": [0.473437, 0.880828, 0.0, -0.880828, 0.473437, 0.0, 0.0, 0.0, 1.0], "scale": 0.682, "type": "maritime_pine_tree"}
{"ctxid": 0, "pos": [426.71, -170.147, 40.97], "rotationMatrix": [0.316791, 0.948495, 0.0, -0.948495, 0.316791, 0.0, 0.0, 0.0, 1.0], "scale": 0.627, "type": "maritime_pine_tree"}
{"ctxid": 0, "pos": [462.649, -181.847, 41.486], "rotationMatrix": [-0.014972, -0.999888, 0.0, 0.999888, -0.014972, 0.0, 0.0, 0.0, 1.0], "scale": 0.745, "type": "maritime_pine_tree"}
{"ctxid": 0, "pos": [440.295, -165.312, 42.003], "rotationMatrix": [0.994071, 0.108734, 0.0, -0.108734, 0.994071, 0.0, 0.0, 0.0, 1.0], "scale": 0.88, "type": "maritime_pine_tree"}
{"ctxid": 0, "pos": [442.882, -161.046, 42.521], "rotationMatrix": [0.228582, -0.973525, 0.0, 0.973525, 0.228582, 0.0, 0.0, 0.0, 1.0], "scale": 0.795, "type": "maritime_pine_tree"}
{"ctxid": 0, "pos": [468.343, -172.994, 42.521], "rotationMatrix": [0.745315, 0.666712, 0.0, -0.666712, 0.745315, 0.0, 0.0, 0.0, 1.0], "scale": 0.723, "type": "maritime_pine_tree"}
{"ctxid": 0, "pos": [470.625, -169.107, 43.039], "rotationMatrix": [0.780967, -0.624572, 0.0, 0.624572, 0.780967, 0.0, 0.0, 0.0, 1.0], "scale": 0.73, "type": "maritime_pine_tree"}
{"ctxid": 0, "pos": [451.619, -152.193, 43.557], "rotationMatrix": [-0.999604, -0.028131, 0.0, 0.028131, -0.999604, 0.0, 0.0, 0.0, 1.0], "scale": 0.605, "type": "maritime_pine_tree"}
{"ctxid": 0, "pos": [452.703, -129.87, 45.118], "rotationMatrix": [-0.985231, 0.171232, 0.0, -0.171232, -0.985231, 0.0, 0.0, 0.0, 1.0], "scale": 0.604, "type": "maritime_pine_tree"}
{"ctxid": 0, "pos": [465.414, -126.115, 46.163], "rotationMatrix": [0.99767, 0.06822, 0.0, -0.06822, 0.99767, 0.0, 0.0, 0.0, 1.0], "scale": 0.628, "type": "maritime_pine_tree"}
{"ctxid": 0, "pos": [488.973, -138.15, 46.163], "rotationMatrix": [0.990352, 0.138578, 0.0, -0.138578, 0.990352, 0.0, 0.0, 0.0, 1.0], "scale": 0.585, "type": "maritime_pine_tree"}
{"ctxid": 0, "pos": [469.256, -118.92, 46.686], "rotationMatrix": [0.463643, 0.886022, 0.0, -0.886022, 0.463643, 0.0, 0.0, 0.0, 1.0], "scale": 0.542, "type": "maritime_pine_tree"}
{"ctxid": 0, "pos": [496.096, -130.252, 47.215], "rotationMatrix": [0.996919, 0.07844, 0.0, -0.07844, 0.996919, 0.0, 0.0, 0.0, 1.0], "scale": 0.626, "type": "maritime_pine_tree"}
{"ctxid": 0, "pos": [472.162, -100.823, 48.263], "rotationMatrix": [0.530603, 0.847621, 0.0, -0.847621, 0.530603, 0.0, 0.0, 0.0, 1.0], "scale": 0.911, "type": "maritime_pine_tree"}
{"ctxid": 0, "pos": [469.18, -98.127, 48.263], "rotationMatrix": [-0.135557, 0.99077, 0.0, -0.99077, -0.135557, 0.0, 0.0, 0.0, 1.0], "scale": 0.563, "type": "maritime_pine_tree"}
{"ctxid": 0, "pos": [479.846, -94.001, 49.217], "rotationMatrix": [-0.999992, -0.003964, 0.0, 0.003964, -0.999992, 0.0, 0.0, 0.0, 1.0], "scale": 0.651, "type": "maritime_pine_tree"}
{"ctxid": 0, "pos": [511.565, -107.053, 49.683], "rotationMatrix": [-0.795579, 0.60585, 0.0, -0.60585, -0.795579, 0.0, 0.0, 0.0, 1.0], "scale": 0.57, "type": "maritime_pine_tree"}
{"ctxid": 0, "pos": [514.986, -96.431, 50.559], "rotationMatrix": [-0.99986, 0.016731, 0.0, -0.016731, -0.99986, 0.0, 0.0, 0.0, 1.0], "scale": 0.793, "type": "maritime_pine_tree"}
{"ctxid": 0, "pos": [511.166, -94.698, 50.559], "rotationMatrix": [-0.580474, 0.814279, 0.0, -0.814279, -0.580474, 0.0, 0.0, 0.0, 1.0], "scale": 0.5, "type": "maritime_pine_tree"}
{"ctxid": 0, "pos": [488.306, -71.495, 51.422], "rotationMatrix": [-0.8459, -0.533341, 0.0, 0.533341, -0.8459, 0.0, 0.0, 0.0, 1.0], "scale": 0.683, "type": "maritime_pine_tree"}
{"ctxid": 0, "pos": [496.394, -66.618, 52.28], "rotationMatrix": [0.948285, 0.31742, 0.0, -0.31742, 0.948285, 0.0, 0.0, 0.0, 1.0], "scale": 0.54, "type": "maritime_pine_tree"}
{"ctxid": 0, "pos": [496.166, -64.714, 52.28], "rotationMatrix": [0.344504, 0.938785, 0.0, -0.938785, 0.344504, 0.0, 0.0, 0.0, 1.0], "scale": 0.861, "type": "maritime_pine_tree"}
{"ctxid": 0, "pos": [532.747, -69.199, 53.139], "rotationMatrix": [-0.942334, 0.334674, 0.0, -0.334674, -0.942334, 0.0, 0.0, 0.0, 1.0], "scale": 0.768, "type": "maritime_pine_tree"}
{"ctxid": 0, "pos": [530.088, -57.991, 53.992], "rotationMatrix": [0.675575, -0.737291, 0.0, 0.737291, 0.675575, 0.0, 0.0, 0.0, 1.0], "scale": 0.999, "type": "maritime_pine_tree"}
{"ctxid": 0, "pos": [500.237, -41.942, 54.849], "rotationMatrix": [0.641612, 0.76703, 0.0, -0.76703, 0.641612, 0.0, 0.0, 0.0, 1.0], "scale": 0.79, "type": "maritime_pine_tree"}
{"ctxid": 0, "pos": [527.752, -46.615, 54.849], "rotationMatrix": [-0.127805, 0.991799, 0.0, -0.991799, -0.127805, 0.0, 0.0, 0.0, 1.0], "scale": 0.745, "type": "maritime_pine_tree"}
{"ctxid": 0, "pos": [534.41, -46.265, 54.849], "rotationMatrix": [0.449778, 0.89314, 0.0, -0.89314, 0.449778, 0.0, 0.0, 0.0, 1.0], "scale": 0.5, "type": "maritime_pine_tree"}
{"ctxid": 0, "pos": [496.306, -38.35, 55.318], "rotationMatrix": [0.957441, -0.288628, 0.0, 0.288628, 0.957441, 0.0, 0.0, 0.0, 1.0], "scale": 0.784, "type": "maritime_pine_tree"}
{"ctxid": 0, "pos": [522.103, -38.347, 55.318], "rotationMatrix": [-0.631563, -0.775325, 0.0, 0.775325, -0.631563, 0.0, 0.0, 0.0, 1.0], "scale": 0.653, "type": "maritime_pine_tree"}
{"ctxid": 0, "pos": [497.793, -32.893, 55.794], "rotationMatrix": [-0.944675, 0.328009, 0.0, -0.328009, -0.944675, 0.0, 0.0, 0.0, 1.0], "scale": 0.79, "type": "maritime_pine_tree"}
{"ctxid": 0, "pos": [536.847, -19.674, 57.273], "rotationMatrix": [0.036507, -0.999333, 0.0, 0.999333, 0.036507, 0.0, 0.0, 0.0, 1.0], "scale": 0.533, "type": "maritime_pine_tree"}
{"ctxid": 0, "pos": [507.256, -5.171, 58.266], "rotationMatrix": [0.748159, 0.66352, 0.0, -0.66352, 0.748159, 0.0, 0.0, 0.0, 1.0], "scale": 0.5, "type": "maritime_pine_tree"}
{"ctxid": 0, "pos": [509.012, 0.039, 58.758], "rotationMatrix": [-0.617601, 0.786491, 0.0, -0.786491, -0.617601, 0.0, 0.0, 0.0, 1.0], "scale": 0.634, "type": "maritime_pine_tree"}
{"ctxid": 0, "pos": [505.542, 4.243, 59.249], "rotationMatrix": [0.240098, 0.970749, 0.0, -0.970749, 0.240098, 0.0, 0.0, 0.0, 1.0], "scale": 0.782, "type": "maritime_pine_tree"}
{"ctxid": 0, "pos": [538.947, 13.283, 60.219], "rotationMatrix": [-0.949359, 0.314193, 0.0, -0.314193, -0.949359, 0.0, 0.0, 0.0, 1.0], "scale": 0.829, "type": "maritime_pine_tree"}
{"ctxid": 0, "pos": [509.079, 28.977, 61.189], "rotationMatrix": [-0.965038, 0.262109, 0.0, -0.262109, -0.965038, 0.0, 0.0, 0.0, 1.0], "scale": 0.754, "type": "maritime_pine_tree"}
{"ctxid": 0, "pos": [533.415, 30.156, 61.674], "rotationMatrix": [-0.551828, -0.833958, 0.0, 0.833958, -0.551828, 0.0, 0.0, 0.0, 1.0], "scale": 0.738, "type": "maritime_pine_tree"}
{"ctxid": 0, "pos": [509.221, 37.756, 62.159], "rotationMatrix": [0.702478, 0.711706, 0.0, -0.711706, 0.702478, 0.0, 0.0, 0.0, 1.0], "scale": 0.874, "type": "maritime_pine_tree"}
{"ctxid": 0, "pos": [505.628, 48.978, 63.13], "rotationMatrix": [-0.458717, -0.888582, 0.0, 0.888582, -0.458717, 0.0, 0.0, 0.0, 1.0], "scale": 0.956, "type": "maritime_pine_tree"}
{"ctxid": 0, "pos": [529.874, 51.477, 63.615], "rotationMatrix": [-0.930759, -0.365633, 0.0, 0.365633, -0.930759, 0.0, 0.0, 0.0, 1.0], "scale": 0.9, "type": "maritime_pine_tree"}
{"ctxid": 0, "pos": [537.055, 56.884, 64.1], "rotationMatrix": [-0.964757, -0.263142, 0.0, 0.263142, -0.964757, 0.0, 0.0, 0.0, 1.0], "scale": 0.648, "type": "maritime_pine_tree"}
{"ctxid": 0, "pos": [533.127, 58.32, 64.1], "rotationMatrix": [0.418195, 0.908357, 0.0, -0.908357, 0.418195, 0.0, 0.0, 0.0, 1.0], "scale": 0.811, "type": "maritime_pine_tree"}
{"ctxid": 0, "pos": [503.406, 71.012, 65.07], "rotationMatrix": [0.843415, 0.537262, 0.0, -0.537262, 0.843415, 0.0, 0.0, 0.0, 1.0], "scale": 0.819, "type": "maritime_pine_tree"}
{"ctxid": 0, "pos": [510.926, 69.19, 65.07], "rotationMatrix": [0.952925, 0.303205, 0.0, -0.303205, 0.952925, 0.0, 0.0, 0.0, 1.0], "scale": 0.645, "type": "maritime_pine_tree"}
{"ctxid": 0, "pos": [517.849, 75.909, 65.555], "rotationMatrix": [0.000532, 1.0, 0.0, -1.0, 0.000532, 0.0, 0.0, 0.0, 1.0], "scale": 0.613, "type": "maritime_pine_tree"}
{"ctxid": 0, "pos": [533.587, 73.996, 65.555], "rotationMatrix": [0.995444, -0.095344, 0.0, 0.095344, 0.995444, 0.0, 0.0, 0.0, 1.0], "scale": 0.582, "type": "maritime_pine_tree"}
{"ctxid": 0, "pos": [509.678, 81.148, 66.04], "rotationMatrix": [-0.793227, -0.608926, 0.0, 0.608926, -0.793227, 0.0, 0.0, 0.0, 1.0], "scale": 0.729, "type": "maritime_pine_tree"}
{"ctxid": 0, "pos": [503.905, 80.878, 66.04], "rotationMatrix": [0.712441, -0.701732, 0.0, 0.701732, 0.712441, 0.0, 0.0, 0.0, 1.0], "scale": 0.802, "type": "maritime_pine_tree"}
{"ctxid": 0, "pos": [545.893, 83.651, 66.526], "rotationMatrix": [-0.650142, -0.759813, 0.0, 0.759813, -0.650142, 0.0, 0.0, 0.0, 1.0], "scale": 0.726, "type": "maritime_pine_tree"}
{"ctxid": 0, "pos": [543.989, 84.527, 66.526], "rotationMatrix": [0.252167, -0.967684, 0.0, 0.967684, 0.252167, 0.0, 0.0, 0.0, 1.0], "scale": 0.778, "type": "maritime_pine_tree"}
{"ctxid": 0, "pos": [513.005, 95.6, 67.502], "rotationMatrix": [0.999937, 0.011192, 0.0, -0.011192, 0.999937, 0.0, 0.0, 0.0, 1.0], "scale": 0.556, "type": "maritime_pine_tree"}
{"ctxid": 0, "pos": [538.814, 94.754, 67.502], "rotationMatrix": [0.883067, 0.469247, 0.0, -0.469247, 0.883067, 0.0, 0.0, 0.0, 1.0], "scale": 0.579, "type": "maritime_pine_tree"}
{"ctxid": 0, "pos": [541.887, 101.055, 68.041], "rotationMatrix": [-0.999961, -0.008835, 0.0, 0.008835, -0.999961, 0.0, 0.0, 0.0, 1.0], "scale": 0.5, "type": "maritime_pine_tree"}
{"ctxid": 0, "pos": [511.724, 107.631, 68.483], "rotationMatrix": [-0.672032, 0.740522, 0.0, -0.740522, -0.672032, 0.0, 0.0, 0.0, 1.0], "scale": 0.509, "type": "maritime_pine_tree"}
{"ctxid": 0, "pos": [513.182, 106.963, 68.483], "rotationMatrix": [-0.794597, 0.607137, 0.0, -0.607137, -0.794597, 0.0, 0.0, 0.0, 1.0], "scale": 0.695, "type": "maritime_pine_tree"}
{"ctxid": 0, "pos": [542.224, 107.557, 68.483], "rotationMatrix": [-0.998925, 0.046349, 0.0, -0.046349, -0.998925, 0.0, 0.0, 0.0, 1.0], "scale": 0.72, "type": "maritime_pine_tree"}
{"ctxid": 0, "pos": [538.696, 112.062, 69.025], "rotationMatrix": [0.638068, -0.76998, 0.0, 0.76998, 0.638068, 0.0, 0.0, 0.0, 1.0], "scale": 0.527, "type": "maritime_pine_tree"}
{"ctxid": 0, "pos": [539.975, 112.507, 68.975], "rotationMatrix": [0.984568, -0.175004, 0.0, 0.175004, 0.984568, 0.0, 0.0, 0.0, 1.0], "scale": 0.942, "type": "maritime_pine_tree"}
{"ctxid": 0, "pos": [530.587, 123.542, 70.012], "rotationMatrix": [-0.979224, -0.202784, 0.0, 0.202784, -0.979224, 0.0, 0.0, 0.0, 1.0], "scale": 0.525, "type": "maritime_pine_tree"}
{"ctxid": 0, "pos": [533.225, 129.075, 70.458], "rotationMatrix": [0.599582, -0.800313, 0.0, 0.800313, 0.599582, 0.0, 0.0, 0.0, 1.0], "scale": 0.59, "type": "maritime_pine_tree"}
{"ctxid": 0, "pos": [545.099, 130.398, 70.458], "rotationMatrix": [0.832952, 0.553346, 0.0, -0.553346, 0.832952, 0.0, 0.0, 0.0, 1.0], "scale": 0.578, "type": "maritime_pine_tree"}
{"ctxid": 0, "pos": [503.018, 138.329, 71.453], "rotationMatrix": [-0.875823, -0.482632, 0.0, 0.482632, -0.875823, 0.0, 0.0, 0.0, 1.0], "scale": 0.628, "type": "maritime_pine_tree"}
{"ctxid": 0, "pos": [533.066, 140.928, 71.453], "rotationMatrix": [-0.991442, -0.130545, 0.0, 0.130545, -0.991442, 0.0, 0.0, 0.0, 1.0], "scale": 0.752, "type": "maritime_pine_tree"}
{"ctxid": 0, "pos": [515.204, 149.283, 72.505], "rotationMatrix": [0.782213, -0.623011, 0.0, 0.623011, 0.782213, 0.0, 0.0, 0.0, 1.0], "scale": 0.682, "type": "maritime_pine_tree"}
{"ctxid": 0, "pos": [504.362, 148.729, 72.455], "rotationMatrix": [-0.829754, 0.558129, 0.0, -0.558129, -0.829754, 0.0, 0.0, 0.0, 1.0], "scale": 0.552, "type": "maritime_pine_tree"}
{"ctxid": 0, "pos": [526.004, 157.252, 73.016], "rotationMatrix": [0.998384, 0.056834, 0.0, -0.056834, 0.998384, 0.0, 0.0, 0.0, 1.0], "scale": 0.5, "type": "maritime_pine_tree"}
{"ctxid": 0, "pos": [508.808, 159.48, 73.528], "rotationMatrix": [-0.306869, -0.951752, 0.0, 0.951752, -0.306869, 0.0, 0.0, 0.0, 1.0], "scale": 0.5, "type": "maritime_pine_tree"}
{"ctxid": 0, "pos": [536.271, 171.598, 73.981], "rotationMatrix": [-0.919741, 0.392526, 0.0, -0.392526, -0.919741, 0.0, 0.0, 0.0, 1.0], "scale": 0.516, "type": "maritime_pine_tree"}
{"ctxid": 0, "pos": [532.818, 170.832, 73.981], "rotationMatrix": [-0.999514, -0.031182, 0.0, 0.031182, -0.999514, 0.0, 0.0, 0.0, 1.0], "scale": 0.703, "type": "maritime_pine_tree"}
{"ctxid": 0, "pos": [506.107, 168.717, 74.46], "rotationMatrix": [0.856968, -0.51537, 0.0, 0.51537, 0.856968, 0.0, 0.0, 0.0, 1.0], "scale": 0.651, "type": "maritime_pine_tree"}
{"ctxid": 0, "pos": [528.523, 175.677, 74.46], "rotationMatrix": [-0.681658, 0.731671, 0.0, -0.731671, -0.681658, 0.0, 0.0, 0.0, 1.0], "scale": 0.708, "type": "maritime_pine_tree"}
{"ctxid": 0, "pos": [516.99, 184.575, 75.436], "rotationMatrix": [0.792657, 0.609668, 0.0, -0.609668, 0.792657, 0.0, 0.0, 0.0, 1.0], "scale": 0.707, "type": "maritime_pine_tree"}
{"ctxid": 0, "pos": [489.115, 176.446, 76.191], "rotationMatrix": [-0.918075, 0.396407, 0.0, -0.396407, -0.918075, 0.0, 0.0, 0.0, 1.0], "scale": 0.861, "type": "maritime_pine_tree"}
{"ctxid": 0, "pos": [496.529, 190.63, 76.929], "rotationMatrix": [0.043, -0.999075, 0.0, 0.999075, 0.043, 0.0, 0.0, 0.0, 1.0], "scale": 0.71, "type": "maritime_pine_tree"}
{"ctxid": 0, "pos": [487.463, 181.245, 76.879], "rotationMatrix": [-0.680881, -0.732394, 0.0, 0.732394, -0.680881, 0.0, 0.0, 0.0, 1.0], "scale": 0.5, "type": "maritime_pine_tree"}
{"ctxid": 0, "pos": [509.822, 202.751, 76.879], "rotationMatrix": [0.999329, 0.036641, 0.0, -0.036641, 0.999329, 0.0, 0.0, 0.0, 1.0], "scale": 0.56, "type": "maritime_pine_tree"}
{"ctxid": 0, "pos": [493.44, 184.913, 77.915], "rotationMatrix": [0.999129, 0.041719, 0.0, -0.041719, 0.999129, 0.0, 0.0, 0.0, 1.0], "scale": 0.784, "type": "maritime_pine_tree"}
{"ctxid": 0, "pos": [494.824, 183.576, 77.915], "rotationMatrix": [-0.731178, -0.682187, 0.0, 0.682187, -0.731178, 0.0, 0.0, 0.0, 1.0], "scale": 0.725, "type": "maritime_pine_tree"}
{"ctxid": 0, "pos": [470.209, 197.181, 79.232], "rotationMatrix": [0.740316, 0.672259, 0.0, -0.672259, 0.740316, 0.0, 0.0, 0.0, 1.0], "scale": 0.626, "type": "maritime_pine_tree"}
{"ctxid": 0, "pos": [467.05, 180.165, 80.573], "rotationMatrix": [-0.161385, 0.986892, 0.0, -0.986892, -0.161385, 0.0, 0.0, 0.0, 1.0], "scale": 0.5, "type": "maritime_pine_tree"}
{"ctxid": 0, "pos": [465.968, 179.954, 80.573], "rotationMatrix": [-0.999922, 0.012518, 0.0, -0.012518, -0.999922, 0.0, 0.0, 0.0, 1.0], "scale": 0.5, "type": "maritime_pine_tree"}
{"ctxid": 0, "pos": [461.156, 181.695, 80.523], "rotationMatrix": [0.819201, 0.573506, 0.0, -0.573506, 0.819201, 0.0, 0.0, 0.0, 1.0], "scale": 0.662, "type": "maritime_pine_tree"}
{"ctxid": 0, "pos": [487.229, 163.794, 81.062], "rotationMatrix": [-0.779865, -0.625948, 0.0, 0.625948, -0.779865, 0.0, 0.0, 0.0, 1.0], "scale": 0.571, "type": "maritime_pine_tree"}
{"ctxid": 0, "pos": [461.965, 176.579, 81.012], "rotationMatrix": [0.287817, -0.957685, 0.0, 0.957685, 0.287817, 0.0, 0.0, 0.0, 1.0], "scale": 0.813, "type": "maritime_pine_tree"}
{"ctxid": 0, "pos": [475.897, 162.276, 81.511], "rotationMatrix": [0.999561, 0.029625, 0.0, -0.029625, 0.999561, 0.0, 0.0, 0.0, 1.0], "scale": 0.5, "type": "maritime_pine_tree"}
{"ctxid": 0, "pos": [473.732, 157.701, 82.063], "rotationMatrix": [-0.727101, -0.686531, 0.0, 0.686531, -0.727101, 0.0, 0.0, 0.0, 1.0], "scale": 0.5, "type": "maritime_pine_tree"}
{"ctxid": 0, "pos": [481.899, 153.951, 82.013], "rotationMatrix": [-0.76839, -0.639981, 0.0, 0.639981, -0.76839, 0.0, 0.0, 0.0, 1.0], "scale": 0.654, "type": "maritime_pine_tree"}
{"ctxid": 0, "pos": [469.618, 153.522, 82.583], "rotationMatrix": [-0.343809, -0.939039, 0.0, 0.939039, -0.343809, 0.0, 0.0, 0.0, 1.0], "scale": 0.5, "type": "maritime_pine_tree"}
{"ctxid": 0, "pos": [471.024, 146.3, 83.106], "rotationMatrix": [-0.256427, 0.966564, 0.0, -0.966564, -0.256427, 0.0, 0.0, 0.0, 1.0], "scale": 0.628, "type": "maritime_pine_tree"}
{"ctxid": 0, "pos": [471.377, 145.624, 83.056], "rotationMatrix": [-0.99878, -0.049382, 0.0, 0.049382, -0.99878, 0.0, 0.0, 0.0, 1.0], "scale": 0.782, "type": "maritime_pine_tree"}
{"ctxid": 0, "pos": [445.659, 160.472, 83.056], "rotationMatrix": [-0.885935, -0.463809, 0.0, 0.463809, -0.885935, 0.0, 0.0, 0.0, 1.0], "scale": 0.962, "type": "maritime_pine_tree"}
{"ctxid": 0, "pos": [474.907, 135.61, 83.572], "rotationMatrix": [-0.125277, -0.992122, 0.0, 0.992122, -0.125277, 0.0, 0.0, 0.0, 1.0], "scale": 0.72, "type": "maritime_pine_tree"}
{"ctxid": 0, "pos": [460.184, 137.52, 84.114], "rotationMatrix": [-0.446267, -0.8949, 0.0, 0.8949, -0.446267, 0.0, 0.0, 0.0, 1.0], "scale": 0.5, "type": "maritime_pine_tree"}
{"ctxid": 0, "pos": [446.636, 148.659, 84.114], "rotationMatrix": [-0.443539, 0.896255, 0.0, -0.896255, -0.443539, 0.0, 0.0, 0.0, 1.0], "scale": 0.693, "type": "maritime_pine_tree"}
{"ctxid": 0, "pos": [441.819, 151.409, 84.114], "rotationMatrix": [-0.547897, -0.836546, 0.0, 0.836546, -0.547897, 0.0, 0.0, 0.0, 1.0], "scale": 0.5, "type": "maritime_pine_tree"}
{"ctxid": 0, "pos": [461.141, 137.55, 84.064], "rotationMatrix": [0.997635, -0.068736, 0.0, 0.068736, 0.997635, 0.0, 0.0, 0.0, 1.0], "scale": 0.888, "type": "maritime_pine_tree"}
{"ctxid": 0, "pos": [437.949, 153.441, 84.064], "rotationMatrix": [0.988833, -0.149025, 0.0, 0.149025, 0.988833, 0.0, 0.0, 0.0, 1.0], "scale": 0.645, "type": "maritime_pine_tree"}
{"ctxid": 0, "pos": [435.537, 152.102, 84.551], "rotationMatrix": [-0.608556, 0.793511, 0.0, -0.793511, -0.608556, 0.0, 0.0, 0.0, 1.0], "scale": 0.601, "type": "maritime_pine_tree"}
{"ctxid": 0, "pos": [433.19, 144.595, 85.503], "rotationMatrix": [-0.620782, -0.783983, 0.0, 0.783983, -0.620782, 0.0, 0.0, 0.0, 1.0], "scale": 0.5, "type": "maritime_pine_tree"}
{"ctxid": 0, "pos": [433.162, 144.061, 85.503], "rotationMatrix": [-0.690227, -0.723593, 0.0, 0.723593, -0.690227, 0.0, 0.0, 0.0, 1.0], "scale": 0.534, "type": "maritime_pine_tree"}
{"ctxid": 0, "pos": [436.944, 131.381, 86.022], "rotationMatrix": [-0.095846, -0.995396, 0.0, 0.995396, -0.095846, 0.0, 0.0, 0.0, 1.0], "scale": 0.71, "type": "maritime_pine_tree"}
{"ctxid": 0, "pos": [450.991, 112.857, 85.972], "rotationMatrix": [-0.609195, -0.79302, 0.0, 0.79302, -0.609195, 0.0, 0.0, 0.0, 1.0], "scale": 0.537, "type": "maritime_pine_tree"}
{"ctxid": 0, "pos": [436.117, 133.664, 85.972], "rotationMatrix": [-0.729326, 0.684167, 0.0, -0.684167, -0.729326, 0.0, 0.0, 0.0, 1.0], "scale": 0.818, "type": "maritime_pine_tree"}
{"ctxid": 0, "pos": [426.09, 135.664, 86.438], "rotationMatrix": [-0.544198, -0.838957, 0.0, 0.838957, -0.544198, 0.0, 0.0, 0.0, 1.0], "scale": 0.714, "type": "maritime_pine_tree"}
{"ctxid": 0, "pos": [423.777, 140.003, 86.438], "rotationMatrix": [-0.732811, -0.680432, 0.0, 0.680432, -0.732811, 0.0, 0.0, 0.0, 1.0], "scale": 0.766, "type": "maritime_pine_tree"}
{"ctxid": 0, "pos": [442.33, 105.996, 86.901], "rotationMatrix": [-0.599291, -0.800531, 0.0, 0.800531, -0.599291, 0.0, 0.0, 0.0, 1.0], "scale": 0.5, "type": "maritime_pine_tree"}
{"ctxid": 0, "pos": [419.235, 132.089, 87.414], "rotationMatrix": [0.292338, 0.956315, 0.0, -0.956315, 0.292338, 0.0, 0.0, 0.0, 1.0], "scale": 0.716, "type": "maritime_pine_tree"}
{"ctxid": 0, "pos": [435.584, 106.245, 87.364], "rotationMatrix": [0.825471, 0.564445, 0.0, -0.564445, 0.825471, 0.0, 0.0, 0.0, 1.0], "scale": 0.802, "type": "maritime_pine_tree"}
{"ctxid": 0, "pos": [423.577, 123.056, 87.364], "rotationMatrix": [0.990946, -0.134264, 0.0, 0.134264, 0.990946, 0.0, 0.0, 0.0, 1.0], "scale": 0.724, "type": "maritime_pine_tree"}
{"ctxid": 0, "pos": [429.273, 106.513, 87.826], "rotationMatrix": [0.913862, 0.406025, 0.0, -0.406025, 0.913862, 0.0, 0.0, 0.0, 1.0], "scale": 0.694, "type": "maritime_pine_tree"}
{"ctxid": 0, "pos": [414.133, 131.4, 87.826], "rotationMatrix": [0.264447, -0.9644, 0.0, 0.9644, 0.264447, 0.0, 0.0, 0.0, 1.0], "scale": 0.5, "type": "maritime_pine_tree"}
{"ctxid": 0, "pos": [418.578, 124.017, 87.826], "rotationMatrix": [-0.959102, -0.283062, 0.0, 0.283062, -0.959102, 0.0, 0.0, 0.0, 1.0], "scale": 0.632, "type": "maritime_pine_tree"}
{"ctxid": 0, "pos": [419.448, 101.513, 88.733], "rotationMatrix": [-0.484396, -0.874849, 0.0, 0.874849, -0.484396, 0.0, 0.0, 0.0, 1.0], "scale": 0.914, "type": "maritime_pine_tree"}
{"ctxid": 0, "pos": [406.366, 114.836, 89.238], "rotationMatrix": [0.192344, 0.981328, 0.0, -0.981328, 0.192344, 0.0, 0.0, 0.0, 1.0], "scale": 0.602, "type": "maritime_pine_tree"}
{"ctxid": 0, "pos": [404.037, 120.866, 89.188], "rotationMatrix": [0.872402, -0.488789, 0.0, 0.488789, 0.872402, 0.0, 0.0, 0.0, 1.0], "scale": 0.602, "type": "maritime_pine_tree"}
{"ctxid": 0, "pos": [406.947, 101.468, 89.703], "rotationMatrix": [-0.701229, 0.712936, 0.0, -0.712936, -0.701229, 0.0, 0.0, 0.0, 1.0], "scale": 0.5, "type": "maritime_pine_tree"}
{"ctxid": 0, "pos": [402.611, 111.366, 89.703], "rotationMatrix": [-0.623015, -0.78221, 0.0, 0.78221, -0.623015, 0.0, 0.0, 0.0, 1.0], "scale": 0.593, "type": "maritime_pine_tree"}
{"ctxid": 0, "pos": [397.921, 121.999, 89.703], "rotationMatrix": [-0.900806, -0.434221, 0.0, 0.434221, -0.900806, 0.0, 0.0, 0.0, 1.0], "scale": 0.641, "type": "maritime_pine_tree"}
{"ctxid": 0, "pos": [413.905, 89.092, 89.653], "rotationMatrix": [0.870365, 0.492406, 0.0, -0.492406, 0.870365, 0.0, 0.0, 0.0, 1.0], "scale": 0.734, "type": "maritime_pine_tree"}
{"ctxid": 0, "pos": [403.789, 97.087, 90.171], "rotationMatrix": [-0.708429, -0.705782, 0.0, 0.705782, -0.708429, 0.0, 0.0, 0.0, 1.0], "scale": 0.625, "type": "maritime_pine_tree"}
{"ctxid": 0, "pos": [407.693, 87.474, 90.121], "rotationMatrix": [0.409222, 0.912435, 0.0, -0.912435, 0.409222, 0.0, 0.0, 0.0, 1.0], "scale": 0.992, "type": "maritime_pine_tree"}
{"ctxid": 0, "pos": [409.635, 86.179, 90.121], "rotationMatrix": [0.678771, 0.73435, 0.0, -0.73435, 0.678771, 0.0, 0.0, 0.0, 1.0], "scale": 0.769, "type": "maritime_pine_tree"}
{"ctxid": 0, "pos": [397.308, 112.858, 90.121], "rotationMatrix": [-0.533011, -0.846108, 0.0, 0.846108, -0.533011, 0.0, 0.0, 0.0, 1.0], "scale": 0.591, "type": "maritime_pine_tree"}
{"ctxid": 0, "pos": [392.901, 123.318, 90.121], "rotationMatrix": [0.360664, 0.932696, 0.0, -0.932696, 0.360664, 0.0, 0.0, 0.0, 1.0], "scale": 0.618, "type": "maritime_pine_tree"}
{"ctxid": 0, "pos": [391.469, 111.771, 90.641], "rotationMatrix": [0.989004, 0.14789, 0.0, -0.14789, 0.989004, 0.0, 0.0, 0.0, 1.0], "scale": 0.56, "type": "maritime_pine_tree"}
{"ctxid": 0, "pos": [391.82, 111.737, 90.591], "rotationMatrix": [0.664534, 0.747258, 0.0, -0.747258, 0.664534, 0.0, 0.0, 0.0, 1.0], "scale": 0.673, "type": "maritime_pine_tree"}
{"ctxid": 0, "pos": [387.534, 117.654, 90.591], "rotationMatrix": [-0.780548, 0.625096, 0.0, -0.625096, -0.780548, 0.0, 0.0, 0.0, 1.0], "scale": 0.745, "type": "maritime_pine_tree"}
{"ctxid": 0, "pos": [386.409, 108.486, 91.071], "rotationMatrix": [-0.893335, 0.44939, 0.0, -0.44939, -0.893335, 0.0, 0.0, 0.0, 1.0], "scale": 0.621, "type": "maritime_pine_tree"}
{"ctxid": 0, "pos": [390.363, 82.7, 91.553], "rotationMatrix": [-0.018144, -0.999835, 0.0, 0.999835, -0.018144, 0.0, 0.0, 0.0, 1.0], "scale": 0.528, "type": "maritime_pine_tree"}
{"ctxid": 0, "pos": [-1083.113, 1247.438, 271.795], "rotationMatrix": [-0.828967, 0.559297, 0.0, -0.559297, -0.828967, 0.0, 0.0, 0.0, 1.0], "scale": 0.619, "type": "maritime_pine_tree"}
{"ctxid": 0, "pos": [-1223.671, 1344.587, 306.32], "rotationMatrix": [0.852072, -0.523424, 0.0, 0.523424, 0.852072, 0.0, 0.0, 0.0, 1.0], "scale": 0.837, "type": "maritime_pine_tree"}
{"ctxid": 0, "pos": [-1234.439, 1342.754, 307.067], "rotationMatrix": [-0.668461, 0.743747, 0.0, -0.743747, -0.668461, 0.0, 0.0, 0.0, 1.0], "scale": 0.712, "type": "maritime_pine_tree"}
{"ctxid": 0, "pos": [-1243.36, 1373.907, 307.067], "rotationMatrix": [-0.797907, 0.60278, 0.0, -0.60278, -0.797907, 0.0, 0.0, 0.0, 1.0], "scale": 0.628, "type": "maritime_pine_tree"}
{"ctxid": 0, "pos": [-1271.056, 1353.714, 309.816], "rotationMatrix": [0.279821, 0.960052, 0.0, -0.960052, 0.279821, 0.0, 0.0, 0.0, 1.0], "scale": 0.552, "type": "maritime_pine_tree"}
{"ctxid": 0, "pos": [-1273.103, 1348.083, 309.766], "rotationMatrix": [-0.799281, 0.600958, 0.0, -0.600958, -0.799281, 0.0, 0.0, 0.0, 1.0], "scale": 0.53, "type": "maritime_pine_tree"}
{"ctxid": 0, "pos": [-1264.336, 1380.605, 309.766], "rotationMatrix": [0.497438, 0.867499, 0.0, -0.867499, 0.497438, 0.0, 0.0, 0.0, 1.0], "scale": 0.525, "type": "maritime_pine_tree"}
{"ctxid": 0, "pos": [-1280.838, 1355.576, 310.465], "rotationMatrix": [-0.042707, -0.999088, 0.0, 0.999088, -0.042707, 0.0, 0.0, 0.0, 1.0], "scale": 0.686, "type": "maritime_pine_tree"}
{"ctxid": 0, "pos": [-1273.564, 1373.106, 310.465], "rotationMatrix": [-0.694812, 0.719192, 0.0, -0.719192, -0.694812, 0.0, 0.0, 0.0, 1.0], "scale": 0.823, "type": "maritime_pine_tree"}
{"ctxid": 0, "pos": [-1270.974, 1376.678, 310.465], "rotationMatrix": [0.882326, 0.47064, 0.0, -0.47064, 0.882326, 0.0, 0.0, 0.0, 1.0], "scale": 0.764, "type": "maritime_pine_tree"}
{"ctxid": 0, "pos": [-1293.693, 1350.764, 311.173], "rotationMatrix": [-0.765663, 0.643241, 0.0, -0.643241, -0.765663, 0.0, 0.0, 0.0, 1.0], "scale": 0.956, "type": "maritime_pine_tree"}
{"ctxid": 0, "pos": [-1277.345, 1382.443, 311.173], "rotationMatrix": [-0.996384, 0.084959, 0.0, -0.084959, -0.996384, 0.0, 0.0, 0.0, 1.0], "scale": 0.566, "type": "maritime_pine_tree"}
{"ctxid": 0, "pos": [-1278.473, 1375.803, 311.173], "rotationMatrix": [0.511235, -0.859441, 0.0, 0.859441, 0.511235, 0.0, 0.0, 0.0, 1.0], "scale": 0.563, "type": "maritime_pine_tree"}
{"ctxid": 0, "pos": [-1286.346, 1376.702, 311.95], "rotationMatrix": [0.01074, 0.999942, 0.0, -0.999942, 0.01074, 0.0, 0.0, 0.0, 1.0], "scale": 0.54, "type": "maritime_pine_tree"}
{"ctxid": 0, "pos": [-1283.084, 1380.693, 311.95], "rotationMatrix": [-0.550967, -0.834527, 0.0, 0.834527, -0.550967, 0.0, 0.0, 0.0, 1.0], "scale": 0.775, "type": "maritime_pine_tree"}
{"ctxid": 0, "pos": [-1280.296, 1384.395, 311.9], "rotationMatrix": [-0.990987, 0.133957, 0.0, -0.133957, -0.990987, 0.0, 0.0, 0.0, 1.0], "scale": 0.841, "type": "maritime_pine_tree"}
{"ctxid": 0, "pos": [-1314.212, 1371.932, 313.261], "rotationMatrix": [-0.962535, -0.271157, 0.0, 0.271157, -0.962535, 0.0, 0.0, 0.0, 1.0], "scale": 0.624, "type": "maritime_pine_tree"}
{"ctxid": 0, "pos": [-1284.497, 1397.255, 313.261], "rotationMatrix": [-0.622646, 0.782504, 0.0, -0.782504, -0.622646, 0.0, 0.0, 0.0, 1.0], "scale": 0.5, "type": "maritime_pine_tree"}
{"ctxid": 0, "pos": [-1320.242, 1375.177, 313.754], "rotationMatrix": [0.550835, -0.834614, 0.0, 0.834614, 0.550835, 0.0, 0.0, 0.0, 1.0], "scale": 1.001, "type": "maritime_pine_tree"}
{"ctxid": 0, "pos": [-1309.722, 1382.188, 313.754], "rotationMatrix": [-0.887544, -0.460723, 0.0, 0.460723, -0.887544, 0.0, 0.0, 0.0, 1.0], "scale": 0.621, "type": "maritime_pine_tree"}
{"ctxid": 0, "pos": [-1313.166, 1387.775, 314.258], "rotationMatrix": [-0.715975, -0.698126, 0.0, 0.698126, -0.715975, 0.0, 0.0, 0.0, 1.0], "scale": 0.676, "type": "maritime_pine_tree"}
{"ctxid": 0, "pos": [-1300.927, 1402.126, 314.82], "rotationMatrix": [0.866145, 0.499792, 0.0, -0.499792, 0.866145, 0.0, 0.0, 0.0, 1.0], "scale": 0.5, "type": "maritime_pine_tree"}
{"ctxid": 0, "pos": [-1307.09, 1405.841, 315.366], "rotationMatrix": [-0.410218, -0.911987, 0.0, 0.911987, -0.410218, 0.0, 0.0, 0.0, 1.0], "scale": 0.5, "type": "maritime_pine_tree"}
{"ctxid": 0, "pos": [-1306.968, 1405.762, 315.366], "rotationMatrix": [0.997103, -0.076059, 0.0, 0.076059, 0.997103, 0.0, 0.0, 0.0, 1.0], "scale": 0.5, "type": "maritime_pine_tree"}
{"ctxid": 0, "pos": [-1303.513, 1406.405, 315.316], "rotationMatrix": [0.585153, -0.810923, 0.0, 0.810923, 0.585153, 0.0, 0.0, 0.0, 1.0], "scale": 0.797, "type": "maritime_pine_tree"}
{"ctxid": 0, "pos": [-1309.678, 1410.727, 315.921], "rotationMatrix": [-0.674466, 0.738306, 0.0, -0.738306, -0.674466, 0.0, 0.0, 0.0, 1.0], "scale": 0.546, "type": "maritime_pine_tree"}
{"ctxid": 0, "pos": [-1326.002, 1399.094, 315.871], "rotationMatrix": [0.182009, 0.983297, 0.0, -0.983297, 0.182009, 0.0, 0.0, 0.0, 1.0], "scale": 0.718, "type": "maritime_pine_tree"}
{"ctxid": 0, "pos": [-1329.458, 1400.578, 315.871], "rotationMatrix": [-0.909432, 0.415853, 0.0, -0.415853, -0.909432, 0.0, 0.0, 0.0, 1.0], "scale": 0.552, "type": "maritime_pine_tree"}
{"ctxid": 0, "pos": [-1313.463, 1415.686, 316.483], "rotationMatrix": [-0.330426, -0.943832, 0.0, 0.943832, -0.330426, 0.0, 0.0, 0.0, 1.0], "scale": 0.5, "type": "maritime_pine_tree"}
{"ctxid": 0, "pos": [-1325.345, 1409.873, 316.433], "rotationMatrix": [-0.410791, 0.91173, 0.0, -0.91173, -0.410791, 0.0, 0.0, 0.0, 1.0], "scale": 0.5, "type": "maritime_pine_tree"}
{"ctxid": 0, "pos": [-1325.322, 1409.048, 316.433], "rotationMatrix": [-0.87924, 0.476379, 0.0, -0.476379, -0.87924, 0.0, 0.0, 0.0, 1.0], "scale": 0.889, "type": "maritime_pine_tree"}
{"ctxid": 0, "pos": [-1328.425, 1414.812, 317.022], "rotationMatrix": [0.992339, 0.123548, 0.0, -0.123548, 0.992339, 0.0, 0.0, 0.0, 1.0], "scale": 0.738, "type": "maritime_pine_tree"}
{"ctxid": 0, "pos": [-1342.429, 1418.704, 317.619], "rotationMatrix": [0.690343, 0.723483, 0.0, -0.723483, 0.690343, 0.0, 0.0, 0.0, 1.0], "scale": 0.772, "type": "maritime_pine_tree"}
{"ctxid": 0, "pos": [-1339.643, 1427.228, 318.222], "rotationMatrix": [-0.946401, 0.322994, 0.0, -0.322994, -0.946401, 0.0, 0.0, 0.0, 1.0], "scale": 0.631, "type": "maritime_pine_tree"}
{"ctxid": 0, "pos": [-1309.394, 1437.54, 318.222], "rotationMatrix": [-0.232745, -0.972538, 0.0, 0.972538, -0.232745, 0.0, 0.0, 0.0, 1.0], "scale": 0.588, "type": "maritime_pine_tree"}
{"ctxid": 0, "pos": [-1333.435, 1635.157, 336.827], "rotationMatrix": [0.466757, 0.884385, 0.0, -0.884385, 0.466757, 0.0, 0.0, 0.0, 1.0], "scale": 0.5, "type": "maritime_pine_tree"}
{"ctxid": 0, "pos": [-1336.446, 1635.251, 336.777], "rotationMatrix": [-0.998515, 0.054483, 0.0, -0.054483, -0.998515, 0.0, 0.0, 0.0, 1.0], "scale": 0.599, "type": "maritime_pine_tree"}
{"ctxid": 0, "pos": [-1319.222, 1631.645, 336.777], "rotationMatrix": [-0.917915, 0.396778, 0.0, -0.396778, -0.917915, 0.0, 0.0, 0.0, 1.0], "scale": 0.763, "type": "maritime_pine_tree"}
{"ctxid": 0, "pos": [-1317.822, 1638.766, 337.365], "rotationMatrix": [0.960355, 0.278779, 0.0, -0.278779, 0.960355, 0.0, 0.0, 0.0, 1.0], "scale": 0.534, "type": "maritime_pine_tree"}
{"ctxid": 0, "pos": [-1318.375, 1644.336, 337.896], "rotationMatrix": [0.930126, -0.367241, 0.0, 0.367241, 0.930126, 0.0, 0.0, 0.0, 1.0], "scale": 0.671, "type": "maritime_pine_tree"}
{"ctxid": 0, "pos": [-1336.105, 1657.268, 338.863], "rotationMatrix": [0.847273, 0.531158, 0.0, -0.531158, 0.847273, 0.0, 0.0, 0.0, 1.0], "scale": 0.52, "type": "maritime_pine_tree"}
{"ctxid": 0, "pos": [-1309.937, 1655.886, 338.863], "rotationMatrix": [-0.509062, 0.86073, 0.0, -0.86073, -0.509062, 0.0, 0.0, 0.0, 1.0], "scale": 0.512, "type": "maritime_pine_tree"}
{"ctxid": 0, "pos": [-1334.048, 1661.693, 339.404], "rotationMatrix": [0.488746, 0.872426, 0.0, -0.872426, 0.488746, 0.0, 0.0, 0.0, 1.0], "scale": 0.619, "type": "maritime_pine_tree"}
{"ctxid": 0, "pos": [-1342.064, 1660.567, 339.404], "rotationMatrix": [0.570168, 0.821528, 0.0, -0.821528, 0.570168, 0.0, 0.0, 0.0, 1.0], "scale": 0.564, "type": "maritime_pine_tree"}
{"ctxid": 0, "pos": [-1345.969, 1660.316, 339.354], "rotationMatrix": [-0.788566, -0.614951, 0.0, 0.614951, -0.788566, 0.0, 0.0, 0.0, 1.0], "scale": 0.748, "type": "maritime_pine_tree"}
{"ctxid": 0, "pos": [-1314.481, 1664.572, 339.354], "rotationMatrix": [0.828596, -0.559848, 0.0, 0.559848, 0.828596, 0.0, 0.0, 0.0, 1.0], "scale": 0.931, "type": "maritime_pine_tree"}
{"ctxid": 0, "pos": [-1306.428, 1669.703, 339.844], "rotationMatrix": [0.549599, 0.835429, 0.0, -0.835429, 0.549599, 0.0, 0.0, 0.0, 1.0], "scale": 0.681, "type": "maritime_pine_tree"}
{"ctxid": 0, "pos": [-1317.565, 1669.306, 339.844], "rotationMatrix": [0.849914, -0.526921, 0.0, 0.526921, 0.849914, 0.0, 0.0, 0.0, 1.0], "scale": 0.709, "type": "maritime_pine_tree"}
{"ctxid": 0, "pos": [-1342.899, 1672.516, 340.328], "rotationMatrix": [0.912628, 0.408791, 0.0, -0.408791, 0.912628, 0.0, 0.0, 0.0, 1.0], "scale": 0.806, "type": "maritime_pine_tree"}
{"ctxid": 0, "pos": [-1347.382, 1674.463, 340.811], "rotationMatrix": [-0.549754, -0.835327, 0.0, 0.835327, -0.549754, 0.0, 0.0, 0.0, 1.0], "scale": 0.928, "type": "maritime_pine_tree"}
{"ctxid": 0, "pos": [-1311.476, 1680.721, 340.811], "rotationMatrix": [0.891887, 0.452258, 0.0, -0.452258, 0.891887, 0.0, 0.0, 0.0, 1.0], "scale": 0.905, "type": "maritime_pine_tree"}
{"ctxid": 0, "pos": [-1310.9, 1680.295, 340.811], "rotationMatrix": [0.995598, 0.093727, 0.0, -0.093727, 0.995598, 0.0, 0.0, 0.0, 1.0], "scale": 0.656, "type": "maritime_pine_tree"}
{"ctxid": 0, "pos": [-1317.22, 1685.546, 341.341], "rotationMatrix": [-0.909654, -0.415366, 0.0, 0.415366, -0.909654, 0.0, 0.0, 0.0, 1.0], "scale": 0.569, "type": "maritime_pine_tree"}
{"ctxid": 0, "pos": [-1346.971, 1686.166, 341.761], "rotationMatrix": [-0.994321, -0.10642, 0.0, 0.10642, -0.994321, 0.0, 0.0, 0.0, 1.0], "scale": 0.983, "type": "maritime_pine_tree"}
{"ctxid": 0, "pos": [-1344.945, 1687.065, 341.761], "rotationMatrix": [-0.997219, 0.074521, 0.0, -0.074521, -0.997219, 0.0, 0.0, 0.0, 1.0], "scale": 0.614, "type": "maritime_pine_tree"}
{"ctxid": 0, "pos": [-1353.346, 1696.578, 342.679], "rotationMatrix": [-0.36941, 0.929267, 0.0, -0.929267, -0.36941, 0.0, 0.0, 0.0, 1.0], "scale": 0.834, "type": "maritime_pine_tree"}
{"ctxid": 0, "pos": [-1313.442, 1706.014, 343.465], "rotationMatrix": [0.404092, 0.914718, 0.0, -0.914718, 0.404092, 0.0, 0.0, 0.0, 1.0], "scale": 0.821, "type": "maritime_pine_tree"}
{"ctxid": 0, "pos": [-1310.992, 1707.963, 343.465], "rotationMatrix": [0.967076, -0.254489, 0.0, 0.254489, 0.967076, 0.0, 0.0, 0.0, 1.0], "scale": 0.663, "type": "maritime_pine_tree"}
{"ctxid": 0, "pos": [-1343.576, 1717.67, 344.222], "rotationMatrix": [-0.064837, -0.997896, 0.0, 0.997896, -0.064837, 0.0, 0.0, 0.0, 1.0], "scale": 0.579, "type": "maritime_pine_tree"}
{"ctxid": 0, "pos": [-1336.453, 1727.181, 344.965], "rotationMatrix": [0.040436, -0.999182, 0.0, 0.999182, 0.040436, 0.0, 0.0, 0.0, 1.0], "scale": 0.727, "type": "maritime_pine_tree"}
{"ctxid": 0, "pos": [-1340.064, 1739.25, 345.68], "rotationMatrix": [-0.628785, 0.777579, 0.0, -0.777579, -0.628785, 0.0, 0.0, 0.0, 1.0], "scale": 0.663, "type": "maritime_pine_tree"}
{"ctxid": 0, "pos": [-1301.787, 1737.196, 347.16], "rotationMatrix": [0.782215, -0.623009, 0.0, 0.623009, 0.782215, 0.0, 0.0, 0.0, 1.0], "scale": 0.612, "type": "maritime_pine_tree"}
{"ctxid": 0, "pos": [-1307.703, 1750.877, 347.967], "rotationMatrix": [0.994232, -0.107254, 0.0, 0.107254, 0.994232, 0.0, 0.0, 0.0, 1.0], "scale": 0.56, "type": "maritime_pine_tree"}
{"ctxid": 0, "pos": [-1323.68, 1756.408, 347.917], "rotationMatrix": [-0.174823, -0.9846, 0.0, 0.9846, -0.174823, 0.0, 0.0, 0.0, 1.0], "scale": 0.929, "type": "maritime_pine_tree"}
{"ctxid": 0, "pos": [-1317.879, 1768.853, 349.354], "rotationMatrix": [-0.994814, 0.101708, 0.0, -0.101708, -0.994814, 0.0, 0.0, 0.0, 1.0], "scale": 0.77, "type": "maritime_pine_tree"}
{"ctxid": 0, "pos": [-1330.683, 1769.62, 349.304], "rotationMatrix": [0.898942, -0.438068, 0.0, 0.438068, 0.898942, 0.0, 0.0, 0.0, 1.0], "scale": 0.733, "type": "maritime_pine_tree"}
{"ctxid": 0, "pos": [-1325.062, 1772.671, 349.993], "rotationMatrix": [-0.510483, -0.859888, 0.0, 0.859888, -0.510483, 0.0, 0.0, 0.0, 1.0], "scale": 0.5, "type": "maritime_pine_tree"}
{"ctxid": 0, "pos": [-1303.973, 1776.213, 349.943], "rotationMatrix": [0.803931, -0.594723, 0.0, 0.594723, 0.803931, 0.0, 0.0, 0.0, 1.0], "scale": 0.73, "type": "maritime_pine_tree"}
{"ctxid": 0, "pos": [-1305.592, 1777.492, 349.943], "rotationMatrix": [-0.996488, 0.08374, 0.0, -0.08374, -0.996488, 0.0, 0.0, 0.0, 1.0], "scale": 0.545, "type": "maritime_pine_tree"}
{"ctxid": 0, "pos": [-1326.104, 1776.946, 350.653], "rotationMatrix": [0.832358, 0.554239, 0.0, -0.554239, 0.832358, 0.0, 0.0, 0.0, 1.0], "scale": 0.5, "type": "maritime_pine_tree"}
{"ctxid": 0, "pos": [-1330.055, 1779.825, 351.36], "rotationMatrix": [0.99926, -0.038474, 0.0, 0.038474, 0.99926, 0.0, 0.0, 0.0, 1.0], "scale": 0.626, "type": "maritime_pine_tree"}
{"ctxid": 0, "pos": [-1312.152, 1795.127, 351.36], "rotationMatrix": [0.985727, 0.168351, 0.0, -0.168351, 0.985727, 0.0, 0.0, 0.0, 1.0], "scale": 0.5, "type": "maritime_pine_tree"}
{"ctxid": 0, "pos": [-1313.993, 1792.431, 351.31], "rotationMatrix": [-0.233935, 0.972252, 0.0, -0.972252, -0.233935, 0.0, 0.0, 0.0, 1.0], "scale": 0.755, "type": "maritime_pine_tree"}
{"ctxid": 0, "pos": [-1322.711, 1798.802, 352.138], "rotationMatrix": [-0.534239, -0.845333, 0.0, 0.845333, -0.534239, 0.0, 0.0, 0.0, 1.0], "scale": 0.632, "type": "maritime_pine_tree"}
{"ctxid": 0, "pos": [-1331.734, 1787.835, 352.138], "rotationMatrix": [0.79595, -0.605363, 0.0, 0.605363, 0.79595, 0.0, 0.0, 0.0, 1.0], "scale": 0.565, "type": "maritime_pine_tree"}
{"ctxid": 0, "pos": [-1318.875, 1804.045, 352.138], "rotationMatrix": [0.98859, 0.150634, 0.0, -0.150634, 0.98859, 0.0, 0.0, 0.0, 1.0], "scale": 0.5, "type": "maritime_pine_tree"}
{"ctxid": 0, "pos": [-1333.192, 1785.324, 352.088], "rotationMatrix": [0.932912, -0.360104, 0.0, 0.360104, 0.932912, 0.0, 0.0, 0.0, 1.0], "scale": 0.638, "type": "maritime_pine_tree"}
{"ctxid": 0, "pos": [-1346.95, 1795.827, 353.81], "rotationMatrix": [0.564597, -0.825367, 0.0, 0.825367, 0.564597, 0.0, 0.0, 0.0, 1.0], "scale": 0.5, "type": "maritime_pine_tree"}
{"ctxid": 0, "pos": [-1345.409, 1798.77, 353.81], "rotationMatrix": [-0.229652, 0.973273, 0.0, -0.973273, -0.229652, 0.0, 0.0, 0.0, 1.0], "scale": 0.569, "type": "maritime_pine_tree"}
{"ctxid": 0, "pos": [-1356.678, 1788.698, 354.261], "rotationMatrix": [-0.866952, 0.498393, 0.0, -0.498393, -0.866952, 0.0, 0.0, 0.0, 1.0], "scale": 0.605, "type": "maritime_pine_tree"}
{"ctxid": 0, "pos": [-1339.512, 1819.341, 354.261], "rotationMatrix": [-0.492016, -0.870586, 0.0, 0.870586, -0.492016, 0.0, 0.0, 0.0, 1.0], "scale": 0.558, "type": "maritime_pine_tree"}
{"ctxid": 0, "pos": [-1347.126, 1817.852, 354.764], "rotationMatrix": [-0.957497, -0.288443, 0.0, 0.288443, -0.957497, 0.0, 0.0, 0.0, 1.0], "scale": 0.531, "type": "maritime_pine_tree"}
{"ctxid": 0, "pos": [-1353.627, 1817.402, 355.231], "rotationMatrix": [0.636931, -0.77092, 0.0, 0.77092, 0.636931, 0.0, 0.0, 0.0, 1.0], "scale": 0.656, "type": "maritime_pine_tree"}
