{"ctxid": 0, "pos": [3553.452, -4441.771, 72.524], "rotationMatrix": [-0.980119, -0.198413, 0.0, 0.198413, -0.980119, 0.0, 0.0, 0.0, 1.0], "scale": 0.579, "type": "olive_tree"}
{"ctxid": 0, "pos": [3563.314, -4435.275, 72.524], "rotationMatrix": [0.887137, -0.461507, 0.0, 0.461507, 0.887137, 0.0, 0.0, 0.0, 1.0], "scale": 0.78, "type": "olive_tree"}
{"ctxid": 0, "pos": [3538.523, -4438.389, 72.709], "rotationMatrix": [0.912587, -0.408883, 0.0, 0.408883, 0.912587, 0.0, 0.0, 0.0, 1.0], "scale": 0.997, "type": "olive_tree"}
{"ctxid": 0, "pos": [3542.172, -4423.105, 72.874], "rotationMatrix": [-0.738096, -0.674696, 0.0, 0.674696, -0.738096, 0.0, 0.0, 0.0, 1.0], "scale": 0.708, "type": "olive_tree"}
{"ctxid": 0, "pos": [3538.825, -4418.811, 73.071], "rotationMatrix": [-0.97432, 0.225167, 0.0, -0.225167, -0.97432, 0.0, 0.0, 0.0, 1.0], "scale": 0.701, "type": "olive_tree"}
{"ctxid": 0, "pos": [3539.914, -4408.292, 73.221], "rotationMatrix": [0.950088, -0.311983, 0.0, 0.311983, 0.950088, 0.0, 0.0, 0.0, 1.0], "scale": 0.656, "type": "olive_tree"}
{"ctxid": 0, "pos": [3530.464, -4407.872, 73.315], "rotationMatrix": [-0.949515, 0.313722, 0.0, -0.313722, -0.949515, 0.0, 0.0, 0.0, 1.0], "scale": 0.702, "type": "olive_tree"}
{"ctxid": 0, "pos": [3530.22, -4408.514, 73.315], "rotationMatrix": [-0.447206, -0.894431, 0.0, 0.894431, -0.447206, 0.0, 0.0, 0.0, 1.0], "scale": 0.818, "type": "olive_tree"}
{"ctxid": 0, "pos": [3516.492, -4418.261, 73.315], "rotationMatrix": [-0.471657, -0.881782, 0.0, 0.881782, -0.471657, 0.0, 0.0, 0.0, 1.0], "scale": 0.786, "type": "olive_tree"}
{"ctxid": 0, "pos": [3524.905, -4398.762, 73.527], "rotationMatrix": [-0.973785, 0.227471, 0.0, -0.227471, -0.973785, 0.0, 0.0, 0.0, 1.0], "scale": 0.959, "type": "olive_tree"}
{"ctxid": 0, "pos": [3528.874, -4396.424, 73.527], "rotationMatrix": [0.318408, -0.947954, 0.0, 0.947954, 0.318408, 0.0, 0.0, 0.0, 1.0], "scale": 0.858, "type": "olive_tree"}
{"ctxid": 0, "pos": [3523.449, -4386.375, 73.75], "rotationMatrix": [-0.617512, -0.786562, 0.0, 0.786562, -0.617512, 0.0, 0.0, 0.0, 1.0], "scale": 0.718, "type": "olive_tree"}
{"ctxid": 0, "pos": [3515.155, -4387.357, 73.863], "rotationMatrix": [0.391629, -0.920123, 0.0, 0.920123, 0.391629, 0.0, 0.0, 0.0, 1.0], "scale": 0.965, "type": "olive_tree"}
{"ctxid": 0, "pos": [3521.213, -4382.886, 73.863], "rotationMatrix": [0.66018, 0.751107, 0.0, -0.751107, 0.66018, 0.0, 0.0, 0.0, 1.0], "scale": 0.794, "type": "olive_tree"}
{"ctxid": 0, "pos": [3418.75, -4296.779, 76.346], "rotationMatrix": [-0.90226, 0.431192, 0.0, -0.431192, -0.90226, 0.0, 0.0, 0.0, 1.0], "scale": 0.635, "type": "olive_tree"}
{"ctxid": 0, "pos": [3383.537, -4233.305, 77.878], "rotationMatrix": [-0.226725, 0.973959, 0.0, -0.973959, -0.226725, 0.0, 0.0, 0.0, 1.0], "scale": 0.751, "type": "olive_tree"}
{"ctxid": 0, "pos": [3377.838, -4236.679, 77.878], "rotationMatrix": [-0.994874, 0.10112, 0.0, -0.10112, -0.994874, 0.0, 0.0, 0.0, 1.0], "scale": 0.916, "type": "olive_tree"}
{"ctxid": 0, "pos": [3376.608, -4225.021, 78.058], "rotationMatrix": [0.921645, -0.388035, 0.0, 0.388035, 0.921645, 0.0, 0.0, 0.0, 1.0], "scale": 0.839, "type": "olive_tree"}
{"ctxid": 0, "pos": [3372.889, -4221.286, 78.134], "rotationMatrix": [-0.998645, 0.052041, 0.0, -0.052041, -0.998645, 0.0, 0.0, 0.0, 1.0], "scale": 0.605, "type": "olive_tree"}
{"ctxid": 0, "pos": [3370.295, -4216.914, 78.204], "rotationMatrix": [-0.953198, 0.302348, 0.0, -0.302348, -0.953198, 0.0, 0.0, 0.0, 1.0], "scale": 0.708, "type": "olive_tree"}
{"ctxid": 0, "pos": [3370.966, -4216.376, 78.204], "rotationMatrix": [-0.440873, -0.897569, 0.0, 0.897569, -0.440873, 0.0, 0.0, 0.0, 1.0], "scale": 0.716, "type": "olive_tree"}
{"ctxid": 0, "pos": [3365.408, -4214.395, 78.296], "rotationMatrix": [-0.182081, -0.983283, 0.0, 0.983283, -0.182081, 0.0, 0.0, 0.0, 1.0], "scale": 0.653, "type": "olive_tree"}
{"ctxid": 0, "pos": [3377.133, -4205.474, 78.296], "rotationMatrix": [0.315854, 0.948808, 0.0, -0.948808, 0.315854, 0.0, 0.0, 0.0, 1.0], "scale": 0.743, "type": "olive_tree"}
{"ctxid": 0, "pos": [3382.435, -4200.141, 78.296], "rotationMatrix": [-0.883058, 0.469264, 0.0, -0.469264, -0.883058, 0.0, 0.0, 0.0, 1.0], "scale": 0.779, "type": "olive_tree"}
{"ctxid": 0, "pos": [3362.647, -4209.464, 78.428], "rotationMatrix": [-0.931468, 0.363824, 0.0, -0.363824, -0.931468, 0.0, 0.0, 0.0, 1.0], "scale": 0.984, "type": "olive_tree"}
{"ctxid": 0, "pos": [3381.824, -4194.639, 78.428], "rotationMatrix": [-0.936506, -0.350651, 0.0, 0.350651, -0.936506, 0.0, 0.0, 0.0, 1.0], "scale": 0.57, "type": "olive_tree"}
{"ctxid": 0, "pos": [3372.56, -4188.935, 78.77], "rotationMatrix": [-0.992308, -0.123796, 0.0, 0.123796, -0.992308, 0.0, 0.0, 0.0, 1.0], "scale": 0.803, "type": "olive_tree"}
{"ctxid": 0, "pos": [3372.963, -4189.331, 78.77], "rotationMatrix": [-0.278024, 0.960574, 0.0, -0.960574, -0.278024, 0.0, 0.0, 0.0, 1.0], "scale": 0.532, "type": "olive_tree"}
{"ctxid": 0, "pos": [3356.346, -4202.028, 78.77], "rotationMatrix": [0.998302, -0.058252, 0.0, 0.058252, 0.998302, 0.0, 0.0, 0.0, 1.0], "scale": 0.573, "type": "olive_tree"}
{"ctxid": 0, "pos": [3351.852, -4198.424, 78.947], "rotationMatrix": [0.987717, 0.156251, 0.0, -0.156251, 0.987717, 0.0, 0.0, 0.0, 1.0], "scale": 0.71, "type": "olive_tree"}
{"ctxid": 0, "pos": [3351.986, -4199.057, 78.947], "rotationMatrix": [-0.426003, -0.904722, 0.0, 0.904722, -0.426003, 0.0, 0.0, 0.0, 1.0], "scale": 0.79, "type": "olive_tree"}
{"ctxid": 0, "pos": [3355.118, -4176.405, 79.467], "rotationMatrix": [-0.792195, 0.610269, 0.0, -0.610269, -0.792195, 0.0, 0.0, 0.0, 1.0], "scale": 0.669, "type": "olive_tree"}
{"ctxid": 0, "pos": [3349.516, -4167.324, 79.748], "rotationMatrix": [0.669691, 0.742639, 0.0, -0.742639, 0.669691, 0.0, 0.0, 0.0, 1.0], "scale": 0.812, "type": "olive_tree"}
{"ctxid": 0, "pos": [3353.711, -4165.03, 79.748], "rotationMatrix": [0.359438, 0.933169, 0.0, -0.933169, 0.359438, 0.0, 0.0, 0.0, 1.0], "scale": 0.759, "type": "olive_tree"}
{"ctxid": 0, "pos": [3346.539, -4163.154, 79.835], "rotationMatrix": [-0.984961, -0.172778, 0.0, 0.172778, -0.984961, 0.0, 0.0, 0.0, 1.0], "scale": 0.565, "type": "olive_tree"}
{"ctxid": 0, "pos": [3346.93, -4163.231, 79.835], "rotationMatrix": [0.87695, -0.480582, 0.0, 0.480582, 0.87695, 0.0, 0.0, 0.0, 1.0], "scale": 0.602, "type": "olive_tree"}
{"ctxid": 0, "pos": [3336.207, -4171.304, 79.835], "rotationMatrix": [-0.801202, 0.598393, 0.0, -0.598393, -0.801202, 0.0, 0.0, 0.0, 1.0], "scale": 0.664, "type": "olive_tree"}
{"ctxid": 0, "pos": [3349.951, -4160.936, 79.835], "rotationMatrix": [0.264828, 0.964296, 0.0, -0.964296, 0.264828, 0.0, 0.0, 0.0, 1.0], "scale": 0.564, "type": "olive_tree"}
{"ctxid": 0, "pos": [3343.271, -4160.252, 79.923], "rotationMatrix": [-0.472018, -0.881589, 0.0, 0.881589, -0.472018, 0.0, 0.0, 0.0, 1.0], "scale": 0.529, "type": "olive_tree"}
{"ctxid": 0, "pos": [3323.924, -4154.503, 80.627], "rotationMatrix": [-0.811616, 0.584191, 0.0, -0.584191, -0.811616, 0.0, 0.0, 0.0, 1.0], "scale": 0.696, "type": "olive_tree"}
{"ctxid": 0, "pos": [3333.797, -4146.63, 80.627], "rotationMatrix": [-0.897791, 0.440422, 0.0, -0.440422, -0.897791, 0.0, 0.0, 0.0, 1.0], "scale": 0.594, "type": "olive_tree"}
{"ctxid": 0, "pos": [3323.817, -4154.39, 80.627], "rotationMatrix": [0.017228, 0.999852, 0.0, -0.999852, 0.017228, 0.0, 0.0, 0.0, 1.0], "scale": 0.825, "type": "olive_tree"}
{"ctxid": 0, "pos": [3333.424, -4147.56, 80.627], "rotationMatrix": [0.625821, 0.779967, 0.0, -0.779967, 0.625821, 0.0, 0.0, 0.0, 1.0], "scale": 0.539, "type": "olive_tree"}
{"ctxid": 0, "pos": [3310.728, -4150.861, 81.29], "rotationMatrix": [0.999619, -0.027612, 0.0, 0.027612, 0.999619, 0.0, 0.0, 0.0, 1.0], "scale": 0.714, "type": "olive_tree"}
{"ctxid": 0, "pos": [3336.391, -4131.895, 81.29], "rotationMatrix": [0.996616, 0.082198, 0.0, -0.082198, 0.996616, 0.0, 0.0, 0.0, 1.0], "scale": 0.752, "type": "olive_tree"}
{"ctxid": 0, "pos": [3315.247, -4141.277, 81.582], "rotationMatrix": [-0.931, -0.36502, 0.0, 0.36502, -0.931, 0.0, 0.0, 0.0, 1.0], "scale": 0.578, "type": "olive_tree"}
{"ctxid": 0, "pos": [3326.311, -4126.686, 81.822], "rotationMatrix": [-0.057847, -0.998325, 0.0, 0.998325, -0.057847, 0.0, 0.0, 0.0, 1.0], "scale": 0.611, "type": "olive_tree"}
{"ctxid": 0, "pos": [3305.779, -4128.741, 82.138], "rotationMatrix": [0.888041, 0.459765, 0.0, -0.459765, 0.888041, 0.0, 0.0, 0.0, 1.0], "scale": 0.769, "type": "olive_tree"}
{"ctxid": 0, "pos": [3300.545, -4132.15, 82.138], "rotationMatrix": [-0.387939, -0.921685, 0.0, 0.921685, -0.387939, 0.0, 0.0, 0.0, 1.0], "scale": 0.68, "type": "olive_tree"}
{"ctxid": 0, "pos": [3320.968, -4117.923, 82.138], "rotationMatrix": [0.996812, -0.079786, 0.0, 0.079786, 0.996812, 0.0, 0.0, 0.0, 1.0], "scale": 0.653, "type": "olive_tree"}
{"ctxid": 0, "pos": [3313.318, -4116.783, 82.25], "rotationMatrix": [-0.957113, 0.289713, 0.0, -0.289713, -0.957113, 0.0, 0.0, 0.0, 1.0], "scale": 0.695, "type": "olive_tree"}
{"ctxid": 0, "pos": [3294.517, -4129.905, 82.25], "rotationMatrix": [-0.665066, 0.746784, 0.0, -0.746784, -0.665066, 0.0, 0.0, 0.0, 1.0], "scale": 0.527, "type": "olive_tree"}
{"ctxid": 0, "pos": [3264.239, -4073.85, 83.393], "rotationMatrix": [-0.999426, -0.033875, 0.0, 0.033875, -0.999426, 0.0, 0.0, 0.0, 1.0], "scale": 0.773, "type": "olive_tree"}
{"ctxid": 0, "pos": [3278.245, -4064.74, 83.393], "rotationMatrix": [0.865238, -0.501361, 0.0, 0.501361, 0.865238, 0.0, 0.0, 0.0, 1.0], "scale": 0.622, "type": "olive_tree"}
{"ctxid": 0, "pos": [3262.973, -4068.489, 83.421], "rotationMatrix": [0.005758, 0.999983, 0.0, -0.999983, 0.005758, 0.0, 0.0, 0.0, 1.0], "scale": 0.756, "type": "olive_tree"}
{"ctxid": 0, "pos": [3274.947, -4053.446, 83.438], "rotationMatrix": [0.302115, -0.953271, 0.0, 0.953271, 0.302115, 0.0, 0.0, 0.0, 1.0], "scale": 0.611, "type": "olive_tree"}
{"ctxid": 0, "pos": [3257.027, -4059.874, 83.454], "rotationMatrix": [-0.979554, -0.20118, 0.0, 0.20118, -0.979554, 0.0, 0.0, 0.0, 1.0], "scale": 0.804, "type": "olive_tree"}
{"ctxid": 0, "pos": [3262.597, -4043.74, 83.593], "rotationMatrix": [-0.831328, 0.555782, 0.0, -0.555782, -0.831328, 0.0, 0.0, 0.0, 1.0], "scale": 0.738, "type": "olive_tree"}
{"ctxid": 0, "pos": [3255.991, -4037.164, 84.069], "rotationMatrix": [-0.999616, 0.027723, 0.0, -0.027723, -0.999616, 0.0, 0.0, 0.0, 1.0], "scale": 0.755, "type": "olive_tree"}
{"ctxid": 0, "pos": [3263.753, -4031.812, 84.069], "rotationMatrix": [0.294491, -0.955654, 0.0, 0.955654, 0.294491, 0.0, 0.0, 0.0, 1.0], "scale": 0.739, "type": "olive_tree"}
{"ctxid": 0, "pos": [3237.022, -4040.426, 84.751], "rotationMatrix": [0.521793, -0.853072, 0.0, 0.853072, 0.521793, 0.0, 0.0, 0.0, 1.0], "scale": 0.879, "type": "olive_tree"}
{"ctxid": 0, "pos": [3247.004, -4022.755, 85.33], "rotationMatrix": [-0.013791, 0.999905, 0.0, -0.999905, -0.013791, 0.0, 0.0, 0.0, 1.0], "scale": 0.667, "type": "olive_tree"}
{"ctxid": 0, "pos": [3232.441, -4035.507, 85.33], "rotationMatrix": [-0.970844, -0.239711, 0.0, 0.239711, -0.970844, 0.0, 0.0, 0.0, 1.0], "scale": 0.793, "type": "olive_tree"}
{"ctxid": 0, "pos": [3229.599, -4029.897, 85.884], "rotationMatrix": [-0.854401, 0.519614, 0.0, -0.519614, -0.854401, 0.0, 0.0, 0.0, 1.0], "scale": 0.521, "type": "olive_tree"}
{"ctxid": 0, "pos": [3223.872, -4021.891, 86.416], "rotationMatrix": [0.501059, -0.865413, 0.0, 0.865413, 0.501059, 0.0, 0.0, 0.0, 1.0], "scale": 0.886, "type": "olive_tree"}
{"ctxid": 0, "pos": [3217.691, -4021.727, 86.716], "rotationMatrix": [0.493908, 0.869514, 0.0, -0.869514, 0.493908, 0.0, 0.0, 0.0, 1.0], "scale": 0.71, "type": "olive_tree"}
{"ctxid": 0, "pos": [3218.122, -4020.614, 86.716], "rotationMatrix": [-0.76369, 0.645583, 0.0, -0.645583, -0.76369, 0.0, 0.0, 0.0, 1.0], "scale": 0.722, "type": "olive_tree"}
{"ctxid": 0, "pos": [3210.491, -4026.968, 87.096], "rotationMatrix": [0.999995, -0.0031, 0.0, 0.0031, 0.999995, 0.0, 0.0, 0.0, 1.0], "scale": 0.731, "type": "olive_tree"}
{"ctxid": 0, "pos": [3215.8, -3995.518, 87.096], "rotationMatrix": [0.274315, 0.96164, 0.0, -0.96164, 0.274315, 0.0, 0.0, 0.0, 1.0], "scale": 0.587, "type": "olive_tree"}
{"ctxid": 0, "pos": [3195.645, -4019.644, 87.884], "rotationMatrix": [-0.639319, -0.768942, 0.0, 0.768942, -0.639319, 0.0, 0.0, 0.0, 1.0], "scale": 0.724, "type": "olive_tree"}
{"ctxid": 0, "pos": [3194.813, -4029.434, 87.884], "rotationMatrix": [0.665964, -0.745984, 0.0, 0.745984, 0.665964, 0.0, 0.0, 0.0, 1.0], "scale": 0.647, "type": "olive_tree"}
{"ctxid": 0, "pos": [3196.137, -4002.814, 87.884], "rotationMatrix": [-0.783916, 0.620866, 0.0, -0.620866, -0.783916, 0.0, 0.0, 0.0, 1.0], "scale": 0.666, "type": "olive_tree"}
{"ctxid": 0, "pos": [3186.817, -4018.559, 88.715], "rotationMatrix": [-0.990725, -0.135882, 0.0, 0.135882, -0.990725, 0.0, 0.0, 0.0, 1.0], "scale": 0.723, "type": "olive_tree"}
{"ctxid": 0, "pos": [3186.823, -4006.764, 88.715], "rotationMatrix": [-0.921922, 0.387377, 0.0, -0.387377, -0.921922, 0.0, 0.0, 0.0, 1.0], "scale": 0.851, "type": "olive_tree"}
{"ctxid": 0, "pos": [3171.494, -4018.925, 90.087], "rotationMatrix": [0.679206, 0.733948, 0.0, -0.733948, 0.679206, 0.0, 0.0, 0.0, 1.0], "scale": 0.569, "type": "olive_tree"}
{"ctxid": 0, "pos": [3171.157, -4025.632, 90.087], "rotationMatrix": [-0.171533, -0.985178, 0.0, 0.985178, -0.171533, 0.0, 0.0, 0.0, 1.0], "scale": 0.55, "type": "olive_tree"}
{"ctxid": 0, "pos": [3145.211, -4020.636, 92.412], "rotationMatrix": [0.923133, 0.384482, 0.0, -0.384482, 0.923133, 0.0, 0.0, 0.0, 1.0], "scale": 0.565, "type": "olive_tree"}
{"ctxid": 0, "pos": [3145.212, -4022.54, 92.412], "rotationMatrix": [-0.132183, -0.991225, 0.0, 0.991225, -0.132183, 0.0, 0.0, 0.0, 1.0], "scale": 0.701, "type": "olive_tree"}
{"ctxid": 0, "pos": [3146.106, -4027.639, 92.412], "rotationMatrix": [0.915516, 0.402282, 0.0, -0.402282, 0.915516, 0.0, 0.0, 0.0, 1.0], "scale": 0.993, "type": "olive_tree"}
{"ctxid": 0, "pos": [3140.904, -4019.403, 92.882], "rotationMatrix": [-0.124709, 0.992193, 0.0, -0.992193, -0.124709, 0.0, 0.0, 0.0, 1.0], "scale": 0.827, "type": "olive_tree"}
{"ctxid": 0, "pos": [3139.934, -4005.614, 92.882], "rotationMatrix": [-0.619069, 0.785337, 0.0, -0.785337, -0.619069, 0.0, 0.0, 0.0, 1.0], "scale": 0.94, "type": "olive_tree"}
{"ctxid": 0, "pos": [3129.807, -4006.536, 93.831], "rotationMatrix": [0.862664, 0.505777, 0.0, -0.505777, 0.862664, 0.0, 0.0, 0.0, 1.0], "scale": 0.522, "type": "olive_tree"}
{"ctxid": 0, "pos": [3129.71, -3999.666, 93.831], "rotationMatrix": [-0.896474, 0.443095, 0.0, -0.443095, -0.896474, 0.0, 0.0, 0.0, 1.0], "scale": 0.553, "type": "olive_tree"}
{"ctxid": 0, "pos": [3124.225, -4019.508, 94.306], "rotationMatrix": [-0.66817, -0.744009, 0.0, 0.744009, -0.66817, 0.0, 0.0, 0.0, 1.0], "scale": 0.636, "type": "olive_tree"}
{"ctxid": 0, "pos": [3102.825, -4007.977, 96.229], "rotationMatrix": [-0.305321, 0.95225, 0.0, -0.95225, -0.305321, 0.0, 0.0, 0.0, 1.0], "scale": 0.751, "type": "olive_tree"}
{"ctxid": 0, "pos": [3097.525, -4023.567, 96.698], "rotationMatrix": [0.996403, -0.084746, 0.0, 0.084746, 0.996403, 0.0, 0.0, 0.0, 1.0], "scale": 0.719, "type": "olive_tree"}
{"ctxid": 0, "pos": [3087.165, -4019.543, 97.312], "rotationMatrix": [-0.991771, -0.128025, 0.0, 0.128025, -0.991771, 0.0, 0.0, 0.0, 1.0], "scale": 0.774, "type": "olive_tree"}
{"ctxid": 0, "pos": [3081.537, -4007.102, 97.616], "rotationMatrix": [-0.148253, 0.988949, 0.0, -0.988949, -0.148253, 0.0, 0.0, 0.0, 1.0], "scale": 0.714, "type": "olive_tree"}
{"ctxid": 0, "pos": [3082.362, -4026.532, 97.616], "rotationMatrix": [-0.090015, -0.99594, 0.0, 0.99594, -0.090015, 0.0, 0.0, 0.0, 1.0], "scale": 0.735, "type": "olive_tree"}
{"ctxid": 0, "pos": [3060.434, -4006.42, 98.836], "rotationMatrix": [0.8992, 0.437538, 0.0, -0.437538, 0.8992, 0.0, 0.0, 0.0, 1.0], "scale": 0.603, "type": "olive_tree"}
{"ctxid": 0, "pos": [3060.796, -4025.818, 98.836], "rotationMatrix": [-0.926058, -0.377381, 0.0, 0.377381, -0.926058, 0.0, 0.0, 0.0, 1.0], "scale": 0.714, "type": "olive_tree"}
{"ctxid": 0, "pos": [3054.926, -4008.34, 99.145], "rotationMatrix": [0.490928, 0.8712, 0.0, -0.8712, 0.490928, 0.0, 0.0, 0.0, 1.0], "scale": 0.917, "type": "olive_tree"}
{"ctxid": 0, "pos": [3055.291, -4020.621, 99.145], "rotationMatrix": [0.963074, 0.269236, 0.0, -0.269236, 0.963074, 0.0, 0.0, 0.0, 1.0], "scale": 0.813, "type": "olive_tree"}
{"ctxid": 0, "pos": [3055.521, -4025.89, 99.145], "rotationMatrix": [-0.867346, 0.497706, 0.0, -0.497706, -0.867346, 0.0, 0.0, 0.0, 1.0], "scale": 0.847, "type": "olive_tree"}
{"ctxid": 0, "pos": [3055.328, -4031.126, 99.145], "rotationMatrix": [0.152628, -0.988284, 0.0, 0.988284, 0.152628, 0.0, 0.0, 0.0, 1.0], "scale": 0.739, "type": "olive_tree"}
{"ctxid": 0, "pos": [3049.451, -4020.425, 99.46], "rotationMatrix": [-0.017265, 0.999851, 0.0, -0.999851, -0.017265, 0.0, 0.0, 0.0, 1.0], "scale": 0.606, "type": "olive_tree"}
{"ctxid": 0, "pos": [3049.692, -4020.811, 99.46], "rotationMatrix": [0.98937, -0.145423, 0.0, 0.145423, 0.98937, 0.0, 0.0, 0.0, 1.0], "scale": 0.743, "type": "olive_tree"}
{"ctxid": 0, "pos": [3044.298, -4020.145, 99.782], "rotationMatrix": [0.307215, 0.95164, 0.0, -0.95164, 0.307215, 0.0, 0.0, 0.0, 1.0], "scale": 0.984, "type": "olive_tree"}
{"ctxid": 0, "pos": [3044.776, -4025.205, 99.782], "rotationMatrix": [-0.394055, -0.919087, 0.0, 0.919087, -0.394055, 0.0, 0.0, 0.0, 1.0], "scale": 0.709, "type": "olive_tree"}
{"ctxid": 0, "pos": [3039.386, -4020.672, 100.113], "rotationMatrix": [0.349294, -0.937013, 0.0, 0.937013, 0.349294, 0.0, 0.0, 0.0, 1.0], "scale": 0.8, "type": "olive_tree"}
{"ctxid": 0, "pos": [3024.075, -4005.842, 101.18], "rotationMatrix": [-0.66225, 0.749283, 0.0, -0.749283, -0.66225, 0.0, 0.0, 0.0, 1.0], "scale": 0.828, "type": "olive_tree"}
{"ctxid": 0, "pos": [3019.087, -4005.577, 101.564], "rotationMatrix": [0.607222, 0.794532, 0.0, -0.794532, 0.607222, 0.0, 0.0, 0.0, 1.0], "scale": 0.609, "type": "olive_tree"}
{"ctxid": 0, "pos": [3011.867, -4019.188, 101.964], "rotationMatrix": [0.699254, 0.714873, 0.0, -0.714873, 0.699254, 0.0, 0.0, 0.0, 1.0], "scale": 0.702, "type": "olive_tree"}
{"ctxid": 0, "pos": [3013.313, -4005.755, 101.964], "rotationMatrix": [0.403005, -0.915198, 0.0, 0.915198, 0.403005, 0.0, 0.0, 0.0, 1.0], "scale": 0.783, "type": "olive_tree"}
{"ctxid": 0, "pos": [3011.628, -4018.208, 101.964], "rotationMatrix": [-0.193062, -0.981187, 0.0, 0.981187, -0.193062, 0.0, 0.0, 0.0, 1.0], "scale": 0.707, "type": "olive_tree"}
{"ctxid": 0, "pos": [3007.402, -4006.086, 102.38], "rotationMatrix": [0.961872, 0.273501, 0.0, -0.273501, 0.961872, 0.0, 0.0, 0.0, 1.0], "scale": 0.732, "type": "olive_tree"}
{"ctxid": 0, "pos": [2984.83, -4014.109, 104.285], "rotationMatrix": [-0.315167, -0.949036, 0.0, 0.949036, -0.315167, 0.0, 0.0, 0.0, 1.0], "scale": 0.565, "type": "olive_tree"}
{"ctxid": 0, "pos": [2984.443, -4015.851, 104.285], "rotationMatrix": [-0.922402, -0.386232, 0.0, 0.386232, -0.922402, 0.0, 0.0, 0.0, 1.0], "scale": 0.617, "type": "olive_tree"}
{"ctxid": 0, "pos": [2989.203, -3992.284, 104.285], "rotationMatrix": [0.295172, 0.955444, 0.0, -0.955444, 0.295172, 0.0, 0.0, 0.0, 1.0], "scale": 0.745, "type": "olive_tree"}
{"ctxid": 0, "pos": [2973.52, -4012.059, 105.279], "rotationMatrix": [0.999991, 0.004314, 0.0, -0.004314, 0.999991, 0.0, 0.0, 0.0, 1.0], "scale": 0.749, "type": "olive_tree"}
{"ctxid": 0, "pos": [2977.541, -3992.682, 105.279], "rotationMatrix": [0.998767, -0.049652, 0.0, 0.049652, 0.998767, 0.0, 0.0, 0.0, 1.0], "scale": 0.9, "type": "olive_tree"}
{"ctxid": 0, "pos": [2963.291, -4008.943, 106.287], "rotationMatrix": [0.997173, -0.075137, 0.0, 0.075137, 0.997173, 0.0, 0.0, 0.0, 1.0], "scale": 0.7, "type": "olive_tree"}
{"ctxid": 0, "pos": [2955.322, -3993.328, 107.294], "rotationMatrix": [-0.946749, -0.321973, 0.0, 0.321973, -0.946749, 0.0, 0.0, 0.0, 1.0], "scale": 0.722, "type": "olive_tree"}
{"ctxid": 0, "pos": [2935.407, -4003.289, 108.811], "rotationMatrix": [-0.998486, -0.055006, 0.0, 0.055006, -0.998486, 0.0, 0.0, 0.0, 1.0], "scale": 0.803, "type": "olive_tree"}
{"ctxid": 0, "pos": [2928.671, -4010.088, 109.286], "rotationMatrix": [0.321818, 0.946802, 0.0, -0.946802, 0.321818, 0.0, 0.0, 0.0, 1.0], "scale": 0.666, "type": "olive_tree"}
{"ctxid": 0, "pos": [2901.96, -4001.182, 110.594], "rotationMatrix": [0.88873, 0.45843, 0.0, -0.45843, 0.88873, 0.0, 0.0, 0.0, 1.0], "scale": 0.561, "type": "olive_tree"}
{"ctxid": 0, "pos": [2907.376, -3981.299, 110.594], "rotationMatrix": [-0.298944, -0.954271, 0.0, 0.954271, -0.298944, 0.0, 0.0, 0.0, 1.0], "scale": 0.594, "type": "olive_tree"}
{"ctxid": 0, "pos": [2900.986, -3981.227, 110.942], "rotationMatrix": [0.349228, -0.937038, 0.0, 0.937038, 0.349228, 0.0, 0.0, 0.0, 1.0], "scale": 0.66, "type": "olive_tree"}
{"ctxid": 0, "pos": [2885.589, -3987.216, 111.524], "rotationMatrix": [-0.980924, 0.194393, 0.0, -0.194393, -0.980924, 0.0, 0.0, 0.0, 1.0], "scale": 0.709, "type": "olive_tree"}
{"ctxid": 0, "pos": [2883.79, -3989.43, 111.524], "rotationMatrix": [-0.926917, 0.375266, 0.0, -0.375266, -0.926917, 0.0, 0.0, 0.0, 1.0], "scale": 0.765, "type": "olive_tree"}
{"ctxid": 0, "pos": [2878.046, -3963.293, 113.302], "rotationMatrix": [0.692066, 0.721834, 0.0, -0.721834, 0.692066, 0.0, 0.0, 0.0, 1.0], "scale": 0.762, "type": "olive_tree"}
{"ctxid": 0, "pos": [2868.641, -3962.678, 113.302], "rotationMatrix": [0.630227, -0.776411, 0.0, 0.776411, 0.630227, 0.0, 0.0, 0.0, 1.0], "scale": 0.881, "type": "olive_tree"}
{"ctxid": 0, "pos": [2898.416, -3965.033, 113.302], "rotationMatrix": [0.999369, 0.035511, 0.0, -0.035511, 0.999369, 0.0, 0.0, 0.0, 1.0], "scale": 0.856, "type": "olive_tree"}
{"ctxid": 0, "pos": [2880.237, -3946.932, 114.644], "rotationMatrix": [-0.569144, 0.822238, 0.0, -0.822238, -0.569144, 0.0, 0.0, 0.0, 1.0], "scale": 0.731, "type": "olive_tree"}
{"ctxid": 0, "pos": [2889.267, -3930.233, 116.282], "rotationMatrix": [-0.471778, -0.881717, 0.0, 0.881717, -0.471778, 0.0, 0.0, 0.0, 1.0], "scale": 0.622, "type": "olive_tree"}
{"ctxid": 0, "pos": [2880.878, -3925.93, 116.282], "rotationMatrix": [-0.56736, -0.82347, 0.0, 0.82347, -0.56736, 0.0, 0.0, 0.0, 1.0], "scale": 0.594, "type": "olive_tree"}
{"ctxid": 0, "pos": [2906.092, -3928.443, 117.167], "rotationMatrix": [-0.403306, -0.915065, 0.0, 0.915065, -0.403306, 0.0, 0.0, 0.0, 1.0], "scale": 0.794, "type": "olive_tree"}
{"ctxid": 0, "pos": [2909.555, -3930.802, 117.167], "rotationMatrix": [-0.826178, 0.563408, 0.0, -0.563408, -0.826178, 0.0, 0.0, 0.0, 1.0], "scale": 0.716, "type": "olive_tree"}
{"ctxid": 0, "pos": [2909.255, -3924.213, 117.643], "rotationMatrix": [-0.132505, 0.991182, 0.0, -0.991182, -0.132505, 0.0, 0.0, 0.0, 1.0], "scale": 0.767, "type": "olive_tree"}
{"ctxid": 0, "pos": [2917.848, -3917.594, 118.608], "rotationMatrix": [0.535146, -0.84476, 0.0, 0.84476, 0.535146, 0.0, 0.0, 0.0, 1.0], "scale": 0.663, "type": "olive_tree"}
{"ctxid": 0, "pos": [2904.605, -3901.26, 119.084], "rotationMatrix": [0.064837, -0.997896, 0.0, 0.997896, 0.064837, 0.0, 0.0, 0.0, 1.0], "scale": 0.512, "type": "olive_tree"}
{"ctxid": 0, "pos": [2928.869, -3913.739, 119.559], "rotationMatrix": [0.346227, 0.938151, 0.0, -0.938151, 0.346227, 0.0, 0.0, 0.0, 1.0], "scale": 0.643, "type": "olive_tree"}
{"ctxid": 0, "pos": [2922.745, -3908.712, 119.559], "rotationMatrix": [0.506012, -0.862526, 0.0, 0.862526, 0.506012, 0.0, 0.0, 0.0, 1.0], "scale": 0.586, "type": "olive_tree"}
{"ctxid": 0, "pos": [2924.42, -3903.481, 120.035], "rotationMatrix": [-0.655941, 0.754812, 0.0, -0.754812, -0.655941, 0.0, 0.0, 0.0, 1.0], "scale": 0.81, "type": "olive_tree"}
{"ctxid": 0, "pos": [2911.105, -3892.574, 120.035], "rotationMatrix": [0.305929, 0.952054, 0.0, -0.952054, 0.305929, 0.0, 0.0, 0.0, 1.0], "scale": 0.688, "type": "olive_tree"}
{"ctxid": 0, "pos": [2921.717, -3887.166, 120.996], "rotationMatrix": [-0.24898, -0.968509, 0.0, 0.968509, -0.24898, 0.0, 0.0, 0.0, 1.0], "scale": 0.766, "type": "olive_tree"}
{"ctxid": 0, "pos": [2934.159, -3898.394, 120.996], "rotationMatrix": [0.480522, -0.876983, 0.0, 0.876983, 0.480522, 0.0, 0.0, 0.0, 1.0], "scale": 0.75, "type": "olive_tree"}
{"ctxid": 0, "pos": [2933.868, -3890.771, 121.478], "rotationMatrix": [0.80101, -0.598652, 0.0, 0.598652, 0.80101, 0.0, 0.0, 0.0, 1.0], "scale": 0.657, "type": "olive_tree"}
{"ctxid": 0, "pos": [2928.099, -3878.052, 121.964], "rotationMatrix": [0.466286, 0.884634, 0.0, -0.884634, 0.466286, 0.0, 0.0, 0.0, 1.0], "scale": 0.685, "type": "olive_tree"}
{"ctxid": 0, "pos": [2941.457, -3891.172, 121.964], "rotationMatrix": [-0.077852, 0.996965, 0.0, -0.996965, -0.077852, 0.0, 0.0, 0.0, 1.0], "scale": 0.818, "type": "olive_tree"}
{"ctxid": 0, "pos": [2940.94, -3866.142, 123.438], "rotationMatrix": [0.297239, 0.954803, 0.0, -0.954803, 0.297239, 0.0, 0.0, 0.0, 1.0], "scale": 0.648, "type": "olive_tree"}
{"ctxid": 0, "pos": [2949.366, -3876.185, 123.438], "rotationMatrix": [0.936058, 0.351845, 0.0, -0.351845, 0.936058, 0.0, 0.0, 0.0, 1.0], "scale": 0.663, "type": "olive_tree"}
{"ctxid": 0, "pos": [2958.194, -3869.991, 124.432], "rotationMatrix": [0.123266, 0.992374, 0.0, -0.992374, 0.123266, 0.0, 0.0, 0.0, 1.0], "scale": 0.642, "type": "olive_tree"}
{"ctxid": 0, "pos": [2966.841, -3862.559, 125.047], "rotationMatrix": [-0.126573, 0.991957, 0.0, -0.991957, -0.126573, 0.0, 0.0, 0.0, 1.0], "scale": 0.865, "type": "olive_tree"}
{"ctxid": 0, "pos": [2967.066, -3863.512, 125.047], "rotationMatrix": [-0.91395, -0.405826, 0.0, 0.405826, -0.91395, 0.0, 0.0, 0.0, 1.0], "scale": 0.781, "type": "olive_tree"}
{"ctxid": 0, "pos": [2988.287, -3854.199, 125.682], "rotationMatrix": [0.987595, -0.157021, 0.0, 0.157021, 0.987595, 0.0, 0.0, 0.0, 1.0], "scale": 0.714, "type": "olive_tree"}
{"ctxid": 0, "pos": [2981.165, -3831.454, 125.932], "rotationMatrix": [0.597501, -0.801868, 0.0, 0.801868, 0.597501, 0.0, 0.0, 0.0, 1.0], "scale": 0.647, "type": "olive_tree"}
{"ctxid": 0, "pos": [2991.252, -3841.864, 125.932], "rotationMatrix": [0.290495, 0.956877, 0.0, -0.956877, 0.290495, 0.0, 0.0, 0.0, 1.0], "scale": 0.72, "type": "olive_tree"}
{"ctxid": 0, "pos": [3002.681, -3831.612, 126.303], "rotationMatrix": [0.087252, 0.996186, 0.0, -0.996186, 0.087252, 0.0, 0.0, 0.0, 1.0], "scale": 0.757, "type": "olive_tree"}
{"ctxid": 0, "pos": [3007.254, -3822.6, 126.57], "rotationMatrix": [-0.844609, -0.535383, 0.0, 0.535383, -0.844609, 0.0, 0.0, 0.0, 1.0], "scale": 0.631, "type": "olive_tree"}
{"ctxid": 0, "pos": [3006.714, -3822.746, 126.57], "rotationMatrix": [0.842412, -0.538833, 0.0, 0.538833, 0.842412, 0.0, 0.0, 0.0, 1.0], "scale": 0.834, "type": "olive_tree"}
{"ctxid": 0, "pos": [3015.711, -3810.449, 127.028], "rotationMatrix": [0.63734, 0.770582, 0.0, -0.770582, 0.63734, 0.0, 0.0, 0.0, 1.0], "scale": 0.799, "type": "olive_tree"}
{"ctxid": 0, "pos": [3020.478, -3782.05, 128.52], "rotationMatrix": [0.172053, 0.985088, 0.0, -0.985088, 0.172053, 0.0, 0.0, 0.0, 1.0], "scale": 0.569, "type": "olive_tree"}
{"ctxid": 0, "pos": [3002.829, -3779.662, 129.031], "rotationMatrix": [-0.999999, -0.00172, 0.0, 0.00172, -0.999999, 0.0, 0.0, 0.0, 1.0], "scale": 0.561, "type": "olive_tree"}
{"ctxid": 0, "pos": [3000.856, -3779.167, 129.031], "rotationMatrix": [-0.721121, 0.692809, 0.0, -0.692809, -0.721121, 0.0, 0.0, 0.0, 1.0], "scale": 0.755, "type": "olive_tree"}
{"ctxid": 0, "pos": [3012.262, -3765.119, 129.712], "rotationMatrix": [-0.359099, 0.933299, 0.0, -0.933299, -0.359099, 0.0, 0.0, 0.0, 1.0], "scale": 0.674, "type": "olive_tree"}
{"ctxid": 0, "pos": [2993.042, -3762.914, 130.526], "rotationMatrix": [0.29006, 0.957008, 0.0, -0.957008, 0.29006, 0.0, 0.0, 0.0, 1.0], "scale": 0.698, "type": "olive_tree"}
{"ctxid": 0, "pos": [3004.825, -3744.943, 131.446], "rotationMatrix": [-0.637423, -0.770514, 0.0, 0.770514, -0.637423, 0.0, 0.0, 0.0, 1.0], "scale": 0.658, "type": "olive_tree"}
{"ctxid": 0, "pos": [2988.786, -3746.699, 131.911], "rotationMatrix": [-0.114278, 0.993449, 0.0, -0.993449, -0.114278, 0.0, 0.0, 0.0, 1.0], "scale": 0.689, "type": "olive_tree"}
{"ctxid": 0, "pos": [2988.213, -3746.6, 131.911], "rotationMatrix": [-0.967788, -0.251766, 0.0, 0.251766, -0.967788, 0.0, 0.0, 0.0, 1.0], "scale": 0.99, "type": "olive_tree"}
{"ctxid": 0, "pos": [2988.307, -3746.463, 131.911], "rotationMatrix": [0.143261, 0.989685, 0.0, -0.989685, 0.143261, 0.0, 0.0, 0.0, 1.0], "scale": 0.751, "type": "olive_tree"}
{"ctxid": 0, "pos": [3007.376, -3737.304, 131.911], "rotationMatrix": [-0.963755, -0.266788, 0.0, 0.266788, -0.963755, 0.0, 0.0, 0.0, 1.0], "scale": 0.695, "type": "olive_tree"}
{"ctxid": 0, "pos": [2985.051, -3735.847, 132.758], "rotationMatrix": [0.764446, 0.644688, 0.0, -0.644688, 0.764446, 0.0, 0.0, 0.0, 1.0], "scale": 0.872, "type": "olive_tree"}
{"ctxid": 0, "pos": [2995.244, -3730.234, 132.758], "rotationMatrix": [-0.996166, -0.087486, 0.0, 0.087486, -0.996166, 0.0, 0.0, 0.0, 1.0], "scale": 0.704, "type": "olive_tree"}
{"ctxid": 0, "pos": [2996.857, -3729.013, 132.758], "rotationMatrix": [-0.961302, -0.275497, 0.0, 0.275497, -0.961302, 0.0, 0.0, 0.0, 1.0], "scale": 0.783, "type": "olive_tree"}
{"ctxid": 0, "pos": [2976.002, -3735.115, 133.147], "rotationMatrix": [-0.911483, 0.411337, 0.0, -0.411337, -0.911483, 0.0, 0.0, 0.0, 1.0], "scale": 0.915, "type": "olive_tree"}
{"ctxid": 0, "pos": [2995.233, -3722.718, 133.147], "rotationMatrix": [0.873699, 0.486467, 0.0, -0.486467, 0.873699, 0.0, 0.0, 0.0, 1.0], "scale": 0.793, "type": "olive_tree"}
{"ctxid": 0, "pos": [2977.598, -3727.417, 133.526], "rotationMatrix": [-0.967647, -0.252309, 0.0, 0.252309, -0.967647, 0.0, 0.0, 0.0, 1.0], "scale": 0.612, "type": "olive_tree"}
{"ctxid": 0, "pos": [2989.097, -3719.855, 133.526], "rotationMatrix": [-0.542694, -0.839931, 0.0, 0.839931, -0.542694, 0.0, 0.0, 0.0, 1.0], "scale": 0.802, "type": "olive_tree"}
{"ctxid": 0, "pos": [2975.852, -3723.337, 133.895], "rotationMatrix": [-0.083204, -0.996533, 0.0, 0.996533, -0.083204, 0.0, 0.0, 0.0, 1.0], "scale": 0.821, "type": "olive_tree"}
{"ctxid": 0, "pos": [2989.122, -3713.31, 133.895], "rotationMatrix": [0.789351, 0.613942, 0.0, -0.613942, 0.789351, 0.0, 0.0, 0.0, 1.0], "scale": 0.748, "type": "olive_tree"}
{"ctxid": 0, "pos": [2968.996, -3717.122, 134.581], "rotationMatrix": [0.9892, 0.146575, 0.0, -0.146575, 0.9892, 0.0, 0.0, 0.0, 1.0], "scale": 0.933, "type": "olive_tree"}
{"ctxid": 0, "pos": [2963.633, -3721.229, 134.581], "rotationMatrix": [0.846513, 0.532369, 0.0, -0.532369, 0.846513, 0.0, 0.0, 0.0, 1.0], "scale": 0.636, "type": "olive_tree"}
{"ctxid": 0, "pos": [2988.271, -3702.503, 134.581], "rotationMatrix": [0.457718, -0.889097, 0.0, 0.889097, 0.457718, 0.0, 0.0, 0.0, 1.0], "scale": 0.715, "type": "olive_tree"}
{"ctxid": 0, "pos": [2973.495, -3700.069, 135.238], "rotationMatrix": [0.466058, -0.884754, 0.0, 0.884754, 0.466058, 0.0, 0.0, 0.0, 1.0], "scale": 0.856, "type": "olive_tree"}
{"ctxid": 0, "pos": [2965.759, -3694.363, 135.965], "rotationMatrix": [-0.685021, -0.728524, 0.0, 0.728524, -0.685021, 0.0, 0.0, 0.0, 1.0], "scale": 0.802, "type": "olive_tree"}
{"ctxid": 0, "pos": [2966.216, -3695.771, 135.965], "rotationMatrix": [-0.017358, -0.999849, 0.0, 0.999849, -0.017358, 0.0, 0.0, 0.0, 1.0], "scale": 0.82, "type": "olive_tree"}
{"ctxid": 0, "pos": [2949.559, -3709.912, 136.72], "rotationMatrix": [0.988829, -0.149058, 0.0, 0.149058, 0.988829, 0.0, 0.0, 0.0, 1.0], "scale": 0.588, "type": "olive_tree"}
{"ctxid": 0, "pos": [2944.506, -3699.67, 137.489], "rotationMatrix": [-0.860478, -0.509487, 0.0, 0.509487, -0.860478, 0.0, 0.0, 0.0, 1.0], "scale": 0.965, "type": "olive_tree"}
{"ctxid": 0, "pos": [2948.712, -3687.805, 137.489], "rotationMatrix": [-0.205504, 0.978656, 0.0, -0.978656, -0.205504, 0.0, 0.0, 0.0, 1.0], "scale": 0.763, "type": "olive_tree"}
{"ctxid": 0, "pos": [2937.021, -3697.133, 138.279], "rotationMatrix": [0.876296, -0.481773, 0.0, 0.481773, 0.876296, 0.0, 0.0, 0.0, 1.0], "scale": 0.673, "type": "olive_tree"}
{"ctxid": 0, "pos": [2920.288, -3680.899, 139.992], "rotationMatrix": [0.275161, 0.961398, 0.0, -0.961398, 0.275161, 0.0, 0.0, 0.0, 1.0], "scale": 0.684, "type": "olive_tree"}
{"ctxid": 0, "pos": [2914.889, -3680.982, 140.46], "rotationMatrix": [-0.998721, -0.050564, 0.0, 0.050564, -0.998721, 0.0, 0.0, 0.0, 1.0], "scale": 0.749, "type": "olive_tree"}
{"ctxid": 0, "pos": [2916.293, -3676.169, 140.46], "rotationMatrix": [-0.074076, -0.997253, 0.0, 0.997253, -0.074076, 0.0, 0.0, 0.0, 1.0], "scale": 0.843, "type": "olive_tree"}
{"ctxid": 0, "pos": [2912.57, -3701.387, 140.46], "rotationMatrix": [0.730995, 0.682383, 0.0, -0.682383, 0.730995, 0.0, 0.0, 0.0, 1.0], "scale": 0.85, "type": "olive_tree"}
{"ctxid": 0, "pos": [2906.493, -3703.983, 140.927], "rotationMatrix": [0.650068, -0.759876, 0.0, 0.759876, 0.650068, 0.0, 0.0, 0.0, 1.0], "scale": 0.767, "type": "olive_tree"}
{"ctxid": 0, "pos": [2911.068, -3675.397, 140.927], "rotationMatrix": [0.568768, -0.822498, 0.0, 0.822498, 0.568768, 0.0, 0.0, 0.0, 1.0], "scale": 0.86, "type": "olive_tree"}
{"ctxid": 0, "pos": [2907.952, -3697.238, 140.927], "rotationMatrix": [0.849917, 0.526916, 0.0, -0.526916, 0.849917, 0.0, 0.0, 0.0, 1.0], "scale": 0.656, "type": "olive_tree"}
{"ctxid": 0, "pos": [2905.681, -3672.743, 141.392], "rotationMatrix": [-0.450694, 0.892679, 0.0, -0.892679, -0.450694, 0.0, 0.0, 0.0, 1.0], "scale": 0.874, "type": "olive_tree"}
{"ctxid": 0, "pos": [2899.514, -3678.992, 141.857], "rotationMatrix": [-0.139942, 0.99016, 0.0, -0.99016, -0.139942, 0.0, 0.0, 0.0, 1.0], "scale": 0.688, "type": "olive_tree"}
{"ctxid": 0, "pos": [2895.309, -3678.025, 142.322], "rotationMatrix": [-0.930323, 0.366742, 0.0, -0.366742, -0.930323, 0.0, 0.0, 0.0, 1.0], "scale": 0.865, "type": "olive_tree"}
{"ctxid": 0, "pos": [2891.489, -3699.1, 142.322], "rotationMatrix": [0.241051, 0.970512, 0.0, -0.970512, 0.241051, 0.0, 0.0, 0.0, 1.0], "scale": 0.612, "type": "olive_tree"}
{"ctxid": 0, "pos": [2884.531, -3676.183, 143.252], "rotationMatrix": [-0.099019, -0.995086, 0.0, 0.995086, -0.099019, 0.0, 0.0, 0.0, 1.0], "scale": 0.59, "type": "olive_tree"}
{"ctxid": 0, "pos": [2877.491, -3688.552, 143.716], "rotationMatrix": [-0.999754, 0.022173, 0.0, -0.022173, -0.999754, 0.0, 0.0, 0.0, 1.0], "scale": 0.629, "type": "olive_tree"}
{"ctxid": 0, "pos": [2874.646, -3673.536, 144.178], "rotationMatrix": [0.145387, 0.989375, 0.0, -0.989375, 0.145387, 0.0, 0.0, 0.0, 1.0], "scale": 0.937, "type": "olive_tree"}
{"ctxid": 0, "pos": [2871.937, -3689.6, 144.178], "rotationMatrix": [0.169371, 0.985552, 0.0, -0.985552, 0.169371, 0.0, 0.0, 0.0, 1.0], "scale": 0.818, "type": "olive_tree"}
{"ctxid": 0, "pos": [2866.989, -3688.975, 144.639], "rotationMatrix": [0.949123, 0.314905, 0.0, -0.314905, 0.949123, 0.0, 0.0, 0.0, 1.0], "scale": 0.705, "type": "olive_tree"}
{"ctxid": 0, "pos": [2855.474, -3670.431, 146.016], "rotationMatrix": [-0.741846, 0.670571, 0.0, -0.670571, -0.741846, 0.0, 0.0, 0.0, 1.0], "scale": 0.801, "type": "olive_tree"}
{"ctxid": 0, "pos": [2848.484, -3657.577, 146.93], "rotationMatrix": [-0.900845, -0.43414, 0.0, 0.43414, -0.900845, 0.0, 0.0, 0.0, 1.0], "scale": 0.649, "type": "olive_tree"}
{"ctxid": 0, "pos": [2826.871, -3675.981, 148.23], "rotationMatrix": [0.857717, -0.514123, 0.0, 0.514123, 0.857717, 0.0, 0.0, 0.0, 1.0], "scale": 0.573, "type": "olive_tree"}
{"ctxid": 0, "pos": [2822.43, -3673.99, 148.62], "rotationMatrix": [-0.874132, 0.485688, 0.0, -0.485688, -0.874132, 0.0, 0.0, 0.0, 1.0], "scale": 0.681, "type": "olive_tree"}
{"ctxid": 0, "pos": [2817.94, -3671.488, 149.015], "rotationMatrix": [-0.979347, 0.202186, 0.0, -0.202186, -0.979347, 0.0, 0.0, 0.0, 1.0], "scale": 0.778, "type": "olive_tree"}
{"ctxid": 0, "pos": [2812.858, -3670.311, 149.417], "rotationMatrix": [0.98013, -0.198358, 0.0, 0.198358, 0.98013, 0.0, 0.0, 0.0, 1.0], "scale": 0.641, "type": "olive_tree"}
{"ctxid": 0, "pos": [2817.014, -3647.35, 149.827], "rotationMatrix": [0.916672, -0.399639, 0.0, 0.399639, 0.916672, 0.0, 0.0, 0.0, 1.0], "scale": 0.538, "type": "olive_tree"}
{"ctxid": 0, "pos": [2808.062, -3654.982, 150.245], "rotationMatrix": [-0.965316, -0.261083, 0.0, 0.261083, -0.965316, 0.0, 0.0, 0.0, 1.0], "scale": 0.653, "type": "olive_tree"}
{"ctxid": 0, "pos": [2812.14, -3644.634, 150.245], "rotationMatrix": [-0.894521, 0.447026, 0.0, -0.447026, -0.894521, 0.0, 0.0, 0.0, 1.0], "scale": 0.864, "type": "olive_tree"}
{"ctxid": 0, "pos": [2803.528, -3653.32, 150.668], "rotationMatrix": [-0.880424, 0.474187, 0.0, -0.474187, -0.880424, 0.0, 0.0, 0.0, 1.0], "scale": 0.824, "type": "olive_tree"}
{"ctxid": 0, "pos": [2797.922, -3651.323, 151.095], "rotationMatrix": [-0.715828, -0.698276, 0.0, 0.698276, -0.715828, 0.0, 0.0, 0.0, 1.0], "scale": 0.843, "type": "olive_tree"}
{"ctxid": 0, "pos": [2800.005, -3645.751, 151.095], "rotationMatrix": [-0.096432, 0.99534, 0.0, -0.99534, -0.096432, 0.0, 0.0, 0.0, 1.0], "scale": 0.614, "type": "olive_tree"}
{"ctxid": 0, "pos": [2793.824, -3649.663, 151.525], "rotationMatrix": [-0.710398, 0.7038, 0.0, -0.7038, -0.710398, 0.0, 0.0, 0.0, 1.0], "scale": 0.921, "type": "olive_tree"}
{"ctxid": 0, "pos": [2788.719, -3646.669, 151.957], "rotationMatrix": [0.886385, 0.462949, 0.0, -0.462949, 0.886385, 0.0, 0.0, 0.0, 1.0], "scale": 0.634, "type": "olive_tree"}
{"ctxid": 0, "pos": [2782.942, -3662.801, 151.957], "rotationMatrix": [-0.957995, -0.286785, 0.0, 0.286785, -0.957995, 0.0, 0.0, 0.0, 1.0], "scale": 0.932, "type": "olive_tree"}
{"ctxid": 0, "pos": [2780.2, -3642.213, 152.812], "rotationMatrix": [-0.99659, 0.082516, 0.0, -0.082516, -0.99659, 0.0, 0.0, 0.0, 1.0], "scale": 0.725, "type": "olive_tree"}
{"ctxid": 0, "pos": [2780.678, -3641.692, 152.812], "rotationMatrix": [-0.992236, -0.124369, 0.0, 0.124369, -0.992236, 0.0, 0.0, 0.0, 1.0], "scale": 0.662, "type": "olive_tree"}
{"ctxid": 0, "pos": [2774.711, -3641.819, 153.234], "rotationMatrix": [0.23143, 0.972852, 0.0, -0.972852, 0.23143, 0.0, 0.0, 0.0, 1.0], "scale": 0.706, "type": "olive_tree"}
{"ctxid": 0, "pos": [2761.902, -3660.658, 153.657], "rotationMatrix": [0.973039, 0.230641, 0.0, -0.230641, 0.973039, 0.0, 0.0, 0.0, 1.0], "scale": 0.725, "type": "olive_tree"}
{"ctxid": 0, "pos": [2755.646, -3633.644, 154.944], "rotationMatrix": [0.324692, 0.94582, 0.0, -0.94582, 0.324692, 0.0, 0.0, 0.0, 1.0], "scale": 0.82, "type": "olive_tree"}
{"ctxid": 0, "pos": [2750.713, -3632.015, 155.374], "rotationMatrix": [-0.824353, -0.566077, 0.0, 0.566077, -0.824353, 0.0, 0.0, 0.0, 1.0], "scale": 0.802, "type": "olive_tree"}
{"ctxid": 0, "pos": [2738.554, -3648.638, 155.795], "rotationMatrix": [-0.98742, 0.158122, 0.0, -0.158122, -0.98742, 0.0, 0.0, 0.0, 1.0], "scale": 0.636, "type": "olive_tree"}
{"ctxid": 0, "pos": [2736.865, -3640.134, 156.199], "rotationMatrix": [0.321309, 0.946974, 0.0, -0.946974, 0.321309, 0.0, 0.0, 0.0, 1.0], "scale": 0.889, "type": "olive_tree"}
{"ctxid": 0, "pos": [2744.386, -3618.991, 156.199], "rotationMatrix": [0.136108, 0.990694, 0.0, -0.990694, 0.136108, 0.0, 0.0, 0.0, 1.0], "scale": 0.805, "type": "olive_tree"}
{"ctxid": 0, "pos": [2731.415, -3639.996, 156.59], "rotationMatrix": [-0.785243, -0.619187, 0.0, 0.619187, -0.785243, 0.0, 0.0, 0.0, 1.0], "scale": 0.5, "type": "olive_tree"}
{"ctxid": 0, "pos": [2726.476, -3637.846, 156.979], "rotationMatrix": [-0.17736, 0.984146, 0.0, -0.984146, -0.17736, 0.0, 0.0, 0.0, 1.0], "scale": 0.573, "type": "olive_tree"}
{"ctxid": 0, "pos": [2707.682, -3629.083, 158.676], "rotationMatrix": [-0.952736, 0.3038, 0.0, -0.3038, -0.952736, 0.0, 0.0, 0.0, 1.0], "scale": 0.722, "type": "olive_tree"}
{"ctxid": 0, "pos": [2705.693, -3635.032, 158.676], "rotationMatrix": [0.517863, -0.855463, 0.0, 0.855463, 0.517863, 0.0, 0.0, 0.0, 1.0], "scale": 0.534, "type": "olive_tree"}
{"ctxid": 0, "pos": [2698.735, -3609.798, 160.053], "rotationMatrix": [-0.464467, 0.885591, 0.0, -0.885591, -0.464467, 0.0, 0.0, 0.0, 1.0], "scale": 0.663, "type": "olive_tree"}
{"ctxid": 0, "pos": [2692.657, -3626.005, 160.053], "rotationMatrix": [0.347383, 0.937723, 0.0, -0.937723, 0.347383, 0.0, 0.0, 0.0, 1.0], "scale": 0.553, "type": "olive_tree"}
