{"ctxid": 0, "pos": [3537.325, -4403.129, 73.315], "rotationMatrix": [0.743421, -0.668823, 0.0, 0.668823, 0.743421, 0.0, 0.0, 0.0, 1.0], "scale": 0.592, "type": "scraggly_tree_2"}
{"ctxid": 0, "pos": [3521.831, -4394.725, 73.637], "rotationMatrix": [0.998277, 0.058676, 0.0, -0.058676, 0.998277, 0.0, 0.0, 0.0, 1.0], "scale": 0.974, "type": "scraggly_tree_2"}
{"ctxid": 0, "pos": [3508.412, -4406.066, 73.637], "rotationMatrix": [-0.914927, 0.40362, 0.0, -0.40362, -0.914927, 0.0, 0.0, 0.0, 1.0], "scale": 1.303, "type": "scraggly_tree_2"}
{"ctxid": 0, "pos": [3504.518, -4407.371, 73.587], "rotationMatrix": [-0.017289, 0.999851, 0.0, -0.999851, -0.017289, 0.0, 0.0, 0.0, 1.0], "scale": 1.769, "type": "scraggly_tree_2"}
{"ctxid": 0, "pos": [3506.307, -4400.009, 73.75], "rotationMatrix": [0.899559, -0.436798, 0.0, 0.436798, 0.899559, 0.0, 0.0, 0.0, 1.0], "scale": 0.866, "type": "scraggly_tree_2"}
{"ctxid": 0, "pos": [3450.798, -4285.676, 76.131], "rotationMatrix": [0.032645, -0.999467, 0.0, 0.999467, 0.032645, 0.0, 0.0, 0.0, 1.0], "scale": 0.736, "type": "scraggly_tree_2"}
{"ctxid": 0, "pos": [3379.594, -4229.182, 77.969], "rotationMatrix": [0.122741, -0.992439, 0.0, 0.992439, 0.122741, 0.0, 0.0, 0.0, 1.0], "scale": 0.654, "type": "scraggly_tree_2"}
{"ctxid": 0, "pos": [3389.153, -4202.011, 78.204], "rotationMatrix": [0.483393, 0.875404, 0.0, -0.875404, 0.483393, 0.0, 0.0, 0.0, 1.0], "scale": 0.645, "type": "scraggly_tree_2"}
{"ctxid": 0, "pos": [3374.551, -4200.135, 78.428], "rotationMatrix": [0.054699, 0.998503, 0.0, -0.998503, 0.054699, 0.0, 0.0, 0.0, 1.0], "scale": 0.602, "type": "scraggly_tree_2"}
{"ctxid": 0, "pos": [3367.204, -4193.464, 78.77], "rotationMatrix": [-0.984566, 0.175012, 0.0, -0.175012, -0.984566, 0.0, 0.0, 0.0, 1.0], "scale": 0.64, "type": "scraggly_tree_2"}
{"ctxid": 0, "pos": [3354.951, -4176.503, 79.467], "rotationMatrix": [0.210601, -0.977572, 0.0, 0.977572, 0.210601, 0.0, 0.0, 0.0, 1.0], "scale": 0.533, "type": "scraggly_tree_2"}
{"ctxid": 0, "pos": [3341.788, -4180.36, 79.624], "rotationMatrix": [0.165076, -0.986281, 0.0, 0.986281, 0.165076, 0.0, 0.0, 0.0, 1.0], "scale": 0.702, "type": "scraggly_tree_2"}
{"ctxid": 0, "pos": [3356.219, -4169.131, 79.624], "rotationMatrix": [-0.570957, 0.82098, 0.0, -0.82098, -0.570957, 0.0, 0.0, 0.0, 1.0], "scale": 0.753, "type": "scraggly_tree_2"}
{"ctxid": 0, "pos": [3337.82, -4175.991, 79.748], "rotationMatrix": [-0.583792, 0.811903, 0.0, -0.811903, -0.583792, 0.0, 0.0, 0.0, 1.0], "scale": 0.763, "type": "scraggly_tree_2"}
{"ctxid": 0, "pos": [3329.523, -4176.109, 79.835], "rotationMatrix": [-0.011258, 0.999937, 0.0, -0.999937, -0.011258, 0.0, 0.0, 0.0, 1.0], "scale": 0.873, "type": "scraggly_tree_2"}
{"ctxid": 0, "pos": [3323.556, -4134.958, 81.582], "rotationMatrix": [-0.897099, 0.44183, 0.0, -0.44183, -0.897099, 0.0, 0.0, 0.0, 1.0], "scale": 0.981, "type": "scraggly_tree_2"}
{"ctxid": 0, "pos": [3323.209, -4123.412, 82.002], "rotationMatrix": [-0.133079, -0.991105, 0.0, 0.991105, -0.133079, 0.0, 0.0, 0.0, 1.0], "scale": 0.652, "type": "scraggly_tree_2"}
{"ctxid": 0, "pos": [3266.814, -4072.316, 83.393], "rotationMatrix": [0.402943, 0.915225, 0.0, -0.915225, 0.402943, 0.0, 0.0, 0.0, 1.0], "scale": 0.929, "type": "scraggly_tree_2"}
{"ctxid": 0, "pos": [3246.76, -4055.132, 83.593], "rotationMatrix": [-0.870785, 0.491665, 0.0, -0.491665, -0.870785, 0.0, 0.0, 0.0, 1.0], "scale": 0.742, "type": "scraggly_tree_2"}
{"ctxid": 0, "pos": [3246.198, -4043.86, 84.069], "rotationMatrix": [0.432738, 0.90152, 0.0, -0.90152, 0.432738, 0.0, 0.0, 0.0, 1.0], "scale": 0.653, "type": "scraggly_tree_2"}
{"ctxid": 0, "pos": [3238.341, -4049.835, 84.069], "rotationMatrix": [-0.989895, 0.141803, 0.0, -0.141803, -0.989895, 0.0, 0.0, 0.0, 1.0], "scale": 0.876, "type": "scraggly_tree_2"}
{"ctxid": 0, "pos": [3246.419, -4023.804, 85.33], "rotationMatrix": [0.897598, 0.440814, 0.0, -0.440814, 0.897598, 0.0, 0.0, 0.0, 1.0], "scale": 0.655, "type": "scraggly_tree_2"}
{"ctxid": 0, "pos": [3227.6, -4024.042, 86.235], "rotationMatrix": [0.717385, 0.696677, 0.0, -0.696677, 0.717385, 0.0, 0.0, 0.0, 1.0], "scale": 0.79, "type": "scraggly_tree_2"}
{"ctxid": 0, "pos": [3228.318, -4010.127, 86.416], "rotationMatrix": [-0.998011, -0.063042, 0.0, 0.063042, -0.998011, 0.0, 0.0, 0.0, 1.0], "scale": 0.909, "type": "scraggly_tree_2"}
{"ctxid": 0, "pos": [3176.303, -4017.731, 89.626], "rotationMatrix": [-0.899324, -0.437284, 0.0, 0.437284, -0.899324, 0.0, 0.0, 0.0, 1.0], "scale": 0.592, "type": "scraggly_tree_2"}
{"ctxid": 0, "pos": [3165.734, -4007.008, 90.549], "rotationMatrix": [-0.594372, 0.804191, 0.0, -0.804191, -0.594372, 0.0, 0.0, 0.0, 1.0], "scale": 0.796, "type": "scraggly_tree_2"}
{"ctxid": 0, "pos": [3166.007, -3998.108, 90.549], "rotationMatrix": [0.391718, 0.920085, 0.0, -0.920085, 0.391718, 0.0, 0.0, 0.0, 1.0], "scale": 0.5, "type": "scraggly_tree_2"}
{"ctxid": 0, "pos": [3150.504, -4006.546, 91.944], "rotationMatrix": [-0.381675, -0.924297, 0.0, 0.924297, -0.381675, 0.0, 0.0, 0.0, 1.0], "scale": 0.835, "type": "scraggly_tree_2"}
{"ctxid": 0, "pos": [3151.064, -4003.204, 91.944], "rotationMatrix": [-0.491851, -0.870679, 0.0, 0.870679, -0.491851, 0.0, 0.0, 0.0, 1.0], "scale": 0.884, "type": "scraggly_tree_2"}
{"ctxid": 0, "pos": [3108.364, -4006.801, 95.748], "rotationMatrix": [0.9979, 0.064777, 0.0, -0.064777, 0.9979, 0.0, 0.0, 0.0, 1.0], "scale": 0.83, "type": "scraggly_tree_2"}
{"ctxid": 0, "pos": [3103.19, -4019.943, 96.229], "rotationMatrix": [0.892557, 0.450935, 0.0, -0.450935, 0.892557, 0.0, 0.0, 0.0, 1.0], "scale": 0.685, "type": "scraggly_tree_2"}
{"ctxid": 0, "pos": [3092.598, -4021.484, 97.006], "rotationMatrix": [-0.018662, 0.999826, 0.0, -0.999826, -0.018662, 0.0, 0.0, 0.0, 1.0], "scale": 0.545, "type": "scraggly_tree_2"}
{"ctxid": 0, "pos": [3092.478, -4029.846, 97.006], "rotationMatrix": [0.503209, -0.864165, 0.0, 0.864165, 0.503209, 0.0, 0.0, 0.0, 1.0], "scale": 0.65, "type": "scraggly_tree_2"}
{"ctxid": 0, "pos": [3092.118, -3996.486, 97.006], "rotationMatrix": [-0.999467, -0.03266, 0.0, 0.03266, -0.999467, 0.0, 0.0, 0.0, 1.0], "scale": 0.566, "type": "scraggly_tree_2"}
{"ctxid": 0, "pos": [3065.516, -4007.25, 98.529], "rotationMatrix": [-0.841441, -0.540349, 0.0, 0.540349, -0.841441, 0.0, 0.0, 0.0, 1.0], "scale": 0.594, "type": "scraggly_tree_2"}
{"ctxid": 0, "pos": [3049.278, -3997.858, 99.46], "rotationMatrix": [0.911945, -0.410313, 0.0, 0.410313, 0.911945, 0.0, 0.0, 0.0, 1.0], "scale": 0.768, "type": "scraggly_tree_2"}
{"ctxid": 0, "pos": [3033.325, -4021.514, 100.455], "rotationMatrix": [-0.958181, -0.286163, 0.0, 0.286163, -0.958181, 0.0, 0.0, 0.0, 1.0], "scale": 0.823, "type": "scraggly_tree_2"}
{"ctxid": 0, "pos": [3027.873, -4021.271, 100.81], "rotationMatrix": [-0.631063, 0.775731, 0.0, -0.775731, -0.631063, 0.0, 0.0, 0.0, 1.0], "scale": 0.649, "type": "scraggly_tree_2"}
{"ctxid": 0, "pos": [2981.914, -4001.26, 104.778], "rotationMatrix": [0.99996, -0.008896, 0.0, 0.008896, 0.99996, 0.0, 0.0, 0.0, 1.0], "scale": 0.566, "type": "scraggly_tree_2"}
{"ctxid": 0, "pos": [2977.319, -3997.268, 105.279], "rotationMatrix": [0.969504, -0.245074, 0.0, 0.245074, 0.969504, 0.0, 0.0, 0.0, 1.0], "scale": 0.647, "type": "scraggly_tree_2"}
{"ctxid": 0, "pos": [2966.533, -4018.245, 105.783], "rotationMatrix": [-0.11777, 0.993041, 0.0, -0.993041, -0.11777, 0.0, 0.0, 0.0, 1.0], "scale": 0.901, "type": "scraggly_tree_2"}
{"ctxid": 0, "pos": [2961.105, -4014.126, 106.287], "rotationMatrix": [0.180708, -0.983537, 0.0, 0.983537, 0.180708, 0.0, 0.0, 0.0, 1.0], "scale": 0.557, "type": "scraggly_tree_2"}
{"ctxid": 0, "pos": [2946.385, -4007.659, 107.797], "rotationMatrix": [0.950015, -0.312204, 0.0, 0.312204, 0.950015, 0.0, 0.0, 0.0, 1.0], "scale": 0.587, "type": "scraggly_tree_2"}
{"ctxid": 0, "pos": [2949.408, -3992.941, 107.797], "rotationMatrix": [-0.24987, 0.968279, 0.0, -0.968279, -0.24987, 0.0, 0.0, 0.0, 1.0], "scale": 0.89, "type": "scraggly_tree_2"}
{"ctxid": 0, "pos": [2896.563, -3979.151, 111.248], "rotationMatrix": [0.814747, -0.579817, 0.0, 0.579817, 0.814747, 0.0, 0.0, 0.0, 1.0], "scale": 0.897, "type": "scraggly_tree_2"}
{"ctxid": 0, "pos": [2896.623, -3978.538, 111.248], "rotationMatrix": [-0.997178, 0.075071, 0.0, -0.075071, -0.997178, 0.0, 0.0, 0.0, 1.0], "scale": 0.821, "type": "scraggly_tree_2"}
{"ctxid": 0, "pos": [2880.315, -3947.283, 114.644], "rotationMatrix": [-0.983432, -0.181275, 0.0, 0.181275, -0.983432, 0.0, 0.0, 0.0, 1.0], "scale": 0.889, "type": "scraggly_tree_2"}
{"ctxid": 0, "pos": [2917.881, -3890.255, 120.515], "rotationMatrix": [-0.56306, 0.826416, 0.0, -0.826416, -0.56306, 0.0, 0.0, 0.0, 1.0], "scale": 0.73, "type": "scraggly_tree_2"}
{"ctxid": 0, "pos": [2945.489, -3880.259, 122.942], "rotationMatrix": [0.992603, 0.121403, 0.0, -0.121403, 0.992603, 0.0, 0.0, 0.0, 1.0], "scale": 0.895, "type": "scraggly_tree_2"}
{"ctxid": 0, "pos": [2970.714, -3859.264, 125.234], "rotationMatrix": [0.800934, 0.598753, 0.0, -0.598753, 0.800934, 0.0, 0.0, 0.0, 1.0], "scale": 0.728, "type": "scraggly_tree_2"}
{"ctxid": 0, "pos": [2974.619, -3855.013, 125.4], "rotationMatrix": [-0.454031, 0.890986, 0.0, -0.890986, -0.454031, 0.0, 0.0, 0.0, 1.0], "scale": 1.277, "type": "scraggly_tree_2"}
{"ctxid": 0, "pos": [2977.94, -3859.499, 125.35], "rotationMatrix": [-0.910992, 0.412424, 0.0, -0.412424, -0.910992, 0.0, 0.0, 0.0, 1.0], "scale": 1.356, "type": "scraggly_tree_2"}
{"ctxid": 0, "pos": [2970.876, -3828.085, 125.809], "rotationMatrix": [0.999617, 0.027689, 0.0, -0.027689, 0.999617, 0.0, 0.0, 0.0, 1.0], "scale": 0.712, "type": "scraggly_tree_2"}
{"ctxid": 0, "pos": [3008.765, -3799.074, 127.23], "rotationMatrix": [-0.839112, -0.543959, 0.0, 0.543959, -0.839112, 0.0, 0.0, 0.0, 1.0], "scale": 0.603, "type": "scraggly_tree_2"}
{"ctxid": 0, "pos": [3026.502, -3807.414, 127.23], "rotationMatrix": [0.914112, -0.405462, 0.0, 0.405462, 0.914112, 0.0, 0.0, 0.0, 1.0], "scale": 0.674, "type": "scraggly_tree_2"}
{"ctxid": 0, "pos": [2995.858, -3761.349, 130.526], "rotationMatrix": [-0.28402, 0.958818, 0.0, -0.958818, -0.28402, 0.0, 0.0, 0.0, 1.0], "scale": 0.602, "type": "scraggly_tree_2"}
{"ctxid": 0, "pos": [3002.995, -3745.161, 131.446], "rotationMatrix": [-0.688914, -0.724843, 0.0, 0.724843, -0.688914, 0.0, 0.0, 0.0, 1.0], "scale": 0.5, "type": "scraggly_tree_2"}
{"ctxid": 0, "pos": [2992.282, -3751.114, 131.446], "rotationMatrix": [-0.619013, 0.785381, 0.0, -0.785381, -0.619013, 0.0, 0.0, 0.0, 1.0], "scale": 0.545, "type": "scraggly_tree_2"}
{"ctxid": 0, "pos": [2996.338, -3728.302, 132.758], "rotationMatrix": [-0.862466, 0.506115, 0.0, -0.506115, -0.862466, 0.0, 0.0, 0.0, 1.0], "scale": 0.62, "type": "scraggly_tree_2"}
{"ctxid": 0, "pos": [2969.984, -3716.282, 134.581], "rotationMatrix": [-0.614875, -0.788624, 0.0, 0.788624, -0.614875, 0.0, 0.0, 0.0, 1.0], "scale": 0.753, "type": "scraggly_tree_2"}
{"ctxid": 0, "pos": [2965.029, -3710.239, 135.238], "rotationMatrix": [0.395098, 0.918639, 0.0, -0.918639, 0.395098, 0.0, 0.0, 0.0, 1.0], "scale": 0.874, "type": "scraggly_tree_2"}
{"ctxid": 0, "pos": [2957.13, -3690.86, 136.72], "rotationMatrix": [0.859812, -0.51061, 0.0, 0.51061, 0.859812, 0.0, 0.0, 0.0, 1.0], "scale": 0.749, "type": "scraggly_tree_2"}
{"ctxid": 0, "pos": [2939.676, -3684.418, 138.279], "rotationMatrix": [-0.474663, -0.880168, 0.0, 0.880168, -0.474663, 0.0, 0.0, 0.0, 1.0], "scale": 0.904, "type": "scraggly_tree_2"}
{"ctxid": 0, "pos": [2882.732, -3690.308, 143.252], "rotationMatrix": [0.393493, -0.919327, 0.0, 0.919327, 0.393493, 0.0, 0.0, 0.0, 1.0], "scale": 0.734, "type": "scraggly_tree_2"}
{"ctxid": 0, "pos": [2880.026, -3676.536, 143.716], "rotationMatrix": [-0.563495, 0.826119, 0.0, -0.826119, -0.563495, 0.0, 0.0, 0.0, 1.0], "scale": 0.9, "type": "scraggly_tree_2"}
{"ctxid": 0, "pos": [2860.341, -3695.208, 145.099], "rotationMatrix": [0.947816, -0.318819, 0.0, 0.318819, 0.947816, 0.0, 0.0, 0.0, 1.0], "scale": 0.81, "type": "scraggly_tree_2"}
{"ctxid": 0, "pos": [2849.92, -3669.695, 146.474], "rotationMatrix": [-0.040664, 0.999173, 0.0, -0.999173, -0.040664, 0.0, 0.0, 0.0, 1.0], "scale": 0.619, "type": "scraggly_tree_2"}
{"ctxid": 0, "pos": [2837.219, -3679.895, 147.387], "rotationMatrix": [0.849036, -0.528335, 0.0, 0.528335, 0.849036, 0.0, 0.0, 0.0, 1.0], "scale": 0.594, "type": "scraggly_tree_2"}
{"ctxid": 0, "pos": [2836.574, -3681.895, 147.387], "rotationMatrix": [-0.864975, 0.501816, 0.0, -0.501816, -0.864975, 0.0, 0.0, 0.0, 1.0], "scale": 0.665, "type": "scraggly_tree_2"}
{"ctxid": 0, "pos": [2821.269, -3674.836, 148.62], "rotationMatrix": [0.657673, -0.753304, 0.0, 0.753304, 0.657673, 0.0, 0.0, 0.0, 1.0], "scale": 0.596, "type": "scraggly_tree_2"}
{"ctxid": 0, "pos": [2803.299, -3666.436, 150.245], "rotationMatrix": [-0.991168, 0.13261, 0.0, -0.13261, -0.991168, 0.0, 0.0, 0.0, 1.0], "scale": 0.732, "type": "scraggly_tree_2"}
{"ctxid": 0, "pos": [2809.433, -3649.563, 150.245], "rotationMatrix": [0.94763, -0.31937, 0.0, 0.31937, 0.94763, 0.0, 0.0, 0.0, 1.0], "scale": 0.857, "type": "scraggly_tree_2"}
{"ctxid": 0, "pos": [2795.524, -3671.899, 150.668], "rotationMatrix": [0.794196, -0.607662, 0.0, 0.607662, 0.794196, 0.0, 0.0, 0.0, 1.0], "scale": 0.7, "type": "scraggly_tree_2"}
{"ctxid": 0, "pos": [2792.607, -3638.793, 151.957], "rotationMatrix": [-0.504649, 0.863325, 0.0, -0.863325, -0.504649, 0.0, 0.0, 0.0, 1.0], "scale": 0.83, "type": "scraggly_tree_2"}
{"ctxid": 0, "pos": [2759.546, -3652.774, 154.083], "rotationMatrix": [0.928439, 0.371484, 0.0, -0.371484, 0.928439, 0.0, 0.0, 0.0, 1.0], "scale": 0.931, "type": "scraggly_tree_2"}
{"ctxid": 0, "pos": [2756.078, -3632.217, 154.944], "rotationMatrix": [-0.798947, 0.601401, 0.0, -0.601401, -0.798947, 0.0, 0.0, 0.0, 1.0], "scale": 0.646, "type": "scraggly_tree_2"}
{"ctxid": 0, "pos": [2708.116, -3641.968, 158.227], "rotationMatrix": [-0.961153, 0.276017, 0.0, -0.276017, -0.961153, 0.0, 0.0, 0.0, 1.0], "scale": 0.674, "type": "scraggly_tree_2"}
{"ctxid": 0, "pos": [2703.107, -3628.318, 159.131], "rotationMatrix": [0.985299, 0.170836, 0.0, -0.170836, 0.985299, 0.0, 0.0, 0.0, 1.0], "scale": 0.905, "type": "scraggly_tree_2"}
{"ctxid": 0, "pos": [2700.198, -3605.764, 160.053], "rotationMatrix": [0.62605, 0.779783, 0.0, -0.779783, 0.62605, 0.0, 0.0, 0.0, 1.0], "scale": 0.618, "type": "scraggly_tree_2"}
{"ctxid": 0, "pos": [2693.312, -3610.378, 160.518], "rotationMatrix": [0.21651, 0.97628, 0.0, -0.97628, 0.21651, 0.0, 0.0, 0.0, 1.0], "scale": 0.773, "type": "scraggly_tree_2"}
{"ctxid": 0, "pos": [2696.187, -3601.503, 160.518], "rotationMatrix": [0.886626, 0.462488, 0.0, -0.462488, 0.886626, 0.0, 0.0, 0.0, 1.0], "scale": 0.804, "type": "scraggly_tree_2"}
{"ctxid": 0, "pos": [2673.426, -3601.926, 162.453], "rotationMatrix": [0.425862, 0.904788, 0.0, -0.904788, 0.425862, 0.0, 0.0, 0.0, 1.0], "scale": 0.62, "type": "scraggly_tree_2"}
{"ctxid": 0, "pos": [2662.725, -3598.404, 163.451], "rotationMatrix": [-0.999749, -0.022402, 0.0, 0.022402, -0.999749, 0.0, 0.0, 0.0, 1.0], "scale": 0.729, "type": "scraggly_tree_2"}
{"ctxid": 0, "pos": [2652.508, -3594.208, 164.478], "rotationMatrix": [0.97683, 0.214014, 0.0, -0.214014, 0.97683, 0.0, 0.0, 0.0, 1.0], "scale": 0.757, "type": "scraggly_tree_2"}
{"ctxid": 0, "pos": [2632.764, -3579.177, 166.594], "rotationMatrix": [0.862754, 0.505624, 0.0, -0.505624, 0.862754, 0.0, 0.0, 0.0, 1.0], "scale": 0.687, "type": "scraggly_tree_2"}
{"ctxid": 0, "pos": [2632.402, -3579.358, 166.594], "rotationMatrix": [0.643109, -0.765775, 0.0, 0.765775, 0.643109, 0.0, 0.0, 0.0, 1.0], "scale": 0.946, "type": "scraggly_tree_2"}
{"ctxid": 0, "pos": [2583.6, -3590.557, 170.383], "rotationMatrix": [0.942335, 0.33467, 0.0, -0.33467, 0.942335, 0.0, 0.0, 0.0, 1.0], "scale": 0.701, "type": "scraggly_tree_2"}
{"ctxid": 0, "pos": [2572.357, -3585.984, 171.451], "rotationMatrix": [-0.579484, 0.814984, 0.0, -0.814984, -0.579484, 0.0, 0.0, 0.0, 1.0], "scale": 0.783, "type": "scraggly_tree_2"}
{"ctxid": 0, "pos": [2561.616, -3581.792, 172.511], "rotationMatrix": [-0.092103, -0.995749, 0.0, 0.995749, -0.092103, 0.0, 0.0, 0.0, 1.0], "scale": 0.741, "type": "scraggly_tree_2"}
{"ctxid": 0, "pos": [2552.43, -3556.285, 174.089], "rotationMatrix": [0.806596, -0.591103, 0.0, 0.591103, 0.806596, 0.0, 0.0, 0.0, 1.0], "scale": 0.611, "type": "scraggly_tree_2"}
{"ctxid": 0, "pos": [2550.633, -3544.621, 174.613], "rotationMatrix": [0.756496, -0.653999, 0.0, 0.653999, 0.756496, 0.0, 0.0, 0.0, 1.0], "scale": 0.583, "type": "scraggly_tree_2"}
{"ctxid": 0, "pos": [2541.682, -3551.123, 175.137], "rotationMatrix": [0.550979, -0.834519, 0.0, 0.834519, 0.550979, 0.0, 0.0, 0.0, 1.0], "scale": 0.746, "type": "scraggly_tree_2"}
{"ctxid": 0, "pos": [2514.994, -3556.37, 177.225], "rotationMatrix": [-0.24283, 0.970069, 0.0, -0.970069, -0.24283, 0.0, 0.0, 0.0, 1.0], "scale": 0.902, "type": "scraggly_tree_2"}
{"ctxid": 0, "pos": [2490.256, -3524.773, 180.302], "rotationMatrix": [-0.437128, -0.899399, 0.0, 0.899399, -0.437128, 0.0, 0.0, 0.0, 1.0], "scale": 0.878, "type": "scraggly_tree_2"}
{"ctxid": 0, "pos": [2477.619, -3540.396, 180.81], "rotationMatrix": [-0.048311, 0.998832, 0.0, -0.998832, -0.048311, 0.0, 0.0, 0.0, 1.0], "scale": 0.665, "type": "scraggly_tree_2"}
{"ctxid": 0, "pos": [2477.895, -3526.245, 181.313], "rotationMatrix": [-0.968773, -0.247947, 0.0, 0.247947, -0.968773, 0.0, 0.0, 0.0, 1.0], "scale": 0.853, "type": "scraggly_tree_2"}
{"ctxid": 0, "pos": [2468.889, -3549.583, 181.313], "rotationMatrix": [-0.688515, -0.725222, 0.0, 0.725222, -0.688515, 0.0, 0.0, 0.0, 1.0], "scale": 0.788, "type": "scraggly_tree_2"}
{"ctxid": 0, "pos": [2480.573, -3516.157, 181.263], "rotationMatrix": [-0.650871, -0.759189, 0.0, 0.759189, -0.650871, 0.0, 0.0, 0.0, 1.0], "scale": 1.445, "type": "scraggly_tree_2"}
{"ctxid": 0, "pos": [2462.645, -3519.502, 182.817], "rotationMatrix": [0.198281, 0.980145, 0.0, -0.980145, 0.198281, 0.0, 0.0, 0.0, 1.0], "scale": 0.5, "type": "scraggly_tree_2"}
{"ctxid": 0, "pos": [2461.11, -3509.205, 183.315], "rotationMatrix": [-0.965383, 0.260838, 0.0, -0.260838, -0.965383, 0.0, 0.0, 0.0, 1.0], "scale": 0.527, "type": "scraggly_tree_2"}
{"ctxid": 0, "pos": [2452.116, -3516.483, 183.812], "rotationMatrix": [-0.998424, -0.056113, 0.0, 0.056113, -0.998424, 0.0, 0.0, 0.0, 1.0], "scale": 0.692, "type": "scraggly_tree_2"}
{"ctxid": 0, "pos": [2441.855, -3511.122, 184.805], "rotationMatrix": [0.19684, 0.980436, 0.0, -0.980436, 0.19684, 0.0, 0.0, 0.0, 1.0], "scale": 0.986, "type": "scraggly_tree_2"}
{"ctxid": 0, "pos": [2423.313, -3525.444, 185.838], "rotationMatrix": [-0.57409, -0.818792, 0.0, 0.818792, -0.57409, 0.0, 0.0, 0.0, 1.0], "scale": 0.74, "type": "scraggly_tree_2"}
{"ctxid": 0, "pos": [2380.748, -3470.962, 191.512], "rotationMatrix": [-0.949202, 0.314668, 0.0, -0.314668, -0.949202, 0.0, 0.0, 0.0, 1.0], "scale": 0.579, "type": "scraggly_tree_2"}
{"ctxid": 0, "pos": [2393.689, -3453.143, 192.788], "rotationMatrix": [0.999416, 0.03418, 0.0, -0.03418, 0.999416, 0.0, 0.0, 0.0, 1.0], "scale": 0.892, "type": "scraggly_tree_2"}
{"ctxid": 0, "pos": [2418.578, -3406.364, 192.847], "rotationMatrix": [-0.133267, 0.99108, 0.0, -0.99108, -0.133267, 0.0, 0.0, 0.0, 1.0], "scale": 0.681, "type": "scraggly_tree_2"}
{"ctxid": 0, "pos": [2403.686, -3388.045, 192.767], "rotationMatrix": [-0.917842, 0.396946, 0.0, -0.396946, -0.917842, 0.0, 0.0, 0.0, 1.0], "scale": 0.702, "type": "scraggly_tree_2"}
{"ctxid": 0, "pos": [2415.158, -3389.066, 192.669], "rotationMatrix": [-0.701132, -0.713032, 0.0, 0.713032, -0.701132, 0.0, 0.0, 0.0, 1.0], "scale": 1.279, "type": "scraggly_tree_2"}
{"ctxid": 0, "pos": [2406.366, -3381.649, 192.619], "rotationMatrix": [0.80395, -0.594697, 0.0, 0.594697, 0.80395, 0.0, 0.0, 0.0, 1.0], "scale": 1.182, "type": "scraggly_tree_2"}
{"ctxid": 0, "pos": [2425.543, -3367.469, 192.114], "rotationMatrix": [-0.971466, 0.237179, 0.0, -0.237179, -0.971466, 0.0, 0.0, 0.0, 1.0], "scale": 0.821, "type": "scraggly_tree_2"}
{"ctxid": 0, "pos": [2443.451, -3348.957, 191.026], "rotationMatrix": [-0.545247, 0.838275, 0.0, -0.838275, -0.545247, 0.0, 0.0, 0.0, 1.0], "scale": 0.524, "type": "scraggly_tree_2"}
{"ctxid": 0, "pos": [2462.183, -3346.082, 190.466], "rotationMatrix": [0.340344, -0.940301, 0.0, 0.940301, 0.340344, 0.0, 0.0, 0.0, 1.0], "scale": 0.573, "type": "scraggly_tree_2"}
{"ctxid": 0, "pos": [2463.119, -3340.486, 190.536], "rotationMatrix": [-0.843905, 0.536493, 0.0, -0.536493, -0.843905, 0.0, 0.0, 0.0, 1.0], "scale": 0.546, "type": "scraggly_tree_2"}
{"ctxid": 0, "pos": [2473.512, -3316.704, 191.429], "rotationMatrix": [0.311409, 0.950276, 0.0, -0.950276, 0.311409, 0.0, 0.0, 0.0, 1.0], "scale": 0.716, "type": "scraggly_tree_2"}
{"ctxid": 0, "pos": [2440.06, -3323.288, 193.034], "rotationMatrix": [-0.277591, 0.960699, 0.0, -0.960699, -0.277591, 0.0, 0.0, 0.0, 1.0], "scale": 0.639, "type": "scraggly_tree_2"}
{"ctxid": 0, "pos": [2399.163, -3288.063, 197.513], "rotationMatrix": [-0.999126, -0.041791, 0.0, 0.041791, -0.999126, 0.0, 0.0, 0.0, 1.0], "scale": 0.616, "type": "scraggly_tree_2"}
{"ctxid": 0, "pos": [2393.897, -3300.421, 197.513], "rotationMatrix": [0.457482, 0.889219, 0.0, -0.889219, 0.457482, 0.0, 0.0, 0.0, 1.0], "scale": 0.761, "type": "scraggly_tree_2"}
{"ctxid": 0, "pos": [2399.747, -3287.089, 197.513], "rotationMatrix": [0.928372, -0.371652, 0.0, 0.371652, 0.928372, 0.0, 0.0, 0.0, 1.0], "scale": 0.903, "type": "scraggly_tree_2"}
{"ctxid": 0, "pos": [2362.159, -3286.56, 200.609], "rotationMatrix": [-0.339911, -0.940457, 0.0, 0.940457, -0.339911, 0.0, 0.0, 0.0, 1.0], "scale": 0.708, "type": "scraggly_tree_2"}
{"ctxid": 0, "pos": [2322.936, -3249.649, 205.29], "rotationMatrix": [0.418074, -0.908413, 0.0, 0.908413, 0.418074, 0.0, 0.0, 0.0, 1.0], "scale": 0.671, "type": "scraggly_tree_2"}
{"ctxid": 0, "pos": [2307.78, -3241.44, 206.855], "rotationMatrix": [-0.998164, -0.060566, 0.0, 0.060566, -0.998164, 0.0, 0.0, 0.0, 1.0], "scale": 0.983, "type": "scraggly_tree_2"}
{"ctxid": 0, "pos": [2312.571, -3232.703, 206.855], "rotationMatrix": [-0.444922, -0.89557, 0.0, 0.89557, -0.444922, 0.0, 0.0, 0.0, 1.0], "scale": 0.746, "type": "scraggly_tree_2"}
{"ctxid": 0, "pos": [2302.41, -3238.601, 207.377], "rotationMatrix": [-0.206902, -0.978362, 0.0, 0.978362, -0.206902, 0.0, 0.0, 0.0, 1.0], "scale": 0.978, "type": "scraggly_tree_2"}
{"ctxid": 0, "pos": [2298.878, -3231.277, 207.9], "rotationMatrix": [-0.243983, -0.96978, 0.0, 0.96978, -0.243983, 0.0, 0.0, 0.0, 1.0], "scale": 0.677, "type": "scraggly_tree_2"}
{"ctxid": 0, "pos": [2216.152, -3213.867, 215.119], "rotationMatrix": [0.98368, -0.179926, 0.0, 0.179926, 0.98368, 0.0, 0.0, 0.0, 1.0], "scale": 0.716, "type": "scraggly_tree_2"}
{"ctxid": 0, "pos": [2192.031, -3190.203, 217.318], "rotationMatrix": [0.86526, -0.501323, 0.0, 0.501323, 0.86526, 0.0, 0.0, 0.0, 1.0], "scale": 0.755, "type": "scraggly_tree_2"}
{"ctxid": 0, "pos": [2135.669, -3186.4, 222.287], "rotationMatrix": [-0.503104, -0.864226, 0.0, 0.864226, -0.503104, 0.0, 0.0, 0.0, 1.0], "scale": 0.825, "type": "scraggly_tree_2"}
{"ctxid": 0, "pos": [2075.082, -3180.881, 227.678], "rotationMatrix": [0.656523, -0.754306, 0.0, 0.754306, 0.656523, 0.0, 0.0, 0.0, 1.0], "scale": 0.686, "type": "scraggly_tree_2"}
{"ctxid": 0, "pos": [2063.685, -3175.446, 228.607], "rotationMatrix": [0.807139, 0.590362, 0.0, -0.590362, 0.807139, 0.0, 0.0, 0.0, 1.0], "scale": 0.701, "type": "scraggly_tree_2"}
{"ctxid": 0, "pos": [2043.224, -3146.546, 231.446], "rotationMatrix": [0.215048, -0.976603, 0.0, 0.976603, 0.215048, 0.0, 0.0, 0.0, 1.0], "scale": 0.854, "type": "scraggly_tree_2"}
{"ctxid": 0, "pos": [2048.774, -3137.965, 231.948], "rotationMatrix": [-0.260217, -0.96555, 0.0, 0.96555, -0.260217, 0.0, 0.0, 0.0, 1.0], "scale": 0.704, "type": "scraggly_tree_2"}
{"ctxid": 0, "pos": [2069.931, -3129.095, 231.948], "rotationMatrix": [-0.840501, 0.541809, 0.0, -0.541809, -0.840501, 0.0, 0.0, 0.0, 1.0], "scale": 0.923, "type": "scraggly_tree_2"}
{"ctxid": 0, "pos": [2041.2, -3135.266, 232.325], "rotationMatrix": [0.87251, 0.488596, 0.0, -0.488596, 0.87251, 0.0, 0.0, 0.0, 1.0], "scale": 0.585, "type": "scraggly_tree_2"}
{"ctxid": 0, "pos": [2023.619, -3071.64, 236.175], "rotationMatrix": [-0.986329, 0.164787, 0.0, -0.164787, -0.986329, 0.0, 0.0, 0.0, 1.0], "scale": 0.866, "type": "scraggly_tree_2"}
{"ctxid": 0, "pos": [1979.204, -3066.413, 239.956], "rotationMatrix": [0.918744, 0.394853, 0.0, -0.394853, 0.918744, 0.0, 0.0, 0.0, 1.0], "scale": 0.849, "type": "scraggly_tree_2"}
{"ctxid": 0, "pos": [1977.802, -3053.5, 240.505], "rotationMatrix": [0.914145, 0.405387, 0.0, -0.405387, 0.914145, 0.0, 0.0, 0.0, 1.0], "scale": 0.865, "type": "scraggly_tree_2"}
{"ctxid": 0, "pos": [1973.321, -3048.787, 241.051], "rotationMatrix": [-0.912977, 0.408011, 0.0, -0.408011, -0.912977, 0.0, 0.0, 0.0, 1.0], "scale": 0.811, "type": "scraggly_tree_2"}
{"ctxid": 0, "pos": [1962.523, -3035.693, 242.663], "rotationMatrix": [-0.56982, 0.821769, 0.0, -0.821769, -0.56982, 0.0, 0.0, 0.0, 1.0], "scale": 0.666, "type": "scraggly_tree_2"}
{"ctxid": 0, "pos": [1913.621, -3025.973, 246.368], "rotationMatrix": [-0.985188, 0.171476, 0.0, -0.171476, -0.985188, 0.0, 0.0, 0.0, 1.0], "scale": 0.687, "type": "scraggly_tree_2"}
{"ctxid": 0, "pos": [1933.951, -3009.082, 246.503], "rotationMatrix": [-0.627665, -0.778483, 0.0, 0.778483, -0.627665, 0.0, 0.0, 0.0, 1.0], "scale": 0.812, "type": "scraggly_tree_2"}
{"ctxid": 0, "pos": [1930.632, -3004.847, 246.518], "rotationMatrix": [0.885793, 0.464081, 0.0, -0.464081, 0.885793, 0.0, 0.0, 0.0, 1.0], "scale": 0.618, "type": "scraggly_tree_2"}
{"ctxid": 0, "pos": [1904.9, -2993.196, 246.427], "rotationMatrix": [-0.804505, 0.593946, 0.0, -0.593946, -0.804505, 0.0, 0.0, 0.0, 1.0], "scale": 0.675, "type": "scraggly_tree_2"}
{"ctxid": 0, "pos": [1930.053, -2976.37, 246.358], "rotationMatrix": [-0.767386, -0.641186, 0.0, 0.641186, -0.767386, 0.0, 0.0, 0.0, 1.0], "scale": 0.586, "type": "scraggly_tree_2"}
{"ctxid": 0, "pos": [1921.943, -2971.674, 246.316], "rotationMatrix": [0.368695, 0.92955, 0.0, -0.92955, 0.368695, 0.0, 0.0, 0.0, 1.0], "scale": 0.634, "type": "scraggly_tree_2"}
{"ctxid": 0, "pos": [1928.52, -2965.021, 246.254], "rotationMatrix": [0.220002, -0.975499, 0.0, 0.975499, 0.220002, 0.0, 0.0, 0.0, 1.0], "scale": 0.843, "type": "scraggly_tree_2"}
{"ctxid": 0, "pos": [1905.656, -2961.483, 246.171], "rotationMatrix": [-0.050338, -0.998732, 0.0, 0.998732, -0.050338, 0.0, 0.0, 0.0, 1.0], "scale": 0.775, "type": "scraggly_tree_2"}
{"ctxid": 0, "pos": [1920.436, -2936.788, 245.692], "rotationMatrix": [-0.322526, 0.946561, 0.0, -0.946561, -0.322526, 0.0, 0.0, 0.0, 1.0], "scale": 0.853, "type": "scraggly_tree_2"}
{"ctxid": 0, "pos": [1925.955, -2936.566, 245.692], "rotationMatrix": [0.448155, -0.893956, 0.0, 0.893956, 0.448155, 0.0, 0.0, 0.0, 1.0], "scale": 0.868, "type": "scraggly_tree_2"}
{"ctxid": 0, "pos": [1919.557, -2931.647, 245.559], "rotationMatrix": [0.428778, 0.90341, 0.0, -0.90341, 0.428778, 0.0, 0.0, 0.0, 1.0], "scale": 0.626, "type": "scraggly_tree_2"}
{"ctxid": 0, "pos": [1900.62, -2931.539, 245.559], "rotationMatrix": [-0.529965, -0.848019, 0.0, 0.848019, -0.529965, 0.0, 0.0, 0.0, 1.0], "scale": 0.778, "type": "scraggly_tree_2"}
{"ctxid": 0, "pos": [1923.874, -2903.18, 245.321], "rotationMatrix": [-0.517847, -0.855473, 0.0, 0.855473, -0.517847, 0.0, 0.0, 0.0, 1.0], "scale": 0.619, "type": "scraggly_tree_2"}
{"ctxid": 0, "pos": [1952.18, -2836.262, 243.085], "rotationMatrix": [-0.97744, -0.211212, 0.0, 0.211212, -0.97744, 0.0, 0.0, 0.0, 1.0], "scale": 0.725, "type": "scraggly_tree_2"}
{"ctxid": 0, "pos": [2081.147, -2760.582, 251.233], "rotationMatrix": [0.09259, 0.995704, 0.0, -0.995704, 0.09259, 0.0, 0.0, 0.0, 1.0], "scale": 0.693, "type": "scraggly_tree_2"}
{"ctxid": 0, "pos": [2106.101, -2769.19, 251.436], "rotationMatrix": [-0.170584, 0.985343, 0.0, -0.985343, -0.170584, 0.0, 0.0, 0.0, 1.0], "scale": 0.585, "type": "scraggly_tree_2"}
{"ctxid": 0, "pos": [2136.14, -2743.228, 251.841], "rotationMatrix": [0.413662, -0.91043, 0.0, 0.91043, 0.413662, 0.0, 0.0, 0.0, 1.0], "scale": 0.8, "type": "scraggly_tree_2"}
{"ctxid": 0, "pos": [2128.143, -2713.464, 252.535], "rotationMatrix": [-0.646302, 0.763082, 0.0, -0.763082, -0.646302, 0.0, 0.0, 0.0, 1.0], "scale": 0.778, "type": "scraggly_tree_2"}
{"ctxid": 0, "pos": [2150.561, -2707.978, 253.322], "rotationMatrix": [-0.957844, -0.287288, 0.0, 0.287288, -0.957844, 0.0, 0.0, 0.0, 1.0], "scale": 0.916, "type": "scraggly_tree_2"}
{"ctxid": 0, "pos": [2140.86, -2681.492, 254.011], "rotationMatrix": [-0.650318, -0.759662, 0.0, 0.759662, -0.650318, 0.0, 0.0, 0.0, 1.0], "scale": 0.65, "type": "scraggly_tree_2"}
{"ctxid": 0, "pos": [2168.628, -2680.458, 254.586], "rotationMatrix": [-0.166063, -0.986115, 0.0, 0.986115, -0.166063, 0.0, 0.0, 0.0, 1.0], "scale": 0.837, "type": "scraggly_tree_2"}
{"ctxid": 0, "pos": [2168.597, -2680.888, 254.586], "rotationMatrix": [0.763478, -0.645834, 0.0, 0.645834, 0.763478, 0.0, 0.0, 0.0, 1.0], "scale": 0.674, "type": "scraggly_tree_2"}
{"ctxid": 0, "pos": [2184.312, -2657.268, 255.442], "rotationMatrix": [0.983737, 0.179616, 0.0, -0.179616, 0.983737, 0.0, 0.0, 0.0, 1.0], "scale": 0.822, "type": "scraggly_tree_2"}
{"ctxid": 0, "pos": [2200.993, -2632.297, 256.404], "rotationMatrix": [-0.507751, 0.861504, 0.0, -0.861504, -0.507751, 0.0, 0.0, 0.0, 1.0], "scale": 0.887, "type": "scraggly_tree_2"}
{"ctxid": 0, "pos": [2214.282, -2587.179, 257.047], "rotationMatrix": [0.651035, 0.759047, 0.0, -0.759047, 0.651035, 0.0, 0.0, 0.0, 1.0], "scale": 0.619, "type": "scraggly_tree_2"}
{"ctxid": 0, "pos": [2237.724, -2536.886, 258.12], "rotationMatrix": [-0.483831, -0.875162, 0.0, 0.875162, -0.483831, 0.0, 0.0, 0.0, 1.0], "scale": 0.63, "type": "scraggly_tree_2"}
{"ctxid": 0, "pos": [2228.679, -2532.285, 258.441], "rotationMatrix": [-0.870711, 0.491795, 0.0, -0.491795, -0.870711, 0.0, 0.0, 0.0, 1.0], "scale": 0.601, "type": "scraggly_tree_2"}
{"ctxid": 0, "pos": [2248.18, -2514.006, 259.677], "rotationMatrix": [0.970137, -0.242558, 0.0, 0.242558, 0.970137, 0.0, 0.0, 0.0, 1.0], "scale": 0.685, "type": "scraggly_tree_2"}
{"ctxid": 0, "pos": [2257.536, -2512.978, 259.677], "rotationMatrix": [0.101179, 0.994868, 0.0, -0.994868, 0.101179, 0.0, 0.0, 0.0, 1.0], "scale": 0.893, "type": "scraggly_tree_2"}
{"ctxid": 0, "pos": [2256.065, -2507.442, 260.1], "rotationMatrix": [-0.823315, -0.567585, 0.0, 0.567585, -0.823315, 0.0, 0.0, 0.0, 1.0], "scale": 0.841, "type": "scraggly_tree_2"}
{"ctxid": 0, "pos": [2228.445, -2493.463, 261.533], "rotationMatrix": [0.614862, 0.788635, 0.0, -0.788635, 0.614862, 0.0, 0.0, 0.0, 1.0], "scale": 0.838, "type": "scraggly_tree_2"}
{"ctxid": 0, "pos": [2252.564, -2486.648, 261.533], "rotationMatrix": [0.522338, 0.852739, 0.0, -0.852739, 0.522338, 0.0, 0.0, 0.0, 1.0], "scale": 0.769, "type": "scraggly_tree_2"}
{"ctxid": 0, "pos": [2227.253, -2488.336, 261.807], "rotationMatrix": [0.890102, 0.455762, 0.0, -0.455762, 0.890102, 0.0, 0.0, 0.0, 1.0], "scale": 0.699, "type": "scraggly_tree_2"}
{"ctxid": 0, "pos": [2239.821, -2479.857, 262.053], "rotationMatrix": [-0.734964, -0.678106, 0.0, 0.678106, -0.734964, 0.0, 0.0, 0.0, 1.0], "scale": 0.708, "type": "scraggly_tree_2"}
{"ctxid": 0, "pos": [2236.56, -2465.309, 262.627], "rotationMatrix": [-0.885513, -0.464615, 0.0, 0.464615, -0.885513, 0.0, 0.0, 0.0, 1.0], "scale": 0.514, "type": "scraggly_tree_2"}
{"ctxid": 0, "pos": [2244.816, -2444.682, 263.031], "rotationMatrix": [-0.959052, 0.28323, 0.0, -0.28323, -0.959052, 0.0, 0.0, 0.0, 1.0], "scale": 0.721, "type": "scraggly_tree_2"}
{"ctxid": 0, "pos": [2230.259, -2412.417, 263.186], "rotationMatrix": [0.992025, 0.126043, 0.0, -0.126043, 0.992025, 0.0, 0.0, 0.0, 1.0], "scale": 0.601, "type": "scraggly_tree_2"}
{"ctxid": 0, "pos": [2223.869, -2407.455, 263.288], "rotationMatrix": [0.956976, -0.290166, 0.0, 0.290166, 0.956976, 0.0, 0.0, 0.0, 1.0], "scale": 0.751, "type": "scraggly_tree_2"}
{"ctxid": 0, "pos": [2242.159, -2401.708, 263.419], "rotationMatrix": [0.116725, -0.993164, 0.0, 0.993164, 0.116725, 0.0, 0.0, 0.0, 1.0], "scale": 0.51, "type": "scraggly_tree_2"}
{"ctxid": 0, "pos": [2222.014, -2373.896, 263.293], "rotationMatrix": [-0.136172, 0.990685, 0.0, -0.990685, -0.136172, 0.0, 0.0, 0.0, 1.0], "scale": 0.741, "type": "scraggly_tree_2"}
{"ctxid": 0, "pos": [2183.773, -2337.437, 259.57], "rotationMatrix": [-0.340292, 0.94032, 0.0, -0.94032, -0.340292, 0.0, 0.0, 0.0, 1.0], "scale": 0.545, "type": "scraggly_tree_2"}
{"ctxid": 0, "pos": [2173.864, -2306.64, 260.198], "rotationMatrix": [-0.989288, 0.145976, 0.0, -0.145976, -0.989288, 0.0, 0.0, 0.0, 1.0], "scale": 0.949, "type": "scraggly_tree_2"}
{"ctxid": 0, "pos": [2154.012, -2328.289, 261.073], "rotationMatrix": [0.870897, 0.491466, 0.0, -0.491466, 0.870897, 0.0, 0.0, 0.0, 1.0], "scale": 0.63, "type": "scraggly_tree_2"}
{"ctxid": 0, "pos": [2154.712, -2314.801, 261.073], "rotationMatrix": [-0.088212, -0.996102, 0.0, 0.996102, -0.088212, 0.0, 0.0, 0.0, 1.0], "scale": 0.989, "type": "scraggly_tree_2"}
{"ctxid": 0, "pos": [2144.61, -2313.338, 261.62], "rotationMatrix": [0.185768, 0.982594, 0.0, -0.982594, 0.185768, 0.0, 0.0, 0.0, 1.0], "scale": 0.754, "type": "scraggly_tree_2"}
{"ctxid": 0, "pos": [2114.586, -2327.648, 263.802], "rotationMatrix": [0.881354, -0.472457, 0.0, 0.472457, 0.881354, 0.0, 0.0, 0.0, 1.0], "scale": 0.942, "type": "scraggly_tree_2"}
{"ctxid": 0, "pos": [2078.625, -2302.254, 266.247], "rotationMatrix": [0.995736, 0.092248, 0.0, -0.092248, 0.995736, 0.0, 0.0, 0.0, 1.0], "scale": 0.66, "type": "scraggly_tree_2"}
{"ctxid": 0, "pos": [2026.841, -2263.75, 265.754], "rotationMatrix": [-0.99553, -0.094441, 0.0, 0.094441, -0.99553, 0.0, 0.0, 0.0, 1.0], "scale": 0.809, "type": "scraggly_tree_2"}
{"ctxid": 0, "pos": [2019.591, -2261.773, 265.426], "rotationMatrix": [0.783697, 0.621143, 0.0, -0.621143, 0.783697, 0.0, 0.0, 0.0, 1.0], "scale": 0.653, "type": "scraggly_tree_2"}
{"ctxid": 0, "pos": [2021.101, -2254.818, 265.105], "rotationMatrix": [0.033565, 0.999437, 0.0, -0.999437, 0.033565, 0.0, 0.0, 0.0, 1.0], "scale": 0.758, "type": "scraggly_tree_2"}
{"ctxid": 0, "pos": [2032.111, -2249.097, 265.105], "rotationMatrix": [-0.005339, 0.999986, 0.0, -0.999986, -0.005339, 0.0, 0.0, 0.0, 1.0], "scale": 0.869, "type": "scraggly_tree_2"}
{"ctxid": 0, "pos": [2017.388, -2250.798, 264.8], "rotationMatrix": [-0.140183, 0.990126, 0.0, -0.990126, -0.140183, 0.0, 0.0, 0.0, 1.0], "scale": 0.782, "type": "scraggly_tree_2"}
{"ctxid": 0, "pos": [1907.363, -2090.82, 254.941], "rotationMatrix": [0.31318, -0.949694, 0.0, 0.949694, 0.31318, 0.0, 0.0, 0.0, 1.0], "scale": 0.746, "type": "scraggly_tree_2"}
{"ctxid": 0, "pos": [1914.977, -2067.13, 253.155], "rotationMatrix": [-0.265899, -0.964001, 0.0, 0.964001, -0.265899, 0.0, 0.0, 0.0, 1.0], "scale": 0.664, "type": "scraggly_tree_2"}
{"ctxid": 0, "pos": [1183.24, -1644.414, 163.826], "rotationMatrix": [-0.724296, -0.689489, 0.0, 0.689489, -0.724296, 0.0, 0.0, 0.0, 1.0], "scale": 0.501, "type": "scraggly_tree_2"}
{"ctxid": 0, "pos": [1162.536, -1642.245, 161.829], "rotationMatrix": [0.02093, 0.999781, 0.0, -0.999781, 0.02093, 0.0, 0.0, 0.0, 1.0], "scale": 0.686, "type": "scraggly_tree_2"}
{"ctxid": 0, "pos": [1162.524, -1629.623, 161.829], "rotationMatrix": [-0.984187, 0.177134, 0.0, -0.177134, -0.984187, 0.0, 0.0, 0.0, 1.0], "scale": 0.794, "type": "scraggly_tree_2"}
{"ctxid": 0, "pos": [1162.623, -1622.691, 161.829], "rotationMatrix": [-0.69675, -0.717314, 0.0, 0.717314, -0.69675, 0.0, 0.0, 0.0, 1.0], "scale": 0.883, "type": "scraggly_tree_2"}
{"ctxid": 0, "pos": [1138.647, -1642.565, 159.699], "rotationMatrix": [-0.918952, 0.39437, 0.0, -0.39437, -0.918952, 0.0, 0.0, 0.0, 1.0], "scale": 0.557, "type": "scraggly_tree_2"}
{"ctxid": 0, "pos": [1131.375, -1629.973, 159.124], "rotationMatrix": [0.701909, 0.712266, 0.0, -0.712266, 0.701909, 0.0, 0.0, 0.0, 1.0], "scale": 0.769, "type": "scraggly_tree_2"}
{"ctxid": 0, "pos": [1125.881, -1643.409, 158.533], "rotationMatrix": [-0.118052, -0.993007, 0.0, 0.993007, -0.118052, 0.0, 0.0, 0.0, 1.0], "scale": 0.589, "type": "scraggly_tree_2"}
{"ctxid": 0, "pos": [1125.534, -1647.25, 158.533], "rotationMatrix": [0.453471, -0.891271, 0.0, 0.891271, 0.453471, 0.0, 0.0, 0.0, 1.0], "scale": 0.836, "type": "scraggly_tree_2"}
{"ctxid": 0, "pos": [1078.02, -1640.478, 154.233], "rotationMatrix": [-0.252633, -0.967562, 0.0, 0.967562, -0.252633, 0.0, 0.0, 0.0, 1.0], "scale": 0.869, "type": "scraggly_tree_2"}
{"ctxid": 0, "pos": [1058.175, -1626.03, 152.423], "rotationMatrix": [-0.083743, 0.996487, 0.0, -0.996487, -0.083743, 0.0, 0.0, 0.0, 1.0], "scale": 0.864, "type": "scraggly_tree_2"}
{"ctxid": 0, "pos": [1050.565, -1640.089, 151.825], "rotationMatrix": [0.554075, -0.832467, 0.0, 0.832467, 0.554075, 0.0, 0.0, 0.0, 1.0], "scale": 0.54, "type": "scraggly_tree_2"}
{"ctxid": 0, "pos": [1000.486, -1608.841, 146.806], "rotationMatrix": [-0.982692, -0.185244, 0.0, 0.185244, -0.982692, 0.0, 0.0, 0.0, 1.0], "scale": 0.635, "type": "scraggly_tree_2"}
{"ctxid": 0, "pos": [984.688, -1611.626, 145.38], "rotationMatrix": [-0.015009, 0.999887, 0.0, -0.999887, -0.015009, 0.0, 0.0, 0.0, 1.0], "scale": 0.669, "type": "scraggly_tree_2"}
{"ctxid": 0, "pos": [989.844, -1602.982, 145.38], "rotationMatrix": [0.787146, 0.616766, 0.0, -0.616766, 0.787146, 0.0, 0.0, 0.0, 1.0], "scale": 0.529, "type": "scraggly_tree_2"}
{"ctxid": 0, "pos": [976.672, -1600.894, 144.039], "rotationMatrix": [0.475505, 0.879713, 0.0, -0.879713, 0.475505, 0.0, 0.0, 0.0, 1.0], "scale": 0.704, "type": "scraggly_tree_2"}
{"ctxid": 0, "pos": [984.258, -1595.017, 144.039], "rotationMatrix": [0.966445, 0.256873, 0.0, -0.256873, 0.966445, 0.0, 0.0, 0.0, 1.0], "scale": 0.786, "type": "scraggly_tree_2"}
{"ctxid": 0, "pos": [961.122, -1602.978, 143.329], "rotationMatrix": [-0.347936, -0.937518, 0.0, 0.937518, -0.347936, 0.0, 0.0, 0.0, 1.0], "scale": 0.737, "type": "scraggly_tree_2"}
{"ctxid": 0, "pos": [969.833, -1587.853, 142.562], "rotationMatrix": [-0.969392, -0.245517, 0.0, 0.245517, -0.969392, 0.0, 0.0, 0.0, 1.0], "scale": 0.637, "type": "scraggly_tree_2"}
{"ctxid": 0, "pos": [964.494, -1581.195, 141.733], "rotationMatrix": [0.287956, 0.957644, 0.0, -0.957644, 0.287956, 0.0, 0.0, 0.0, 1.0], "scale": 0.554, "type": "scraggly_tree_2"}
{"ctxid": 0, "pos": [932.913, -1567.61, 139.462], "rotationMatrix": [-0.997447, -0.071406, 0.0, 0.071406, -0.997447, 0.0, 0.0, 0.0, 1.0], "scale": 0.509, "type": "scraggly_tree_2"}
{"ctxid": 0, "pos": [948.403, -1533.686, 137.252], "rotationMatrix": [0.562763, -0.826619, 0.0, 0.826619, 0.562763, 0.0, 0.0, 0.0, 1.0], "scale": 0.668, "type": "scraggly_tree_2"}
{"ctxid": 0, "pos": [946.184, -1524.787, 136.475], "rotationMatrix": [-0.797657, -0.603112, 0.0, 0.603112, -0.797657, 0.0, 0.0, 0.0, 1.0], "scale": 0.594, "type": "scraggly_tree_2"}
{"ctxid": 0, "pos": [925.638, -1527.018, 135.793], "rotationMatrix": [0.475427, -0.879755, 0.0, 0.879755, 0.475427, 0.0, 0.0, 0.0, 1.0], "scale": 0.868, "type": "scraggly_tree_2"}
{"ctxid": 0, "pos": [914.844, -1515.356, 134.085], "rotationMatrix": [0.23774, 0.971329, 0.0, -0.971329, 0.23774, 0.0, 0.0, 0.0, 1.0], "scale": 0.745, "type": "scraggly_tree_2"}
{"ctxid": 0, "pos": [915.549, -1500.909, 133.521], "rotationMatrix": [-0.106279, 0.994336, 0.0, -0.994336, -0.106279, 0.0, 0.0, 0.0, 1.0], "scale": 0.635, "type": "scraggly_tree_2"}
{"ctxid": 0, "pos": [864.272, -1480.924, 128.848], "rotationMatrix": [-0.526836, -0.849967, 0.0, 0.849967, -0.526836, 0.0, 0.0, 0.0, 1.0], "scale": 0.852, "type": "scraggly_tree_2"}
{"ctxid": 0, "pos": [865.391, -1473.515, 128.244], "rotationMatrix": [-0.884676, -0.466206, 0.0, 0.466206, -0.884676, 0.0, 0.0, 0.0, 1.0], "scale": 0.618, "type": "scraggly_tree_2"}
{"ctxid": 0, "pos": [858.304, -1439.187, 124.876], "rotationMatrix": [-0.833536, 0.552465, 0.0, -0.552465, -0.833536, 0.0, 0.0, 0.0, 1.0], "scale": 0.722, "type": "scraggly_tree_2"}
{"ctxid": 0, "pos": [888.276, -1434.278, 124.876], "rotationMatrix": [-0.585944, -0.810352, 0.0, 0.810352, -0.585944, 0.0, 0.0, 0.0, 1.0], "scale": 0.605, "type": "scraggly_tree_2"}
