{"ctxid": 0, "pos": [3322.153, -4168.204, 80.023], "rotationMatrix": [0.006115, 0.999981, 0.0, -0.999981, 0.006115, 0.0, 0.0, 0.0, 1.0], "scale": 0.986, "type": "scraggly_tree"}
{"ctxid": 0, "pos": [2477.423, -3526.631, 181.263], "rotationMatrix": [0.204209, -0.978927, 0.0, 0.978927, 0.204209, 0.0, 0.0, 0.0, 1.0], "scale": 0.904, "type": "scraggly_tree"}
{"ctxid": 0, "pos": [2407.974, -3383.998, 192.669], "rotationMatrix": [-0.109315, 0.994007, 0.0, -0.994007, -0.109315, 0.0, 0.0, 0.0, 1.0], "scale": 1.254, "type": "scraggly_tree"}
{"ctxid": 0, "pos": [336.666, -572.106, 15.182], "rotationMatrix": [0.967417, 0.253189, 0.0, -0.253189, 0.967417, 0.0, 0.0, 0.0, 1.0], "scale": 1.535, "type": "scraggly_tree"}
{"ctxid": 0, "pos": [369.324, -464.162, 9.729], "rotationMatrix": [-0.914091, -0.405508, 0.0, 0.405508, -0.914091, 0.0, 0.0, 0.0, 1.0], "scale": 0.894, "type": "scraggly_tree"}
{"ctxid": 0, "pos": [364.674, -460.905, 9.679], "rotationMatrix": [0.464505, 0.885571, 0.0, -0.885571, 0.464505, 0.0, 0.0, 0.0, 1.0], "scale": 1.062, "type": "scraggly_tree"}
{"ctxid": 0, "pos": [441.047, -215.242, 37.969], "rotationMatrix": [-0.930418, -0.366501, 0.0, 0.366501, -0.930418, 0.0, 0.0, 0.0, 1.0], "scale": 1.259, "type": "scraggly_tree"}
{"ctxid": 0, "pos": [418.425, -198.725, 38.432], "rotationMatrix": [-0.735742, 0.677262, 0.0, -0.677262, -0.735742, 0.0, 0.0, 0.0, 1.0], "scale": 1.336, "type": "scraggly_tree"}
{"ctxid": 0, "pos": [445.225, -205.941, 38.904], "rotationMatrix": [0.098953, -0.995092, 0.0, 0.995092, 0.098953, 0.0, 0.0, 0.0, 1.0], "scale": 1.211, "type": "scraggly_tree"}
{"ctxid": 0, "pos": [417.519, -185.709, 39.414], "rotationMatrix": [-0.631444, 0.775421, 0.0, -0.775421, -0.631444, 0.0, 0.0, 0.0, 1.0], "scale": 1.373, "type": "scraggly_tree"}
{"ctxid": 0, "pos": [454.189, -205.24, 39.414], "rotationMatrix": [0.71546, 0.698653, 0.0, -0.698653, 0.71546, 0.0, 0.0, 0.0, 1.0], "scale": 1.244, "type": "scraggly_tree"}
{"ctxid": 0, "pos": [449.697, -190.731, 40.454], "rotationMatrix": [-0.520649, -0.853771, 0.0, 0.853771, -0.520649, 0.0, 0.0, 0.0, 1.0], "scale": 0.993, "type": "scraggly_tree"}
{"ctxid": 0, "pos": [453.54, -184.49, 40.97], "rotationMatrix": [-0.592476, -0.805588, 0.0, 0.805588, -0.592476, 0.0, 0.0, 0.0, 1.0], "scale": 1.321, "type": "scraggly_tree"}
{"ctxid": 0, "pos": [452.225, -186.133, 40.97], "rotationMatrix": [0.497929, -0.867218, 0.0, 0.867218, 0.497929, 0.0, 0.0, 0.0, 1.0], "scale": 1.231, "type": "scraggly_tree"}
{"ctxid": 0, "pos": [461.937, -189.979, 40.97], "rotationMatrix": [-0.866186, -0.499721, 0.0, 0.499721, -0.866186, 0.0, 0.0, 0.0, 1.0], "scale": 1.04, "type": "scraggly_tree"}
{"ctxid": 0, "pos": [458.856, -188.275, 40.97], "rotationMatrix": [-0.780713, -0.62489, 0.0, 0.62489, -0.780713, 0.0, 0.0, 0.0, 1.0], "scale": 1.075, "type": "scraggly_tree"}
{"ctxid": 0, "pos": [443.388, -166.782, 42.003], "rotationMatrix": [0.463956, -0.885858, 0.0, 0.885858, 0.463956, 0.0, 0.0, 0.0, 1.0], "scale": 1.472, "type": "scraggly_tree"}
{"ctxid": 0, "pos": [439.703, -158.062, 42.521], "rotationMatrix": [-0.619779, 0.784776, 0.0, -0.784776, -0.619779, 0.0, 0.0, 0.0, 1.0], "scale": 1.471, "type": "scraggly_tree"}
{"ctxid": 0, "pos": [441.032, -151.011, 43.039], "rotationMatrix": [0.442531, 0.896753, 0.0, -0.896753, 0.442531, 0.0, 0.0, 0.0, 1.0], "scale": 0.842, "type": "scraggly_tree"}
{"ctxid": 0, "pos": [472.135, -157.498, 44.077], "rotationMatrix": [0.5284, 0.848995, 0.0, -0.848995, 0.5284, 0.0, 0.0, 0.0, 1.0], "scale": 0.828, "type": "scraggly_tree"}
{"ctxid": 0, "pos": [454.279, -137.021, 44.597], "rotationMatrix": [0.916486, -0.400066, 0.0, 0.400066, 0.916486, 0.0, 0.0, 0.0, 1.0], "scale": 1.089, "type": "scraggly_tree"}
{"ctxid": 0, "pos": [456.203, -138.73, 44.597], "rotationMatrix": [-0.362494, 0.931986, 0.0, -0.931986, -0.362494, 0.0, 0.0, 0.0, 1.0], "scale": 1.202, "type": "scraggly_tree"}
{"ctxid": 0, "pos": [482.6, -156.571, 44.597], "rotationMatrix": [-0.999998, -0.002134, 0.0, 0.002134, -0.999998, 0.0, 0.0, 0.0, 1.0], "scale": 0.933, "type": "scraggly_tree"}
{"ctxid": 0, "pos": [458.856, -122.29, 46.163], "rotationMatrix": [0.994824, -0.101614, 0.0, 0.101614, 0.994824, 0.0, 0.0, 0.0, 1.0], "scale": 0.759, "type": "scraggly_tree"}
{"ctxid": 0, "pos": [488.322, -139.07, 46.163], "rotationMatrix": [0.03355, 0.999437, 0.0, -0.999437, 0.03355, 0.0, 0.0, 0.0, 1.0], "scale": 0.979, "type": "scraggly_tree"}
{"ctxid": 0, "pos": [459.213, -112.546, 46.686], "rotationMatrix": [0.690494, 0.723338, 0.0, -0.723338, 0.690494, 0.0, 0.0, 0.0, 1.0], "scale": 0.916, "type": "scraggly_tree"}
{"ctxid": 0, "pos": [495.05, -137.383, 46.686], "rotationMatrix": [-0.992141, 0.125127, 0.0, -0.125127, -0.992141, 0.0, 0.0, 0.0, 1.0], "scale": 1.15, "type": "scraggly_tree"}
{"ctxid": 0, "pos": [483.076, -130.444, 46.686], "rotationMatrix": [-0.978554, -0.205991, 0.0, 0.205991, -0.978554, 0.0, 0.0, 0.0, 1.0], "scale": 0.799, "type": "scraggly_tree"}
{"ctxid": 0, "pos": [467.797, -113.746, 47.215], "rotationMatrix": [-0.412872, 0.910789, 0.0, -0.910789, -0.412872, 0.0, 0.0, 0.0, 1.0], "scale": 0.858, "type": "scraggly_tree"}
{"ctxid": 0, "pos": [479.96, -106.327, 48.263], "rotationMatrix": [0.630457, 0.776224, 0.0, -0.776224, 0.630457, 0.0, 0.0, 0.0, 1.0], "scale": 0.932, "type": "scraggly_tree"}
{"ctxid": 0, "pos": [475.633, -97.45, 48.744], "rotationMatrix": [-0.751073, 0.66022, 0.0, -0.66022, -0.751073, 0.0, 0.0, 0.0, 1.0], "scale": 1.259, "type": "scraggly_tree"}
{"ctxid": 0, "pos": [499.701, -107.715, 49.217], "rotationMatrix": [-0.678185, 0.734892, 0.0, -0.734892, -0.678185, 0.0, 0.0, 0.0, 1.0], "scale": 1.131, "type": "scraggly_tree"}
{"ctxid": 0, "pos": [477.897, -86.698, 49.683], "rotationMatrix": [0.434554, 0.900646, 0.0, -0.900646, 0.434554, 0.0, 0.0, 0.0, 1.0], "scale": 1.501, "type": "scraggly_tree"}
{"ctxid": 0, "pos": [491.935, -85.203, 50.559], "rotationMatrix": [-0.366414, 0.930452, 0.0, -0.930452, -0.366414, 0.0, 0.0, 0.0, 1.0], "scale": 1.318, "type": "scraggly_tree"}
{"ctxid": 0, "pos": [487.611, -71.853, 51.422], "rotationMatrix": [0.969299, 0.245883, 0.0, -0.245883, 0.969299, 0.0, 0.0, 0.0, 1.0], "scale": 1.286, "type": "scraggly_tree"}
{"ctxid": 0, "pos": [485.995, -72.453, 51.422], "rotationMatrix": [0.178383, 0.983961, 0.0, -0.983961, 0.178383, 0.0, 0.0, 0.0, 1.0], "scale": 0.901, "type": "scraggly_tree"}
{"ctxid": 0, "pos": [492.208, -66.617, 52.28], "rotationMatrix": [0.473801, 0.880632, 0.0, -0.880632, 0.473801, 0.0, 0.0, 0.0, 1.0], "scale": 0.922, "type": "scraggly_tree"}
{"ctxid": 0, "pos": [528.141, -77.339, 52.28], "rotationMatrix": [-0.443226, -0.89641, 0.0, 0.89641, -0.443226, 0.0, 0.0, 0.0, 1.0], "scale": 1.253, "type": "scraggly_tree"}
{"ctxid": 0, "pos": [499.257, -58.324, 53.139], "rotationMatrix": [-0.121111, -0.992639, 0.0, 0.992639, -0.121111, 0.0, 0.0, 0.0, 1.0], "scale": 1.474, "type": "scraggly_tree"}
{"ctxid": 0, "pos": [530.954, -56.793, 53.992], "rotationMatrix": [0.954546, -0.298064, 0.0, 0.298064, 0.954546, 0.0, 0.0, 0.0, 1.0], "scale": 1.422, "type": "scraggly_tree"}
{"ctxid": 0, "pos": [493.746, -42.463, 54.849], "rotationMatrix": [-0.421101, 0.907014, 0.0, -0.907014, -0.421101, 0.0, 0.0, 0.0, 1.0], "scale": 1.298, "type": "scraggly_tree"}
{"ctxid": 0, "pos": [527.667, -43.984, 54.849], "rotationMatrix": [-0.958534, -0.28498, 0.0, 0.28498, -0.958534, 0.0, 0.0, 0.0, 1.0], "scale": 1.459, "type": "scraggly_tree"}
{"ctxid": 0, "pos": [529.842, -41.876, 55.318], "rotationMatrix": [-0.958386, 0.285474, 0.0, -0.285474, -0.958386, 0.0, 0.0, 0.0, 1.0], "scale": 1.365, "type": "scraggly_tree"}
{"ctxid": 0, "pos": [524.746, -39.504, 55.318], "rotationMatrix": [-0.915884, -0.401443, 0.0, 0.401443, -0.915884, 0.0, 0.0, 0.0, 1.0], "scale": 1.616, "type": "scraggly_tree"}
{"ctxid": 0, "pos": [507.444, -32.605, 55.794], "rotationMatrix": [0.557785, -0.829986, 0.0, 0.829986, 0.557785, 0.0, 0.0, 0.0, 1.0], "scale": 1.602, "type": "scraggly_tree"}
{"ctxid": 0, "pos": [528.301, -34.211, 55.794], "rotationMatrix": [-0.009893, -0.999951, 0.0, 0.999951, -0.009893, 0.0, 0.0, 0.0, 1.0], "scale": 1.289, "type": "scraggly_tree"}
{"ctxid": 0, "pos": [525.2, -29.864, 56.275], "rotationMatrix": [0.265655, 0.964068, 0.0, -0.964068, 0.265655, 0.0, 0.0, 0.0, 1.0], "scale": 1.507, "type": "scraggly_tree"}
{"ctxid": 0, "pos": [534.001, -23.536, 56.772], "rotationMatrix": [0.635206, -0.772343, 0.0, 0.772343, 0.635206, 0.0, 0.0, 0.0, 1.0], "scale": 1.209, "type": "scraggly_tree"}
{"ctxid": 0, "pos": [529.165, -24.349, 56.772], "rotationMatrix": [-0.611469, 0.791269, 0.0, -0.791269, -0.611469, 0.0, 0.0, 0.0, 1.0], "scale": 0.89, "type": "scraggly_tree"}
{"ctxid": 0, "pos": [511.785, -16.858, 57.323], "rotationMatrix": [0.770939, 0.636909, 0.0, -0.636909, 0.770939, 0.0, 0.0, 0.0, 1.0], "scale": 1.055, "type": "scraggly_tree"}
{"ctxid": 0, "pos": [536.052, -19.093, 57.273], "rotationMatrix": [-0.188283, 0.982115, 0.0, -0.982115, -0.188283, 0.0, 0.0, 0.0, 1.0], "scale": 1.351, "type": "scraggly_tree"}
{"ctxid": 0, "pos": [538.968, -12.153, 57.772], "rotationMatrix": [-0.224143, 0.974556, 0.0, -0.974556, -0.224143, 0.0, 0.0, 0.0, 1.0], "scale": 0.98, "type": "scraggly_tree"}
{"ctxid": 0, "pos": [527.564, -6.826, 58.266], "rotationMatrix": [0.657016, 0.753876, 0.0, -0.753876, 0.657016, 0.0, 0.0, 0.0, 1.0], "scale": 0.743, "type": "scraggly_tree"}
{"ctxid": 0, "pos": [535.754, -1.615, 58.758], "rotationMatrix": [0.939326, 0.343026, 0.0, -0.343026, 0.939326, 0.0, 0.0, 0.0, 1.0], "scale": 1.119, "type": "scraggly_tree"}
{"ctxid": 0, "pos": [512.908, 5.937, 59.249], "rotationMatrix": [-0.418833, 0.908063, 0.0, -0.908063, -0.418833, 0.0, 0.0, 0.0, 1.0], "scale": 1.23, "type": "scraggly_tree"}
{"ctxid": 0, "pos": [501.745, 11.594, 59.734], "rotationMatrix": [0.763837, -0.645409, 0.0, 0.645409, 0.763837, 0.0, 0.0, 0.0, 1.0], "scale": 0.817, "type": "scraggly_tree"}
{"ctxid": 0, "pos": [509.263, 9.379, 59.734], "rotationMatrix": [-0.997223, 0.074473, 0.0, -0.074473, -0.997223, 0.0, 0.0, 0.0, 1.0], "scale": 1.04, "type": "scraggly_tree"}
{"ctxid": 0, "pos": [527.559, 9.539, 59.734], "rotationMatrix": [0.032065, -0.999486, 0.0, 0.999486, 0.032065, 0.0, 0.0, 0.0, 1.0], "scale": 1.391, "type": "scraggly_tree"}
{"ctxid": 0, "pos": [539.132, 19.103, 60.704], "rotationMatrix": [0.671737, -0.74079, 0.0, 0.74079, 0.671737, 0.0, 0.0, 0.0, 1.0], "scale": 1.016, "type": "scraggly_tree"}
{"ctxid": 0, "pos": [529.99, 24.889, 61.189], "rotationMatrix": [-0.378262, -0.925699, 0.0, 0.925699, -0.378262, 0.0, 0.0, 0.0, 1.0], "scale": 1.01, "type": "scraggly_tree"}
{"ctxid": 0, "pos": [532.14, 31.617, 61.674], "rotationMatrix": [0.605847, -0.795581, 0.0, 0.795581, 0.605847, 0.0, 0.0, 0.0, 1.0], "scale": 0.89, "type": "scraggly_tree"}
{"ctxid": 0, "pos": [508.975, 38.169, 62.159], "rotationMatrix": [0.963625, 0.267258, 0.0, -0.267258, 0.963625, 0.0, 0.0, 0.0, 1.0], "scale": 1.208, "type": "scraggly_tree"}
{"ctxid": 0, "pos": [509.871, 43.597, 62.644], "rotationMatrix": [0.983874, -0.178864, 0.0, 0.178864, 0.983874, 0.0, 0.0, 0.0, 1.0], "scale": 0.997, "type": "scraggly_tree"}
{"ctxid": 0, "pos": [507.225, 44.699, 62.644], "rotationMatrix": [0.47268, 0.881234, 0.0, -0.881234, 0.47268, 0.0, 0.0, 0.0, 1.0], "scale": 1.014, "type": "scraggly_tree"}
{"ctxid": 0, "pos": [543.363, 40.08, 62.644], "rotationMatrix": [0.643103, -0.76578, 0.0, 0.76578, 0.643103, 0.0, 0.0, 0.0, 1.0], "scale": 0.993, "type": "scraggly_tree"}
{"ctxid": 0, "pos": [530.748, 48.112, 63.13], "rotationMatrix": [-0.446852, -0.894608, 0.0, 0.894608, -0.446852, 0.0, 0.0, 0.0, 1.0], "scale": 0.864, "type": "scraggly_tree"}
{"ctxid": 0, "pos": [507.183, 58.148, 64.1], "rotationMatrix": [-0.068748, 0.997634, 0.0, -0.997634, -0.068748, 0.0, 0.0, 0.0, 1.0], "scale": 1.187, "type": "scraggly_tree"}
{"ctxid": 0, "pos": [542.851, 61.767, 64.585], "rotationMatrix": [0.455899, 0.890031, 0.0, -0.890031, 0.455899, 0.0, 0.0, 0.0, 1.0], "scale": 1.132, "type": "scraggly_tree"}
{"ctxid": 0, "pos": [537.065, 68.9, 65.07], "rotationMatrix": [-0.987308, 0.15882, 0.0, -0.15882, -0.987308, 0.0, 0.0, 0.0, 1.0], "scale": 1.251, "type": "scraggly_tree"}
{"ctxid": 0, "pos": [504.626, 75.751, 65.555], "rotationMatrix": [0.826271, 0.563273, 0.0, -0.563273, 0.826271, 0.0, 0.0, 0.0, 1.0], "scale": 1.599, "type": "scraggly_tree"}
{"ctxid": 0, "pos": [541.58, 73.14, 65.555], "rotationMatrix": [-0.997255, 0.074042, 0.0, -0.074042, -0.997255, 0.0, 0.0, 0.0, 1.0], "scale": 1.283, "type": "scraggly_tree"}
{"ctxid": 0, "pos": [515.852, 80.694, 66.04], "rotationMatrix": [-0.678768, 0.734353, 0.0, -0.734353, -0.678768, 0.0, 0.0, 0.0, 1.0], "scale": 1.281, "type": "scraggly_tree"}
{"ctxid": 0, "pos": [541.216, 79.188, 66.04], "rotationMatrix": [0.884376, -0.466774, 0.0, 0.466774, 0.884376, 0.0, 0.0, 0.0, 1.0], "scale": 0.885, "type": "scraggly_tree"}
{"ctxid": 0, "pos": [537.044, 79.102, 66.04], "rotationMatrix": [0.310874, 0.950451, 0.0, -0.950451, 0.310874, 0.0, 0.0, 0.0, 1.0], "scale": 1.252, "type": "scraggly_tree"}
{"ctxid": 0, "pos": [546.118, 78.252, 66.04], "rotationMatrix": [-0.711971, -0.702209, 0.0, 0.702209, -0.711971, 0.0, 0.0, 0.0, 1.0], "scale": 1.196, "type": "scraggly_tree"}
{"ctxid": 0, "pos": [508.43, 86.483, 66.576], "rotationMatrix": [0.416723, 0.909034, 0.0, -0.909034, 0.416723, 0.0, 0.0, 0.0, 1.0], "scale": 0.702, "type": "scraggly_tree"}
{"ctxid": 0, "pos": [502.758, 85.267, 66.526], "rotationMatrix": [-0.925277, -0.379293, 0.0, 0.379293, -0.925277, 0.0, 0.0, 0.0, 1.0], "scale": 1.48, "type": "scraggly_tree"}
{"ctxid": 0, "pos": [545.938, 82.469, 66.526], "rotationMatrix": [0.548826, -0.835937, 0.0, 0.835937, 0.548826, 0.0, 0.0, 0.0, 1.0], "scale": 1.069, "type": "scraggly_tree"}
{"ctxid": 0, "pos": [516.904, 90.92, 67.064], "rotationMatrix": [-0.753183, 0.657811, 0.0, -0.657811, -0.753183, 0.0, 0.0, 0.0, 1.0], "scale": 0.874, "type": "scraggly_tree"}
{"ctxid": 0, "pos": [513.896, 91.636, 67.014], "rotationMatrix": [-0.869171, -0.494512, 0.0, 0.494512, -0.869171, 0.0, 0.0, 0.0, 1.0], "scale": 0.877, "type": "scraggly_tree"}
{"ctxid": 0, "pos": [511.37, 91.156, 67.014], "rotationMatrix": [-0.218218, 0.9759, 0.0, -0.9759, -0.218218, 0.0, 0.0, 0.0, 1.0], "scale": 0.955, "type": "scraggly_tree"}
{"ctxid": 0, "pos": [513.663, 89.625, 67.014], "rotationMatrix": [0.183502, 0.983019, 0.0, -0.983019, 0.183502, 0.0, 0.0, 0.0, 1.0], "scale": 1.245, "type": "scraggly_tree"}
{"ctxid": 0, "pos": [536.268, 88.503, 67.014], "rotationMatrix": [0.393816, 0.919189, 0.0, -0.919189, 0.393816, 0.0, 0.0, 0.0, 1.0], "scale": 0.824, "type": "scraggly_tree"}
{"ctxid": 0, "pos": [517.906, 96.694, 67.552], "rotationMatrix": [0.887743, -0.460339, 0.0, 0.460339, 0.887743, 0.0, 0.0, 0.0, 1.0], "scale": 1.156, "type": "scraggly_tree"}
{"ctxid": 0, "pos": [507.107, 97.443, 67.502], "rotationMatrix": [0.106321, -0.994332, 0.0, 0.994332, 0.106321, 0.0, 0.0, 0.0, 1.0], "scale": 1.086, "type": "scraggly_tree"}
{"ctxid": 0, "pos": [536.813, 95.911, 67.502], "rotationMatrix": [0.377675, -0.925938, 0.0, 0.925938, 0.377675, 0.0, 0.0, 0.0, 1.0], "scale": 1.157, "type": "scraggly_tree"}
{"ctxid": 0, "pos": [518.621, 101.591, 67.991], "rotationMatrix": [-0.971666, 0.23636, 0.0, -0.23636, -0.971666, 0.0, 0.0, 0.0, 1.0], "scale": 1.323, "type": "scraggly_tree"}
{"ctxid": 0, "pos": [536.032, 106.126, 68.483], "rotationMatrix": [0.501371, 0.865232, 0.0, -0.865232, 0.501371, 0.0, 0.0, 0.0, 1.0], "scale": 1.08, "type": "scraggly_tree"}
{"ctxid": 0, "pos": [540.354, 107.623, 68.483], "rotationMatrix": [-0.720821, -0.693122, 0.0, 0.693122, -0.720821, 0.0, 0.0, 0.0, 1.0], "scale": 1.248, "type": "scraggly_tree"}
{"ctxid": 0, "pos": [543.316, 106.427, 68.483], "rotationMatrix": [0.833537, -0.552463, 0.0, 0.552463, 0.833537, 0.0, 0.0, 0.0, 1.0], "scale": 1.293, "type": "scraggly_tree"}
{"ctxid": 0, "pos": [540.292, 112.632, 69.025], "rotationMatrix": [0.503513, -0.863988, 0.0, 0.863988, 0.503513, 0.0, 0.0, 0.0, 1.0], "scale": 0.787, "type": "scraggly_tree"}
{"ctxid": 0, "pos": [506.365, 113.466, 68.975], "rotationMatrix": [0.526822, 0.849976, 0.0, -0.849976, 0.526822, 0.0, 0.0, 0.0, 1.0], "scale": 1.233, "type": "scraggly_tree"}
{"ctxid": 0, "pos": [538.287, 111.996, 68.975], "rotationMatrix": [-0.205103, -0.97874, 0.0, 0.97874, -0.205103, 0.0, 0.0, 0.0, 1.0], "scale": 1.092, "type": "scraggly_tree"}
{"ctxid": 0, "pos": [511.905, 117.752, 69.468], "rotationMatrix": [-0.78473, 0.619838, 0.0, -0.619838, -0.78473, 0.0, 0.0, 0.0, 1.0], "scale": 1.22, "type": "scraggly_tree"}
{"ctxid": 0, "pos": [505.033, 117.929, 69.468], "rotationMatrix": [-0.689623, -0.724169, 0.0, 0.724169, -0.689623, 0.0, 0.0, 0.0, 1.0], "scale": 1.442, "type": "scraggly_tree"}
{"ctxid": 0, "pos": [546.001, 123.154, 69.962], "rotationMatrix": [0.543385, 0.839484, 0.0, -0.839484, 0.543385, 0.0, 0.0, 0.0, 1.0], "scale": 0.931, "type": "scraggly_tree"}
{"ctxid": 0, "pos": [518.55, 128.227, 70.508], "rotationMatrix": [0.882363, -0.470569, 0.0, 0.470569, 0.882363, 0.0, 0.0, 0.0, 1.0], "scale": 0.694, "type": "scraggly_tree"}
{"ctxid": 0, "pos": [511.191, 127.722, 70.458], "rotationMatrix": [-0.610161, -0.792277, 0.0, 0.792277, -0.610161, 0.0, 0.0, 0.0, 1.0], "scale": 1.465, "type": "scraggly_tree"}
{"ctxid": 0, "pos": [506.602, 132.081, 71.003], "rotationMatrix": [0.577541, -0.816362, 0.0, 0.816362, 0.577541, 0.0, 0.0, 0.0, 1.0], "scale": 1.171, "type": "scraggly_tree"}
{"ctxid": 0, "pos": [514.67, 144.299, 72.003], "rotationMatrix": [-0.102257, 0.994758, 0.0, -0.994758, -0.102257, 0.0, 0.0, 0.0, 1.0], "scale": 0.754, "type": "scraggly_tree"}
{"ctxid": 0, "pos": [509.102, 148.487, 72.505], "rotationMatrix": [-0.676578, -0.736371, 0.0, 0.736371, -0.676578, 0.0, 0.0, 0.0, 1.0], "scale": 1.031, "type": "scraggly_tree"}
{"ctxid": 0, "pos": [539.792, 153.024, 72.455], "rotationMatrix": [0.90363, -0.428314, 0.0, 0.428314, 0.90363, 0.0, 0.0, 0.0, 1.0], "scale": 1.371, "type": "scraggly_tree"}
{"ctxid": 0, "pos": [505.954, 154.388, 72.966], "rotationMatrix": [0.929739, 0.368218, 0.0, -0.368218, 0.929739, 0.0, 0.0, 0.0, 1.0], "scale": 1.277, "type": "scraggly_tree"}
{"ctxid": 0, "pos": [537.436, 159.376, 72.966], "rotationMatrix": [-0.641952, -0.766745, 0.0, 0.766745, -0.641952, 0.0, 0.0, 0.0, 1.0], "scale": 1.538, "type": "scraggly_tree"}
{"ctxid": 0, "pos": [511.996, 159.425, 73.478], "rotationMatrix": [0.676565, -0.736382, 0.0, 0.736382, 0.676565, 0.0, 0.0, 0.0, 1.0], "scale": 1.321, "type": "scraggly_tree"}
{"ctxid": 0, "pos": [505.24, 164.628, 73.981], "rotationMatrix": [-0.633575, -0.773681, 0.0, 0.773681, -0.633575, 0.0, 0.0, 0.0, 1.0], "scale": 0.751, "type": "scraggly_tree"}
{"ctxid": 0, "pos": [535.154, 172.26, 73.981], "rotationMatrix": [0.896438, 0.44317, 0.0, -0.44317, 0.896438, 0.0, 0.0, 0.0, 1.0], "scale": 0.772, "type": "scraggly_tree"}
{"ctxid": 0, "pos": [502.997, 168.114, 74.51], "rotationMatrix": [-0.742991, 0.669301, 0.0, -0.669301, -0.742991, 0.0, 0.0, 0.0, 1.0], "scale": 1.259, "type": "scraggly_tree"}
{"ctxid": 0, "pos": [499.959, 166.038, 74.46], "rotationMatrix": [0.99489, 0.100964, 0.0, -0.100964, 0.99489, 0.0, 0.0, 0.0, 1.0], "scale": 1.194, "type": "scraggly_tree"}
{"ctxid": 0, "pos": [524.449, 173.862, 74.46], "rotationMatrix": [0.86326, -0.504759, 0.0, 0.504759, 0.86326, 0.0, 0.0, 0.0, 1.0], "scale": 1.02, "type": "scraggly_tree"}
{"ctxid": 0, "pos": [522.439, 179.858, 74.932], "rotationMatrix": [-0.997892, -0.064891, 0.0, 0.064891, -0.997892, 0.0, 0.0, 0.0, 1.0], "scale": 1.293, "type": "scraggly_tree"}
{"ctxid": 0, "pos": [495.344, 172.856, 75.386], "rotationMatrix": [0.979478, 0.201551, 0.0, -0.201551, 0.979478, 0.0, 0.0, 0.0, 1.0], "scale": 1.167, "type": "scraggly_tree"}
{"ctxid": 0, "pos": [526.407, 189.152, 75.386], "rotationMatrix": [-0.759847, 0.650102, 0.0, -0.650102, -0.759847, 0.0, 0.0, 0.0, 1.0], "scale": 1.57, "type": "scraggly_tree"}
{"ctxid": 0, "pos": [519.635, 198.865, 76.191], "rotationMatrix": [-0.980596, 0.196042, 0.0, -0.196042, -0.980596, 0.0, 0.0, 0.0, 1.0], "scale": 1.286, "type": "scraggly_tree"}
{"ctxid": 0, "pos": [520.988, 199.581, 76.191], "rotationMatrix": [0.939678, -0.342061, 0.0, 0.342061, 0.939678, 0.0, 0.0, 0.0, 1.0], "scale": 1.519, "type": "scraggly_tree"}
{"ctxid": 0, "pos": [506.36, 199.744, 76.929], "rotationMatrix": [0.223581, -0.974685, 0.0, 0.974685, 0.223581, 0.0, 0.0, 0.0, 1.0], "scale": 0.698, "type": "scraggly_tree"}
{"ctxid": 0, "pos": [494.808, 189.32, 76.879], "rotationMatrix": [0.987565, -0.15721, 0.0, 0.15721, 0.987565, 0.0, 0.0, 0.0, 1.0], "scale": 1.288, "type": "scraggly_tree"}
{"ctxid": 0, "pos": [493.648, 192.543, 77.496], "rotationMatrix": [-0.461958, 0.886902, 0.0, -0.886902, -0.461958, 0.0, 0.0, 0.0, 1.0], "scale": 0.685, "type": "scraggly_tree"}
{"ctxid": 0, "pos": [504.419, 215.016, 77.446], "rotationMatrix": [-0.71154, 0.702645, 0.0, -0.702645, -0.71154, 0.0, 0.0, 0.0, 1.0], "scale": 1.438, "type": "scraggly_tree"}
{"ctxid": 0, "pos": [494.153, 183.124, 77.965], "rotationMatrix": [0.949787, -0.312898, 0.0, 0.312898, 0.949787, 0.0, 0.0, 0.0, 1.0], "scale": 0.905, "type": "scraggly_tree"}
{"ctxid": 0, "pos": [489.212, 210.86, 77.915], "rotationMatrix": [0.305612, 0.952156, 0.0, -0.952156, 0.305612, 0.0, 0.0, 0.0, 1.0], "scale": 0.885, "type": "scraggly_tree"}
{"ctxid": 0, "pos": [498.772, 179.693, 78.468], "rotationMatrix": [0.93428, -0.356541, 0.0, 0.356541, 0.93428, 0.0, 0.0, 0.0, 1.0], "scale": 1.087, "type": "scraggly_tree"}
{"ctxid": 0, "pos": [474.859, 209.151, 78.468], "rotationMatrix": [-0.172584, 0.984995, 0.0, -0.984995, -0.172584, 0.0, 0.0, 0.0, 1.0], "scale": 1.049, "type": "scraggly_tree"}
{"ctxid": 0, "pos": [486.426, 184.926, 79.232], "rotationMatrix": [0.581928, -0.81324, 0.0, 0.81324, 0.581928, 0.0, 0.0, 0.0, 1.0], "scale": 0.859, "type": "scraggly_tree"}
{"ctxid": 0, "pos": [499.08, 176.102, 79.182], "rotationMatrix": [0.996173, -0.0874, 0.0, 0.0874, 0.996173, 0.0, 0.0, 0.0, 1.0], "scale": 1.17, "type": "scraggly_tree"}
{"ctxid": 0, "pos": [458.034, 190.465, 80.062], "rotationMatrix": [0.461477, -0.887152, 0.0, 0.887152, 0.461477, 0.0, 0.0, 0.0, 1.0], "scale": 1.467, "type": "scraggly_tree"}
{"ctxid": 0, "pos": [479.489, 173.549, 80.573], "rotationMatrix": [-0.201795, 0.979428, 0.0, -0.979428, -0.201795, 0.0, 0.0, 0.0, 1.0], "scale": 0.73, "type": "scraggly_tree"}
{"ctxid": 0, "pos": [486.323, 163.975, 81.012], "rotationMatrix": [0.988833, -0.149027, 0.0, 0.149027, 0.988833, 0.0, 0.0, 0.0, 1.0], "scale": 1.114, "type": "scraggly_tree"}
{"ctxid": 0, "pos": [480.533, 159.97, 81.511], "rotationMatrix": [-0.712832, 0.701334, 0.0, -0.701334, -0.712832, 0.0, 0.0, 0.0, 1.0], "scale": 0.838, "type": "scraggly_tree"}
{"ctxid": 0, "pos": [453.591, 173.17, 81.511], "rotationMatrix": [-0.168419, 0.985715, 0.0, -0.985715, -0.168419, 0.0, 0.0, 0.0, 1.0], "scale": 0.99, "type": "scraggly_tree"}
{"ctxid": 0, "pos": [455.864, 167.483, 82.013], "rotationMatrix": [0.381741, 0.924269, 0.0, -0.924269, 0.381741, 0.0, 0.0, 0.0, 1.0], "scale": 0.903, "type": "scraggly_tree"}
{"ctxid": 0, "pos": [470.921, 152.751, 82.583], "rotationMatrix": [-0.692474, 0.721442, 0.0, -0.721442, -0.692474, 0.0, 0.0, 0.0, 1.0], "scale": 0.679, "type": "scraggly_tree"}
{"ctxid": 0, "pos": [480.037, 147.792, 82.533], "rotationMatrix": [0.999999, 0.001256, 0.0, -0.001256, 0.999999, 0.0, 0.0, 0.0, 1.0], "scale": 1.381, "type": "scraggly_tree"}
{"ctxid": 0, "pos": [456.309, 153.91, 83.106], "rotationMatrix": [-0.911402, -0.411517, 0.0, 0.411517, -0.911402, 0.0, 0.0, 0.0, 1.0], "scale": 1.066, "type": "scraggly_tree"}
{"ctxid": 0, "pos": [454.67, 154.523, 83.106], "rotationMatrix": [-0.934603, 0.355693, 0.0, -0.355693, -0.934603, 0.0, 0.0, 0.0, 1.0], "scale": 1.011, "type": "scraggly_tree"}
{"ctxid": 0, "pos": [452.693, 149.358, 83.622], "rotationMatrix": [-0.490966, 0.871179, 0.0, -0.871179, -0.490966, 0.0, 0.0, 0.0, 1.0], "scale": 0.837, "type": "scraggly_tree"}
{"ctxid": 0, "pos": [464.426, 142.877, 83.622], "rotationMatrix": [-0.999289, 0.037714, 0.0, -0.037714, -0.999289, 0.0, 0.0, 0.0, 1.0], "scale": 0.636, "type": "scraggly_tree"}
{"ctxid": 0, "pos": [470.682, 138.272, 83.572], "rotationMatrix": [0.380632, -0.924727, 0.0, 0.924727, 0.380632, 0.0, 0.0, 0.0, 1.0], "scale": 0.806, "type": "scraggly_tree"}
{"ctxid": 0, "pos": [450.673, 149.993, 83.572], "rotationMatrix": [-0.83354, 0.552459, 0.0, -0.552459, -0.83354, 0.0, 0.0, 0.0, 1.0], "scale": 1.258, "type": "scraggly_tree"}
{"ctxid": 0, "pos": [462.2, 136.795, 84.114], "rotationMatrix": [0.071316, -0.997454, 0.0, 0.997454, 0.071316, 0.0, 0.0, 0.0, 1.0], "scale": 0.704, "type": "scraggly_tree"}
{"ctxid": 0, "pos": [462.672, 135.538, 84.064], "rotationMatrix": [0.76245, -0.647047, 0.0, 0.647047, 0.76245, 0.0, 0.0, 0.0, 1.0], "scale": 1.206, "type": "scraggly_tree"}
{"ctxid": 0, "pos": [444.219, 137.433, 85.083], "rotationMatrix": [0.844811, 0.535064, 0.0, -0.535064, 0.844811, 0.0, 0.0, 0.0, 1.0], "scale": 0.633, "type": "scraggly_tree"}
{"ctxid": 0, "pos": [440.329, 140.783, 85.083], "rotationMatrix": [0.279228, -0.960225, 0.0, 0.960225, 0.279228, 0.0, 0.0, 0.0, 1.0], "scale": 0.759, "type": "scraggly_tree"}
{"ctxid": 0, "pos": [439.766, 135.069, 85.553], "rotationMatrix": [0.995408, 0.095727, 0.0, -0.095727, 0.995408, 0.0, 0.0, 0.0, 1.0], "scale": 1.057, "type": "scraggly_tree"}
{"ctxid": 0, "pos": [456.315, 118.37, 85.503], "rotationMatrix": [0.997707, 0.067686, 0.0, -0.067686, 0.997707, 0.0, 0.0, 0.0, 1.0], "scale": 1.267, "type": "scraggly_tree"}
{"ctxid": 0, "pos": [449.018, 119.811, 85.972], "rotationMatrix": [-0.316629, -0.948549, 0.0, 0.948549, -0.316629, 0.0, 0.0, 0.0, 1.0], "scale": 1.439, "type": "scraggly_tree"}
{"ctxid": 0, "pos": [440.238, 117.93, 86.488], "rotationMatrix": [0.71137, -0.702818, 0.0, 0.702818, 0.71137, 0.0, 0.0, 0.0, 1.0], "scale": 0.817, "type": "scraggly_tree"}
{"ctxid": 0, "pos": [427.039, 135.923, 86.488], "rotationMatrix": [0.507823, -0.861462, 0.0, 0.861462, 0.507823, 0.0, 0.0, 0.0, 1.0], "scale": 0.789, "type": "scraggly_tree"}
{"ctxid": 0, "pos": [447.975, 107.703, 86.438], "rotationMatrix": [0.999733, -0.023108, 0.0, 0.023108, 0.999733, 0.0, 0.0, 0.0, 1.0], "scale": 1.209, "type": "scraggly_tree"}
{"ctxid": 0, "pos": [422.988, 124.737, 87.364], "rotationMatrix": [-0.038918, -0.999242, 0.0, 0.999242, -0.038918, 0.0, 0.0, 0.0, 1.0], "scale": 1.037, "type": "scraggly_tree"}
{"ctxid": 0, "pos": [416.601, 133.745, 87.364], "rotationMatrix": [0.943156, -0.332351, 0.0, 0.332351, 0.943156, 0.0, 0.0, 0.0, 1.0], "scale": 1.442, "type": "scraggly_tree"}
{"ctxid": 0, "pos": [423.806, 104.227, 88.28], "rotationMatrix": [0.922679, 0.38557, 0.0, -0.38557, 0.922679, 0.0, 0.0, 0.0, 1.0], "scale": 1.364, "type": "scraggly_tree"}
{"ctxid": 0, "pos": [424.252, 103.56, 88.28], "rotationMatrix": [-0.438535, -0.898714, 0.0, 0.898714, -0.438535, 0.0, 0.0, 0.0, 1.0], "scale": 1.408, "type": "scraggly_tree"}
{"ctxid": 0, "pos": [420.056, 100.038, 88.733], "rotationMatrix": [-0.585028, 0.811013, 0.0, -0.811013, -0.585028, 0.0, 0.0, 0.0, 1.0], "scale": 1.349, "type": "scraggly_tree"}
{"ctxid": 0, "pos": [419.098, 102.539, 88.733], "rotationMatrix": [-0.646872, 0.762599, 0.0, -0.762599, -0.646872, 0.0, 0.0, 0.0, 1.0], "scale": 1.311, "type": "scraggly_tree"}
{"ctxid": 0, "pos": [416.531, 97.74, 89.188], "rotationMatrix": [0.813941, -0.580948, 0.0, 0.580948, 0.813941, 0.0, 0.0, 0.0, 1.0], "scale": 1.559, "type": "scraggly_tree"}
{"ctxid": 0, "pos": [397.83, 120.483, 89.653], "rotationMatrix": [0.996002, -0.089328, 0.0, 0.089328, 0.996002, 0.0, 0.0, 0.0, 1.0], "scale": 1.026, "type": "scraggly_tree"}
{"ctxid": 0, "pos": [397.118, 109.63, 90.171], "rotationMatrix": [0.844359, 0.535777, 0.0, -0.535777, 0.844359, 0.0, 0.0, 0.0, 1.0], "scale": 0.88, "type": "scraggly_tree"}
{"ctxid": 0, "pos": [400.79, 88.606, 90.591], "rotationMatrix": [0.980258, 0.197725, 0.0, -0.197725, 0.980258, 0.0, 0.0, 0.0, 1.0], "scale": 0.983, "type": "scraggly_tree"}
{"ctxid": 0, "pos": [386.897, 121.859, 90.591], "rotationMatrix": [0.988046, -0.154157, 0.0, 0.154157, 0.988046, 0.0, 0.0, 0.0, 1.0], "scale": 1.004, "type": "scraggly_tree"}
{"ctxid": 0, "pos": [388.562, 105.348, 91.121], "rotationMatrix": [0.284101, -0.958794, 0.0, 0.958794, 0.284101, 0.0, 0.0, 0.0, 1.0], "scale": 0.722, "type": "scraggly_tree"}
{"ctxid": 0, "pos": [385.989, 113.777, 91.071], "rotationMatrix": [0.773576, 0.633703, 0.0, -0.633703, 0.773576, 0.0, 0.0, 0.0, 1.0], "scale": 1.109, "type": "scraggly_tree"}
{"ctxid": 0, "pos": [385.82, 110.407, 91.071], "rotationMatrix": [0.193168, 0.981166, 0.0, -0.981166, 0.193168, 0.0, 0.0, 0.0, 1.0], "scale": 1.34, "type": "scraggly_tree"}
{"ctxid": 0, "pos": [28.274, 283.134, 124.363], "rotationMatrix": [-0.070658, -0.997501, 0.0, 0.997501, -0.070658, 0.0, 0.0, 0.0, 1.0], "scale": 0.693, "type": "scraggly_tree"}
{"ctxid": 0, "pos": [29.492, 283.608, 124.363], "rotationMatrix": [0.455033, -0.890474, 0.0, 0.890474, 0.455033, 0.0, 0.0, 0.0, 1.0], "scale": 0.802, "type": "scraggly_tree"}
{"ctxid": 0, "pos": [27.894, 283.277, 124.313], "rotationMatrix": [0.999734, 0.023066, 0.0, -0.023066, 0.999734, 0.0, 0.0, 0.0, 1.0], "scale": 1.458, "type": "scraggly_tree"}
{"ctxid": 0, "pos": [-1036.017, 1217.068, 267.162], "rotationMatrix": [-0.815457, -0.578818, 0.0, 0.578818, -0.815457, 0.0, 0.0, 0.0, 1.0], "scale": 1.328, "type": "scraggly_tree"}
{"ctxid": 0, "pos": [-1040.792, 1213.694, 267.162], "rotationMatrix": [-0.986117, 0.166049, 0.0, -0.166049, -0.986117, 0.0, 0.0, 0.0, 1.0], "scale": 1.134, "type": "scraggly_tree"}
{"ctxid": 0, "pos": [-1085.574, 1245.798, 271.745], "rotationMatrix": [0.85164, 0.524128, 0.0, -0.524128, 0.85164, 0.0, 0.0, 0.0, 1.0], "scale": 1.244, "type": "scraggly_tree"}
{"ctxid": 0, "pos": [-1168.977, 1407.171, 299.931], "rotationMatrix": [0.32938, -0.944197, 0.0, 0.944197, 0.32938, 0.0, 0.0, 0.0, 1.0], "scale": 1.469, "type": "scraggly_tree"}
{"ctxid": 0, "pos": [-1241.214, 1364.338, 307.117], "rotationMatrix": [0.525841, 0.850583, 0.0, -0.850583, 0.525841, 0.0, 0.0, 0.0, 1.0], "scale": 0.99, "type": "scraggly_tree"}
{"ctxid": 0, "pos": [-1235.777, 1347.321, 307.117], "rotationMatrix": [-0.864662, -0.502354, 0.0, 0.502354, -0.864662, 0.0, 0.0, 0.0, 1.0], "scale": 1.208, "type": "scraggly_tree"}
{"ctxid": 0, "pos": [-1273.595, 1370.289, 310.515], "rotationMatrix": [0.897774, 0.440456, 0.0, -0.440456, 0.897774, 0.0, 0.0, 0.0, 1.0], "scale": 0.974, "type": "scraggly_tree"}
{"ctxid": 0, "pos": [-1284.743, 1344.552, 310.465], "rotationMatrix": [-0.224012, -0.974586, 0.0, 0.974586, -0.224012, 0.0, 0.0, 0.0, 1.0], "scale": 1.566, "type": "scraggly_tree"}
{"ctxid": 0, "pos": [-1298.404, 1360.148, 311.9], "rotationMatrix": [-0.547524, -0.83679, 0.0, 0.83679, -0.547524, 0.0, 0.0, 0.0, 1.0], "scale": 1.087, "type": "scraggly_tree"}
{"ctxid": 0, "pos": [-1284.621, 1379.516, 311.9], "rotationMatrix": [0.106194, -0.994345, 0.0, 0.994345, 0.106194, 0.0, 0.0, 0.0, 1.0], "scale": 0.765, "type": "scraggly_tree"}
{"ctxid": 0, "pos": [-1282.559, 1390.554, 312.796], "rotationMatrix": [0.9714, -0.237447, 0.0, 0.237447, 0.9714, 0.0, 0.0, 0.0, 1.0], "scale": 1.451, "type": "scraggly_tree"}
{"ctxid": 0, "pos": [-1292.722, 1390.229, 313.261], "rotationMatrix": [-0.157743, -0.98748, 0.0, 0.98748, -0.157743, 0.0, 0.0, 0.0, 1.0], "scale": 1.407, "type": "scraggly_tree"}
{"ctxid": 0, "pos": [-1292.181, 1395.744, 313.804], "rotationMatrix": [-0.568615, 0.822604, 0.0, -0.822604, -0.568615, 0.0, 0.0, 0.0, 1.0], "scale": 0.888, "type": "scraggly_tree"}
{"ctxid": 0, "pos": [-1289.596, 1398.255, 313.804], "rotationMatrix": [0.337743, 0.941238, 0.0, -0.941238, 0.337743, 0.0, 0.0, 0.0, 1.0], "scale": 1.05, "type": "scraggly_tree"}
{"ctxid": 0, "pos": [-1312.355, 1380.634, 313.754], "rotationMatrix": [0.981844, 0.189692, 0.0, -0.189692, 0.981844, 0.0, 0.0, 0.0, 1.0], "scale": 1.248, "type": "scraggly_tree"}
{"ctxid": 0, "pos": [-1296.069, 1393.348, 313.754], "rotationMatrix": [0.99991, -0.013429, 0.0, 0.013429, 0.99991, 0.0, 0.0, 0.0, 1.0], "scale": 0.873, "type": "scraggly_tree"}
{"ctxid": 0, "pos": [-1291.717, 1401.529, 314.258], "rotationMatrix": [-0.970706, -0.24027, 0.0, 0.24027, -0.970706, 0.0, 0.0, 0.0, 1.0], "scale": 1.455, "type": "scraggly_tree"}
{"ctxid": 0, "pos": [-1300.221, 1397.683, 314.258], "rotationMatrix": [0.627877, 0.778313, 0.0, -0.778313, 0.627877, 0.0, 0.0, 0.0, 1.0], "scale": 0.914, "type": "scraggly_tree"}
{"ctxid": 0, "pos": [-1316.27, 1392.824, 314.82], "rotationMatrix": [0.585875, -0.810402, 0.0, 0.810402, 0.585875, 0.0, 0.0, 0.0, 1.0], "scale": 0.722, "type": "scraggly_tree"}
{"ctxid": 0, "pos": [-1293.091, 1408.33, 314.77], "rotationMatrix": [0.663155, -0.748482, 0.0, 0.748482, 0.663155, 0.0, 0.0, 0.0, 1.0], "scale": 0.766, "type": "scraggly_tree"}
{"ctxid": 0, "pos": [-1321.809, 1396.742, 315.316], "rotationMatrix": [0.885348, -0.464928, 0.0, 0.464928, 0.885348, 0.0, 0.0, 0.0, 1.0], "scale": 1.036, "type": "scraggly_tree"}
{"ctxid": 0, "pos": [-1329.91, 1393.937, 315.316], "rotationMatrix": [0.485978, -0.873971, 0.0, 0.873971, 0.485978, 0.0, 0.0, 0.0, 1.0], "scale": 1.275, "type": "scraggly_tree"}
{"ctxid": 0, "pos": [-1308.908, 1413.559, 315.871], "rotationMatrix": [0.907237, -0.42062, 0.0, 0.42062, 0.907237, 0.0, 0.0, 0.0, 1.0], "scale": 1.026, "type": "scraggly_tree"}
{"ctxid": 0, "pos": [-1310.515, 1417.995, 316.433], "rotationMatrix": [-0.634896, 0.772597, 0.0, -0.772597, -0.634896, 0.0, 0.0, 0.0, 1.0], "scale": 1.108, "type": "scraggly_tree"}
{"ctxid": 0, "pos": [-1311.104, 1424.047, 317.022], "rotationMatrix": [0.918421, 0.395604, 0.0, -0.395604, 0.918421, 0.0, 0.0, 0.0, 1.0], "scale": 0.77, "type": "scraggly_tree"}
{"ctxid": 0, "pos": [-1339.232, 1418.288, 317.619], "rotationMatrix": [0.381935, 0.924189, 0.0, -0.924189, 0.381935, 0.0, 0.0, 0.0, 1.0], "scale": 1.511, "type": "scraggly_tree"}
{"ctxid": 0, "pos": [-1314.397, 1429.14, 317.619], "rotationMatrix": [0.997171, -0.075167, 0.0, 0.075167, 0.997171, 0.0, 0.0, 0.0, 1.0], "scale": 1.236, "type": "scraggly_tree"}
{"ctxid": 0, "pos": [-1309.779, 1431.849, 317.619], "rotationMatrix": [-0.047421, -0.998875, 0.0, 0.998875, -0.047421, 0.0, 0.0, 0.0, 1.0], "scale": 1.416, "type": "scraggly_tree"}
{"ctxid": 0, "pos": [-1341.27, 1426.595, 318.272], "rotationMatrix": [-0.142021, 0.989864, 0.0, -0.989864, -0.142021, 0.0, 0.0, 0.0, 1.0], "scale": 1.051, "type": "scraggly_tree"}
{"ctxid": 0, "pos": [-1315.056, 1435.594, 318.272], "rotationMatrix": [0.070105, -0.99754, 0.0, 0.99754, 0.070105, 0.0, 0.0, 0.0, 1.0], "scale": 1.095, "type": "scraggly_tree"}
{"ctxid": 0, "pos": [-1309.689, 1630.462, 336.827], "rotationMatrix": [-0.777571, 0.628795, 0.0, -0.628795, -0.777571, 0.0, 0.0, 0.0, 1.0], "scale": 1.094, "type": "scraggly_tree"}
{"ctxid": 0, "pos": [-1339.731, 1642.381, 337.315], "rotationMatrix": [0.890979, 0.454045, 0.0, -0.454045, 0.890979, 0.0, 0.0, 0.0, 1.0], "scale": 1.361, "type": "scraggly_tree"}
{"ctxid": 0, "pos": [-1306.566, 1636.357, 337.315], "rotationMatrix": [0.202511, 0.97928, 0.0, -0.97928, 0.202511, 0.0, 0.0, 0.0, 1.0], "scale": 0.73, "type": "scraggly_tree"}
{"ctxid": 0, "pos": [-1309.328, 1635.85, 337.315], "rotationMatrix": [-0.913257, 0.407384, 0.0, -0.407384, -0.913257, 0.0, 0.0, 0.0, 1.0], "scale": 1.176, "type": "scraggly_tree"}
{"ctxid": 0, "pos": [-1340.97, 1652.059, 338.368], "rotationMatrix": [-0.356888, 0.934147, 0.0, -0.934147, -0.356888, 0.0, 0.0, 0.0, 1.0], "scale": 0.922, "type": "scraggly_tree"}
{"ctxid": 0, "pos": [-1311.254, 1657.07, 338.863], "rotationMatrix": [0.363809, -0.931473, 0.0, 0.931473, 0.363809, 0.0, 0.0, 0.0, 1.0], "scale": 1.58, "type": "scraggly_tree"}
{"ctxid": 0, "pos": [-1340.269, 1660.114, 339.354], "rotationMatrix": [-0.837777, 0.546013, 0.0, -0.546013, -0.837777, 0.0, 0.0, 0.0, 1.0], "scale": 1.043, "type": "scraggly_tree"}
{"ctxid": 0, "pos": [-1317.795, 1661.932, 339.354], "rotationMatrix": [-0.70418, -0.710021, 0.0, 0.710021, -0.70418, 0.0, 0.0, 0.0, 1.0], "scale": 0.828, "type": "scraggly_tree"}
{"ctxid": 0, "pos": [-1347.425, 1665.386, 339.844], "rotationMatrix": [0.070329, -0.997524, 0.0, 0.997524, 0.070329, 0.0, 0.0, 0.0, 1.0], "scale": 1.214, "type": "scraggly_tree"}
{"ctxid": 0, "pos": [-1335.368, 1665.964, 339.844], "rotationMatrix": [-0.847577, 0.530673, 0.0, -0.530673, -0.847577, 0.0, 0.0, 0.0, 1.0], "scale": 1.437, "type": "scraggly_tree"}
{"ctxid": 0, "pos": [-1336.111, 1671.404, 340.328], "rotationMatrix": [-0.9713, 0.23786, 0.0, -0.23786, -0.9713, 0.0, 0.0, 0.0, 1.0], "scale": 1.054, "type": "scraggly_tree"}
{"ctxid": 0, "pos": [-1307.598, 1675.926, 340.328], "rotationMatrix": [-0.846071, 0.53307, 0.0, -0.53307, -0.846071, 0.0, 0.0, 0.0, 1.0], "scale": 1.05, "type": "scraggly_tree"}
{"ctxid": 0, "pos": [-1308.324, 1674.837, 340.328], "rotationMatrix": [-0.324491, -0.945889, 0.0, 0.945889, -0.324491, 0.0, 0.0, 0.0, 1.0], "scale": 1.431, "type": "scraggly_tree"}
{"ctxid": 0, "pos": [-1322.872, 1684.578, 341.341], "rotationMatrix": [-0.979382, 0.202017, 0.0, -0.202017, -0.979382, 0.0, 0.0, 0.0, 1.0], "scale": 1.192, "type": "scraggly_tree"}
{"ctxid": 0, "pos": [-1344.795, 1686.522, 341.761], "rotationMatrix": [0.961299, 0.275508, 0.0, -0.275508, 0.961299, 0.0, 0.0, 0.0, 1.0], "scale": 1.312, "type": "scraggly_tree"}
{"ctxid": 0, "pos": [-1312.456, 1690.374, 341.761], "rotationMatrix": [-0.959096, 0.283083, 0.0, -0.283083, -0.959096, 0.0, 0.0, 0.0, 1.0], "scale": 1.387, "type": "scraggly_tree"}
{"ctxid": 0, "pos": [-1338.791, 1691.539, 342.227], "rotationMatrix": [0.945504, 0.32561, 0.0, -0.32561, 0.945504, 0.0, 0.0, 0.0, 1.0], "scale": 1.028, "type": "scraggly_tree"}
{"ctxid": 0, "pos": [-1338.614, 1707.54, 343.515], "rotationMatrix": [0.947615, -0.319415, 0.0, 0.319415, 0.947615, 0.0, 0.0, 0.0, 1.0], "scale": 0.782, "type": "scraggly_tree"}
{"ctxid": 0, "pos": [-1347.298, 1730.451, 344.965], "rotationMatrix": [0.441541, 0.897241, 0.0, -0.897241, 0.441541, 0.0, 0.0, 0.0, 1.0], "scale": 0.962, "type": "scraggly_tree"}
{"ctxid": 0, "pos": [-1318.392, 1727.779, 345.73], "rotationMatrix": [0.663663, -0.748032, 0.0, 0.748032, 0.663663, 0.0, 0.0, 0.0, 1.0], "scale": 0.608, "type": "scraggly_tree"}
{"ctxid": 0, "pos": [-1331.989, 1733.502, 345.68], "rotationMatrix": [0.982309, -0.187267, 0.0, 0.187267, 0.982309, 0.0, 0.0, 0.0, 1.0], "scale": 1.004, "type": "scraggly_tree"}
{"ctxid": 0, "pos": [-1310.29, 1723.947, 345.68], "rotationMatrix": [-0.207801, -0.978171, 0.0, 0.978171, -0.207801, 0.0, 0.0, 0.0, 1.0], "scale": 0.99, "type": "scraggly_tree"}
{"ctxid": 0, "pos": [-1315.126, 1735.16, 346.461], "rotationMatrix": [0.731198, 0.682165, 0.0, -0.682165, 0.731198, 0.0, 0.0, 0.0, 1.0], "scale": 1.257, "type": "scraggly_tree"}
{"ctxid": 0, "pos": [-1311.538, 1743.104, 347.21], "rotationMatrix": [0.088221, 0.996101, 0.0, -0.996101, 0.088221, 0.0, 0.0, 0.0, 1.0], "scale": 0.729, "type": "scraggly_tree"}
{"ctxid": 0, "pos": [-1305.348, 1739.377, 347.16], "rotationMatrix": [0.837828, 0.545935, 0.0, -0.545935, 0.837828, 0.0, 0.0, 0.0, 1.0], "scale": 1.232, "type": "scraggly_tree"}
{"ctxid": 0, "pos": [-1332.912, 1766.27, 348.63], "rotationMatrix": [0.362597, 0.931946, 0.0, -0.931946, 0.362597, 0.0, 0.0, 0.0, 1.0], "scale": 0.943, "type": "scraggly_tree"}
{"ctxid": 0, "pos": [-1298.169, 1758.232, 348.63], "rotationMatrix": [-0.998976, -0.04525, 0.0, 0.04525, -0.998976, 0.0, 0.0, 0.0, 1.0], "scale": 0.93, "type": "scraggly_tree"}
{"ctxid": 0, "pos": [-1296.503, 1779.571, 349.993], "rotationMatrix": [-0.144323, -0.989531, 0.0, 0.989531, -0.144323, 0.0, 0.0, 0.0, 1.0], "scale": 0.723, "type": "scraggly_tree"}
{"ctxid": 0, "pos": [-1322.037, 1774.644, 349.943], "rotationMatrix": [0.989534, 0.144302, 0.0, -0.144302, 0.989534, 0.0, 0.0, 0.0, 1.0], "scale": 1.142, "type": "scraggly_tree"}
{"ctxid": 0, "pos": [-1330.069, 1771.853, 349.943], "rotationMatrix": [0.972492, 0.232937, 0.0, -0.232937, 0.972492, 0.0, 0.0, 0.0, 1.0], "scale": 1.148, "type": "scraggly_tree"}
{"ctxid": 0, "pos": [-1329.569, 1774.856, 350.603], "rotationMatrix": [-0.989516, 0.144424, 0.0, -0.144424, -0.989516, 0.0, 0.0, 0.0, 1.0], "scale": 1.171, "type": "scraggly_tree"}
