{"ctxid": 0, "pos": [3308.246, -4181.059, 79.702], "rotationMatrix": [0.828464, 0.560042, 0.0, -0.560042, 0.828464, 0.0, 0.0, 0.0, 1.0], "scale": 1.8, "type": "shed_b"}
{"ctxid": 0, "pos": [599.54, -1501.323, 77.995], "rotationMatrix": [0.102307, 0.994753, 0.0, -0.994753, 0.102307, 0.0, 0.0, 0.0, 1.0], "scale": 1.8, "type": "shed_b"}
{"ctxid": 0, "pos": [489.259, -1024.613, 35.066], "rotationMatrix": [-0.771438, -0.636305, 0.0, 0.636305, -0.771438, 0.0, 0.0, 0.0, 1.0], "scale": 1.8, "type": "shed_b"}
{"ctxid": 0, "pos": [174.773, 239.318, 117.92], "rotationMatrix": [-0.471655, 0.881783, 0.0, -0.881783, -0.471655, 0.0, 0.0, 0.0, 1.0], "scale": 1.72, "type": "shed_b"}
{"ctxid": 0, "pos": [-472.393, 949.84, 198.432], "rotationMatrix": [-0.916959, -0.398981, 0.0, 0.398981, -0.916959, 0.0, 0.0, 0.0, 1.0], "scale": 1.704, "type": "shed_b"}
{"ctxid": 0, "pos": [-939.914, 1062.716, 247.799], "rotationMatrix": [-0.999826, -0.01863, 0.0, 0.01863, -0.999826, 0.0, 0.0, 0.0, 1.0], "scale": 1.8, "type": "shed_b"}
{"ctxid": 0, "pos": [-1368.108, 1564.993, 329.694], "rotationMatrix": [0.999968, 0.008042, 0.0, -0.008042, 0.999968, 0.0, 0.0, 0.0, 1.0], "scale": 1.735, "type": "shed_b"}
{"ctxid": 0, "pos": [-3141.311, 4114.1, 551.394], "rotationMatrix": [0.316844, 0.948478, 0.0, -0.948478, 0.316844, 0.0, 0.0, 0.0, 1.0], "scale": 1.8, "type": "shed_b"}
{"ctxid": 0, "pos": [-3230.644, 755.284, 319.36], "rotationMatrix": [0.758857, -0.651257, 0.0, 0.651257, 0.758857, 0.0, 0.0, 0.0, 1.0], "scale": 1.0, "type": "shed_b"}
{"ctxid": 0, "pos": [-3291.334, 801.469, 366.915], "rotationMatrix": [0.791534, -0.611125, 0.0, 0.611125, 0.791534, 0.0, 0.0, 0.0, 1.0], "scale": 1.0, "type": "shed_b"}
{"ctxid": 0, "pos": [-3213.115, 762.09, 319.36], "rotationMatrix": [-0.121691, -0.992568, 0.0, 0.992568, -0.121691, 0.0, 0.0, 0.0, 1.0], "scale": 1.0, "type": "shed_b"}
{"ctxid": 0, "pos": [-3223.928, 791.812, 366.915], "rotationMatrix": [0.399346, -0.9168, 0.0, 0.9168, 0.399346, 0.0, 0.0, 0.0, 1.0], "scale": 1.0, "type": "shed_b"}
{"ctxid": 0, "pos": [-3239.468, 754.393, 319.36], "rotationMatrix": [0.480574, -0.876954, 0.0, 0.876954, 0.480574, 0.0, 0.0, 0.0, 1.0], "scale": 1.0, "type": "shed_b"}
{"ctxid": 0, "pos": [-3254.7, 785.172, 366.915], "rotationMatrix": [-0.183633, -0.982995, 0.0, 0.982995, -0.183633, 0.0, 0.0, 0.0, 1.0], "scale": 1.0, "type": "shed_b"}
{"ctxid": 0, "pos": [-3264.185, 794.269, 366.915], "rotationMatrix": [0.961428, -0.275057, 0.0, 0.275057, 0.961428, 0.0, 0.0, 0.0, 1.0], "scale": 1.0, "type": "shed_b"}
{"ctxid": 0, "pos": [-3381.396, 817.668, 366.915], "rotationMatrix": [-0.929195, -0.369591, 0.0, 0.369591, -0.929195, 0.0, 0.0, 0.0, 1.0], "scale": 1.0, "type": "shed_b"}
{"ctxid": 0, "pos": [-3406.36, 815.396, 366.915], "rotationMatrix": [-0.675216, -0.73762, 0.0, 0.73762, -0.675216, 0.0, 0.0, 0.0, 1.0], "scale": 1.0, "type": "shed_b"}
{"ctxid": 0, "pos": [-3338.659, 806.519, 366.915], "rotationMatrix": [0.991839, -0.1275, 0.0, 0.1275, 0.991839, 0.0, 0.0, 0.0, 1.0], "scale": 1.0, "type": "shed_b"}
{"ctxid": 0, "pos": [-3418.845, 803.95, 366.915], "rotationMatrix": [-0.758442, -0.65174, 0.0, 0.65174, -0.758442, 0.0, 0.0, 0.0, 1.0], "scale": 1.0, "type": "shed_b"}
{"ctxid": 0, "pos": [-3392.54, 845.347, 366.915], "rotationMatrix": [0.799835, -0.600219, 0.0, 0.600219, 0.799835, 0.0, 0.0, 0.0, 1.0], "scale": 1.0, "type": "shed_b"}
{"ctxid": 0, "pos": [-3399.778, 1099.36, 366.915], "rotationMatrix": [0.360605, -0.932719, 0.0, 0.932719, 0.360605, 0.0, 0.0, 0.0, 1.0], "scale": 1.0, "type": "shed_b"}
{"ctxid": 0, "pos": [-3375.459, 837.262, 366.915], "rotationMatrix": [0.91018, -0.414214, 0.0, 0.414214, 0.91018, 0.0, 0.0, 0.0, 1.0], "scale": 1.0, "type": "shed_b"}
{"ctxid": 0, "pos": [-3301.967, 781.229, 366.915], "rotationMatrix": [-0.444598, -0.89573, 0.0, 0.89573, -0.444598, 0.0, 0.0, 0.0, 1.0], "scale": 1.0, "type": "shed_b"}
{"ctxid": 0, "pos": [-3319.65, 765.224, 366.915], "rotationMatrix": [0.892973, -0.450109, 0.0, 0.450109, 0.892973, 0.0, 0.0, 0.0, 1.0], "scale": 1.0, "type": "shed_b"}
{"ctxid": 0, "pos": [-3325.712, 775.211, 366.915], "rotationMatrix": [-0.453761, -0.891123, 0.0, 0.891123, -0.453761, 0.0, 0.0, 0.0, 1.0], "scale": 1.0, "type": "shed_b"}
{"ctxid": 0, "pos": [-3326.088, 758.364, 366.915], "rotationMatrix": [-0.996719, -0.080943, 0.0, 0.080943, -0.996719, 0.0, 0.0, 0.0, 1.0], "scale": 1.0, "type": "shed_b"}
{"ctxid": 0, "pos": [-3334.903, 793.673, 366.915], "rotationMatrix": [-0.882725, -0.46989, 0.0, 0.46989, -0.882725, 0.0, 0.0, 0.0, 1.0], "scale": 1.0, "type": "shed_b"}
{"ctxid": 0, "pos": [-3135.437, 765.632, 316.872], "rotationMatrix": [0.951876, -0.306482, 0.0, 0.306482, 0.951876, 0.0, 0.0, 0.0, 1.0], "scale": 1.0, "type": "shed_b"}
{"ctxid": 0, "pos": [-3135.395, 794.057, 319.36], "rotationMatrix": [-0.160531, -0.987031, 0.0, 0.987031, -0.160531, 0.0, 0.0, 0.0, 1.0], "scale": 1.0, "type": "shed_b"}
{"ctxid": 0, "pos": [-3168.573, 829.266, 366.915], "rotationMatrix": [0.646298, -0.763085, 0.0, 0.763085, 0.646298, 0.0, 0.0, 0.0, 1.0], "scale": 1.0, "type": "shed_b"}
{"ctxid": 0, "pos": [-3121.187, 773.903, 316.872], "rotationMatrix": [0.701751, -0.712422, 0.0, 0.712422, 0.701751, 0.0, 0.0, 0.0, 1.0], "scale": 1.0, "type": "shed_b"}
{"ctxid": 0, "pos": [-2992.315, 677.58, 316.872], "rotationMatrix": [-0.512141, -0.858902, 0.0, 0.858902, -0.512141, 0.0, 0.0, 0.0, 1.0], "scale": 1.0, "type": "shed_b"}
{"ctxid": 0, "pos": [-3001.987, 502.207, 314.62], "rotationMatrix": [0.999742, -0.022727, 0.0, 0.022727, 0.999742, 0.0, 0.0, 0.0, 1.0], "scale": 1.0, "type": "shed_b"}
{"ctxid": 0, "pos": [-3064.189, 672.628, 316.872], "rotationMatrix": [0.887945, -0.459949, 0.0, 0.459949, 0.887945, 0.0, 0.0, 0.0, 1.0], "scale": 1.0, "type": "shed_b"}
{"ctxid": 0, "pos": [-3066.002, 676.66, 316.872], "rotationMatrix": [0.915823, -0.401582, 0.0, 0.401582, 0.915823, 0.0, 0.0, 0.0, 1.0], "scale": 1.0, "type": "shed_b"}
{"ctxid": 0, "pos": [-3373.749, 777.684, 366.915], "rotationMatrix": [-0.244294, -0.969701, 0.0, 0.969701, -0.244294, 0.0, 0.0, 0.0, 1.0], "scale": 1.0, "type": "shed_b"}
{"ctxid": 0, "pos": [-3382.599, 763.148, 366.915], "rotationMatrix": [-0.994352, -0.106135, 0.0, 0.106135, -0.994352, 0.0, 0.0, 0.0, 1.0], "scale": 1.0, "type": "shed_b"}
{"ctxid": 0, "pos": [-3408.325, 777.812, 366.915], "rotationMatrix": [-0.485889, -0.87402, 0.0, 0.87402, -0.485889, 0.0, 0.0, 0.0, 1.0], "scale": 1.0, "type": "shed_b"}
{"ctxid": 0, "pos": [-3386.814, 753.431, 366.915], "rotationMatrix": [-0.999978, -0.006628, 0.0, 0.006628, -0.999978, 0.0, 0.0, 0.0, 1.0], "scale": 1.0, "type": "shed_b"}
{"ctxid": 0, "pos": [-3412.322, 746.846, 366.915], "rotationMatrix": [-0.999981, -0.006115, 0.0, 0.006115, -0.999981, 0.0, 0.0, 0.0, 1.0], "scale": 1.0, "type": "shed_b"}
{"ctxid": 0, "pos": [-3110.589, 1014.506, 366.915], "rotationMatrix": [-0.132896, -0.99113, 0.0, 0.99113, -0.132896, 0.0, 0.0, 0.0, 1.0], "scale": 1.0, "type": "shed_b"}
{"ctxid": 0, "pos": [-3126.101, 1012.799, 366.915], "rotationMatrix": [-0.42333, -0.905975, 0.0, 0.905975, -0.42333, 0.0, 0.0, 0.0, 1.0], "scale": 1.0, "type": "shed_b"}
{"ctxid": 0, "pos": [-3524.787, 521.642, 316.872], "rotationMatrix": [0.890752, -0.45449, 0.0, 0.45449, 0.890752, 0.0, 0.0, 0.0, 1.0], "scale": 1.0, "type": "shed_b"}
{"ctxid": 0, "pos": [-3389.966, 500.71, 316.872], "rotationMatrix": [0.959676, -0.281108, 0.0, 0.281108, 0.959676, 0.0, 0.0, 0.0, 1.0], "scale": 1.0, "type": "shed_b"}
{"ctxid": 0, "pos": [-3326.704, 487.309, 316.872], "rotationMatrix": [0.996791, -0.080054, 0.0, 0.080054, 0.996791, 0.0, 0.0, 0.0, 1.0], "scale": 1.0, "type": "shed_b"}
{"ctxid": 0, "pos": [-3330.6, 476.623, 316.872], "rotationMatrix": [0.690696, -0.723145, 0.0, 0.723145, 0.690696, 0.0, 0.0, 0.0, 1.0], "scale": 1.0, "type": "shed_b"}
{"ctxid": 0, "pos": [-3451.467, 406.153, 316.872], "rotationMatrix": [0.671181, -0.741293, 0.0, 0.741293, 0.671181, 0.0, 0.0, 0.0, 1.0], "scale": 1.0, "type": "shed_b"}
{"ctxid": 0, "pos": [-3306.908, 744.104, 366.915], "rotationMatrix": [0.783162, -0.621818, 0.0, 0.621818, 0.783162, 0.0, 0.0, 0.0, 1.0], "scale": 1.0, "type": "shed_b"}
{"ctxid": 0, "pos": [-3372.116, 1568.19, 431.082], "rotationMatrix": [0.748423, -0.663222, 0.0, 0.663222, 0.748423, 0.0, 0.0, 0.0, 1.0], "scale": 1.0, "type": "shed_b"}
{"ctxid": 0, "pos": [-3212.755, 2044.284, 431.082], "rotationMatrix": [-0.875065, -0.484006, 0.0, 0.484006, -0.875065, 0.0, 0.0, 0.0, 1.0], "scale": 1.0, "type": "shed_b"}
{"ctxid": 0, "pos": [-3221.942, 2080.872, 431.082], "rotationMatrix": [0.983647, -0.180106, 0.0, 0.180106, 0.983647, 0.0, 0.0, 0.0, 1.0], "scale": 1.0, "type": "shed_b"}
{"ctxid": 0, "pos": [-3221.667, 1786.402, 431.082], "rotationMatrix": [0.628403, -0.777888, 0.0, 0.777888, 0.628403, 0.0, 0.0, 0.0, 1.0], "scale": 1.0, "type": "shed_b"}
{"ctxid": 0, "pos": [-3277.287, 1783.982, 431.082], "rotationMatrix": [0.71551, -0.698602, 0.0, 0.698602, 0.71551, 0.0, 0.0, 0.0, 1.0], "scale": 1.0, "type": "shed_b"}
{"ctxid": 0, "pos": [-3157.994, 1284.269, 366.915], "rotationMatrix": [-0.648564, -0.76116, 0.0, 0.76116, -0.648564, 0.0, 0.0, 0.0, 1.0], "scale": 1.0, "type": "shed_b"}
{"ctxid": 0, "pos": [-2932.119, 582.254, 316.872], "rotationMatrix": [-0.93774, -0.347339, 0.0, 0.347339, -0.93774, 0.0, 0.0, 0.0, 1.0], "scale": 1.0, "type": "shed_b"}
{"ctxid": 0, "pos": [-3400.944, 431.327, 316.872], "rotationMatrix": [-0.972724, -0.231966, 0.0, 0.231966, -0.972724, 0.0, 0.0, 0.0, 1.0], "scale": 1.0, "type": "shed_b"}
{"ctxid": 0, "pos": [-3412.715, 254.357, 314.62], "rotationMatrix": [0.821358, -0.570412, 0.0, 0.570412, 0.821358, 0.0, 0.0, 0.0, 1.0], "scale": 1.0, "type": "shed_b"}
{"ctxid": 0, "pos": [3556.727, 3607.807, 76.729], "rotationMatrix": [-0.898852, -0.438252, 0.0, 0.438252, -0.898852, 0.0, 0.0, 0.0, 1.0], "scale": 1.0, "type": "shed_b"}
{"ctxid": 0, "pos": [3571.616, 3609.284, 76.729], "rotationMatrix": [-0.202052, -0.979375, 0.0, 0.979375, -0.202052, 0.0, 0.0, 0.0, 1.0], "scale": 1.0, "type": "shed_b"}
{"ctxid": 0, "pos": [3582.804, 3610.969, 76.729], "rotationMatrix": [-0.32554, -0.945528, 0.0, 0.945528, -0.32554, 0.0, 0.0, 0.0, 1.0], "scale": 1.0, "type": "shed_b"}
{"ctxid": 0, "pos": [-1845.228, -4186.625, 95.956], "rotationMatrix": [-0.206066, -0.978538, 0.0, 0.978538, -0.206066, 0.0, 0.0, 0.0, 1.0], "scale": 1.0, "type": "shed_b"}
{"ctxid": 0, "pos": [1270.648, -2961.768, 245.359], "rotationMatrix": [0.740287, -0.672291, 0.0, 0.672291, 0.740287, 0.0, 0.0, 0.0, 1.0], "scale": 1.0, "type": "shed_b"}
{"ctxid": 0, "pos": [1278.222, -2967.568, 245.87], "rotationMatrix": [0.831493, -0.555535, 0.0, 0.555535, 0.831493, 0.0, 0.0, 0.0, 1.0], "scale": 1.0, "type": "shed_b"}
{"ctxid": 0, "pos": [1276.55, -2955.924, 245.359], "rotationMatrix": [0.764527, -0.644592, 0.0, 0.644592, 0.764527, 0.0, 0.0, 0.0, 1.0], "scale": 1.0, "type": "shed_b"}
{"ctxid": 0, "pos": [1281.317, -2960.735, 245.359], "rotationMatrix": [-0.705411, -0.708799, 0.0, 0.708799, -0.705411, 0.0, 0.0, 0.0, 1.0], "scale": 1.0, "type": "shed_b"}
{"ctxid": 0, "pos": [1305.589, -2947.236, 245.359], "rotationMatrix": [-0.999994, -0.003352, 0.0, 0.003352, -0.999994, 0.0, 0.0, 0.0, 1.0], "scale": 1.0, "type": "shed_b"}
{"ctxid": 0, "pos": [1503.493, -2765.824, 272.882], "rotationMatrix": [0.782123, -0.623124, 0.0, 0.623124, 0.782123, 0.0, 0.0, 0.0, 1.0], "scale": 1.0, "type": "shed_b"}
{"ctxid": 0, "pos": [1493.563, -2746.428, 244.963], "rotationMatrix": [0.871774, -0.489908, 0.0, 0.489908, 0.871774, 0.0, 0.0, 0.0, 1.0], "scale": 1.0, "type": "shed_b"}
{"ctxid": 0, "pos": [1167.374, -2038.068, 207.853], "rotationMatrix": [0.469973, -0.882681, 0.0, 0.882681, 0.469973, 0.0, 0.0, 0.0, 1.0], "scale": 1.0, "type": "shed_b"}
{"ctxid": 0, "pos": [16.259, -688.301, 28.529], "rotationMatrix": [-0.505757, -0.862676, 0.0, 0.862676, -0.505757, 0.0, 0.0, 0.0, 1.0], "scale": 1.0, "type": "shed_b"}
{"ctxid": 0, "pos": [-1541.872, -2000.626, -1.074], "rotationMatrix": [-0.982579, -0.185843, 0.0, 0.185843, -0.982579, 0.0, 0.0, 0.0, 1.0], "scale": 1.0, "type": "shed_b"}
{"ctxid": 0, "pos": [-1522.315, -1988.108, -1.074], "rotationMatrix": [-0.557824, -0.829959, 0.0, 0.829959, -0.557824, 0.0, 0.0, 0.0, 1.0], "scale": 1.0, "type": "shed_b"}
{"ctxid": 0, "pos": [-711.948, -2300.197, 81.364], "rotationMatrix": [0.616317, -0.787498, 0.0, 0.787498, 0.616317, 0.0, 0.0, 0.0, 1.0], "scale": 1.0, "type": "shed_b"}
{"ctxid": 0, "pos": [-710.411, -2241.092, 61.054], "rotationMatrix": [0.95041, -0.311, 0.0, 0.311, 0.95041, 0.0, 0.0, 0.0, 1.0], "scale": 1.0, "type": "shed_b"}
{"ctxid": 0, "pos": [3352.904, -1653.856, 262.275], "rotationMatrix": [-0.554166, -0.832406, 0.0, 0.832406, -0.554166, 0.0, 0.0, 0.0, 1.0], "scale": 1.0, "type": "shed_b"}
{"ctxid": 0, "pos": [3284.581, -1974.46, 263.093], "rotationMatrix": [-0.964135, -0.265411, 0.0, 0.265411, -0.964135, 0.0, 0.0, 0.0, 1.0], "scale": 1.0, "type": "shed_b"}
{"ctxid": 0, "pos": [3171.682, -1576.164, 261.162], "rotationMatrix": [0.875605, -0.483029, 0.0, 0.483029, 0.875605, 0.0, 0.0, 0.0, 1.0], "scale": 1.0, "type": "shed_b"}
{"ctxid": 0, "pos": [3148.555, -4129.157, 86.343], "rotationMatrix": [0.864344, -0.502901, 0.0, 0.502901, 0.864344, 0.0, 0.0, 0.0, 1.0], "scale": 1.0, "type": "shed_b"}
{"ctxid": 0, "pos": [3262.319, -3068.283, 136.142], "rotationMatrix": [0.403391, -0.915028, 0.0, 0.915028, 0.403391, 0.0, 0.0, 0.0, 1.0], "scale": 1.0, "type": "shed_b"}
{"ctxid": 0, "pos": [-503.095, 3330.641, 363.99], "rotationMatrix": [-0.542873, -0.839815, 0.0, 0.839815, -0.542873, 0.0, 0.0, 0.0, 1.0], "scale": 1.0, "type": "shed_b"}
{"ctxid": 0, "pos": [-710.116, 3372.271, 364.604], "rotationMatrix": [0.999776, -0.021163, 0.0, 0.021163, 0.999776, 0.0, 0.0, 0.0, 1.0], "scale": 1.0, "type": "shed_b"}
{"ctxid": 0, "pos": [-824.082, 3286.012, 364.604], "rotationMatrix": [0.994456, -0.10515, 0.0, 0.10515, 0.994456, 0.0, 0.0, 0.0, 1.0], "scale": 1.0, "type": "shed_b"}
{"ctxid": 0, "pos": [-818.684, 3313.135, 364.604], "rotationMatrix": [-0.845091, -0.534622, 0.0, 0.534622, -0.845091, 0.0, 0.0, 0.0, 1.0], "scale": 1.0, "type": "shed_b"}
{"ctxid": 0, "pos": [-862.371, 3328.524, 364.954], "rotationMatrix": [-0.96604, -0.258391, 0.0, 0.258391, -0.96604, 0.0, 0.0, 0.0, 1.0], "scale": 1.0, "type": "shed_b"}
{"ctxid": 0, "pos": [-402.802, 3021.848, 364.796], "rotationMatrix": [-0.802151, -0.597121, 0.0, 0.597121, -0.802151, 0.0, 0.0, 0.0, 1.0], "scale": 1.0, "type": "shed_b"}
{"ctxid": 0, "pos": [-290.793, 3447.261, 363.975], "rotationMatrix": [-0.862324, -0.506356, 0.0, 0.506356, -0.862324, 0.0, 0.0, 0.0, 1.0], "scale": 1.0, "type": "shed_b"}
{"ctxid": 0, "pos": [-718.751, 3349.058, 364.604], "rotationMatrix": [-0.52578, -0.850621, 0.0, 0.850621, -0.52578, 0.0, 0.0, 0.0, 1.0], "scale": 1.0, "type": "shed_b"}
{"ctxid": 0, "pos": [-574.008, 3257.413, 363.975], "rotationMatrix": [0.984926, -0.172976, 0.0, 0.172976, 0.984926, 0.0, 0.0, 0.0, 1.0], "scale": 1.0, "type": "shed_b"}
{"ctxid": 0, "pos": [-620.734, 3288.196, 363.99], "rotationMatrix": [-0.737094, -0.67579, 0.0, 0.67579, -0.737094, 0.0, 0.0, 0.0, 1.0], "scale": 1.0, "type": "shed_b"}
{"ctxid": 0, "pos": [-602.386, 3304.822, 363.99], "rotationMatrix": [0.816879, -0.576808, 0.0, 0.576808, 0.816879, 0.0, 0.0, 0.0, 1.0], "scale": 1.0, "type": "shed_b"}
{"ctxid": 0, "pos": [-633.768, 3329.387, 363.99], "rotationMatrix": [-0.068112, -0.997678, 0.0, 0.997678, -0.068112, 0.0, 0.0, 0.0, 1.0], "scale": 1.0, "type": "shed_b"}
{"ctxid": 0, "pos": [-627.937, 3336.79, 363.99], "rotationMatrix": [0.529778, -0.848136, 0.0, 0.848136, 0.529778, 0.0, 0.0, 0.0, 1.0], "scale": 1.0, "type": "shed_b"}
{"ctxid": 0, "pos": [-659.832, 3352.247, 364.604], "rotationMatrix": [0.152287, -0.988336, 0.0, 0.988336, 0.152287, 0.0, 0.0, 0.0, 1.0], "scale": 1.0, "type": "shed_b"}
{"ctxid": 0, "pos": [-613.083, 3374.422, 363.99], "rotationMatrix": [-0.495916, -0.86837, 0.0, 0.86837, -0.495916, 0.0, 0.0, 0.0, 1.0], "scale": 1.0, "type": "shed_b"}
{"ctxid": 0, "pos": [-411.699, 3434.092, 363.99], "rotationMatrix": [-0.31521, -0.949022, 0.0, 0.949022, -0.31521, 0.0, 0.0, 0.0, 1.0], "scale": 1.0, "type": "shed_b"}
{"ctxid": 0, "pos": [-358.284, 3426.189, 363.975], "rotationMatrix": [-0.931694, -0.363244, 0.0, 0.363244, -0.931694, 0.0, 0.0, 0.0, 1.0], "scale": 1.0, "type": "shed_b"}
{"ctxid": 0, "pos": [-883.878, 3223.264, 364.604], "rotationMatrix": [-0.270867, -0.962617, 0.0, 0.962617, -0.270867, 0.0, 0.0, 0.0, 1.0], "scale": 1.0, "type": "shed_b"}
{"ctxid": 0, "pos": [-868.1, 3209.554, 364.604], "rotationMatrix": [-0.425892, -0.904774, 0.0, 0.904774, -0.425892, 0.0, 0.0, 0.0, 1.0], "scale": 1.0, "type": "shed_b"}
{"ctxid": 0, "pos": [-864.531, 3211.351, 364.604], "rotationMatrix": [-0.66303, -0.748593, 0.0, 0.748593, -0.66303, 0.0, 0.0, 0.0, 1.0], "scale": 1.0, "type": "shed_b"}
{"ctxid": 0, "pos": [-714.768, 3144.177, 363.975], "rotationMatrix": [-0.819325, -0.57333, 0.0, 0.57333, -0.819325, 0.0, 0.0, 0.0, 1.0], "scale": 1.0, "type": "shed_b"}
{"ctxid": 0, "pos": [-722.263, 3125.779, 363.975], "rotationMatrix": [-0.287725, -0.957713, 0.0, 0.957713, -0.287725, 0.0, 0.0, 0.0, 1.0], "scale": 1.0, "type": "shed_b"}
{"ctxid": 0, "pos": [-1284.74, 3556.56, 382.351], "rotationMatrix": [-0.859941, -0.510393, 0.0, 0.510393, -0.859941, 0.0, 0.0, 0.0, 1.0], "scale": 1.0, "type": "shed_b"}
{"ctxid": 0, "pos": [-645.313, 3187.65, 363.975], "rotationMatrix": [0.998953, -0.045758, 0.0, 0.045758, 0.998953, 0.0, 0.0, 0.0, 1.0], "scale": 1.0, "type": "shed_b"}
{"ctxid": 0, "pos": [-642.385, 3181.704, 363.975], "rotationMatrix": [0.220738, -0.975333, 0.0, 0.975333, 0.220738, 0.0, 0.0, 0.0, 1.0], "scale": 1.0, "type": "shed_b"}
{"ctxid": 0, "pos": [-497.178, 2712.182, 364.89], "rotationMatrix": [0.857244, -0.51491, 0.0, 0.51491, 0.857244, 0.0, 0.0, 0.0, 1.0], "scale": 1.0, "type": "shed_b"}
{"ctxid": 0, "pos": [-856.731, 2982.662, 363.975], "rotationMatrix": [0.660274, -0.751025, 0.0, 0.751025, 0.660274, 0.0, 0.0, 0.0, 1.0], "scale": 1.0, "type": "shed_b"}
{"ctxid": 0, "pos": [-582.165, 3198.623, 363.975], "rotationMatrix": [0.205294, -0.9787, 0.0, 0.9787, 0.205294, 0.0, 0.0, 0.0, 1.0], "scale": 1.0, "type": "shed_b"}
{"ctxid": 0, "pos": [-656.794, 3225.819, 363.99], "rotationMatrix": [-0.991118, -0.132985, 0.0, 0.132985, -0.991118, 0.0, 0.0, 0.0, 1.0], "scale": 1.0, "type": "shed_b"}
{"ctxid": 0, "pos": [-740.407, 3300.119, 364.604], "rotationMatrix": [0.992342, -0.123519, 0.0, 0.123519, 0.992342, 0.0, 0.0, 0.0, 1.0], "scale": 1.0, "type": "shed_b"}
{"ctxid": 0, "pos": [-544.942, 3445.665, 364.604], "rotationMatrix": [0.088628, -0.996065, 0.0, 0.996065, 0.088628, 0.0, 0.0, 0.0, 1.0], "scale": 1.0, "type": "shed_b"}
{"ctxid": 0, "pos": [-515.755, 3420.484, 363.99], "rotationMatrix": [0.635978, -0.771707, 0.0, 0.771707, 0.635978, 0.0, 0.0, 0.0, 1.0], "scale": 1.0, "type": "shed_b"}
{"ctxid": 0, "pos": [-550.813, 3441.166, 364.604], "rotationMatrix": [0.808851, -0.588014, 0.0, 0.588014, 0.808851, 0.0, 0.0, 0.0, 1.0], "scale": 1.0, "type": "shed_b"}
{"ctxid": 0, "pos": [-608.215, 3363.181, 363.99], "rotationMatrix": [0.471698, -0.88176, 0.0, 0.88176, 0.471698, 0.0, 0.0, 0.0, 1.0], "scale": 1.0, "type": "shed_b"}
{"ctxid": 0, "pos": [-497.481, 3405.884, 363.99], "rotationMatrix": [-0.355306, -0.93475, 0.0, 0.93475, -0.355306, 0.0, 0.0, 0.0, 1.0], "scale": 1.0, "type": "shed_b"}
{"ctxid": 0, "pos": [-489.374, 3413.131, 363.99], "rotationMatrix": [-0.959551, -0.281536, 0.0, 0.281536, -0.959551, 0.0, 0.0, 0.0, 1.0], "scale": 1.0, "type": "shed_b"}
{"ctxid": 0, "pos": [270.588, 3184.879, 364.796], "rotationMatrix": [0.769999, -0.638045, 0.0, 0.638045, 0.769999, 0.0, 0.0, 0.0, 1.0], "scale": 1.0, "type": "shed_b"}
{"ctxid": 0, "pos": [135.675, 3177.306, 364.796], "rotationMatrix": [-0.975053, -0.221973, 0.0, 0.221973, -0.975053, 0.0, 0.0, 0.0, 1.0], "scale": 1.0, "type": "shed_b"}
{"ctxid": 0, "pos": [96.659, 3311.678, 364.425], "rotationMatrix": [0.275755, -0.961228, 0.0, 0.961228, 0.275755, 0.0, 0.0, 0.0, 1.0], "scale": 1.0, "type": "shed_b"}
{"ctxid": 0, "pos": [-41.989, 3388.589, 364.425], "rotationMatrix": [0.15164, -0.988436, 0.0, 0.988436, 0.15164, 0.0, 0.0, 0.0, 1.0], "scale": 1.0, "type": "shed_b"}
{"ctxid": 0, "pos": [-592.446, 4176.273, 384.277], "rotationMatrix": [0.982108, -0.188317, 0.0, 0.188317, 0.982108, 0.0, 0.0, 0.0, 1.0], "scale": 1.0, "type": "shed_b"}
{"ctxid": 0, "pos": [238.111, 3817.065, 363.975], "rotationMatrix": [-0.675676, -0.737199, 0.0, 0.737199, -0.675676, 0.0, 0.0, 0.0, 1.0], "scale": 1.0, "type": "shed_b"}
{"ctxid": 0, "pos": [237.827, 3822.386, 363.975], "rotationMatrix": [0.040984, -0.99916, 0.0, 0.99916, 0.040984, 0.0, 0.0, 0.0, 1.0], "scale": 1.0, "type": "shed_b"}
{"ctxid": 0, "pos": [-279.944, 3703.87, 364.604], "rotationMatrix": [0.114191, -0.993459, 0.0, 0.993459, 0.114191, 0.0, 0.0, 0.0, 1.0], "scale": 1.0, "type": "shed_b"}
{"ctxid": 0, "pos": [-282.797, 3710.562, 364.604], "rotationMatrix": [0.992655, -0.12098, 0.0, 0.12098, 0.992655, 0.0, 0.0, 0.0, 1.0], "scale": 1.0, "type": "shed_b"}
{"ctxid": 0, "pos": [513.886, 3468.479, 364.796], "rotationMatrix": [0.140776, -0.990042, 0.0, 0.990042, 0.140776, 0.0, 0.0, 0.0, 1.0], "scale": 1.0, "type": "shed_b"}
{"ctxid": 0, "pos": [-155.275, 3252.536, 364.425], "rotationMatrix": [-0.570818, -0.821077, 0.0, 0.821077, -0.570818, 0.0, 0.0, 0.0, 1.0], "scale": 1.0, "type": "shed_b"}
{"ctxid": 0, "pos": [373.364, 2596.941, 229.832], "rotationMatrix": [0.695545, -0.718482, 0.0, 0.718482, 0.695545, 0.0, 0.0, 0.0, 1.0], "scale": 1.0, "type": "shed_b"}
{"ctxid": 0, "pos": [-1062.391, 3603.844, 382.351], "rotationMatrix": [-0.452498, -0.891765, 0.0, 0.891765, -0.452498, 0.0, 0.0, 0.0, 1.0], "scale": 1.0, "type": "shed_b"}
{"ctxid": 0, "pos": [530.193, -304.901, 23.076], "rotationMatrix": [-0.988956, -0.148213, 0.0, 0.148213, -0.988956, 0.0, 0.0, 0.0, 1.0], "scale": 1.0, "type": "shed_b"}
{"ctxid": 0, "pos": [403.34, -254.995, 32.674], "rotationMatrix": [0.173862, -0.98477, 0.0, 0.98477, 0.173862, 0.0, 0.0, 0.0, 1.0], "scale": 1.0, "type": "shed_b"}
{"ctxid": 0, "pos": [475.14, -107.729, 47.222], "rotationMatrix": [-0.781633, 0.623739, 0.0, -0.623739, -0.781633, 0.0, 0.0, 0.0, 1.0], "scale": 1.0, "type": "shed_b"}
{"ctxid": 0, "pos": [472.26, -111.278, 46.824], "rotationMatrix": [0.919727, -0.39256, 0.0, 0.39256, 0.919727, 0.0, 0.0, 0.0, 1.0], "scale": 1.0, "type": "shed_b"}
{"ctxid": 0, "pos": [478.035, -155.149, 43.63], "rotationMatrix": [0.799391, -0.600811, 0.0, 0.600811, 0.799391, 0.0, 0.0, 0.0, 1.0], "scale": 1.0, "type": "shed_b"}
{"ctxid": 0, "pos": [982.312, 234.759, 71.303], "rotationMatrix": [-0.85515, -0.518381, 0.0, 0.518381, -0.85515, 0.0, 0.0, 0.0, 1.0], "scale": 1.0, "type": "shed_b"}
{"ctxid": 0, "pos": [1050.211, 3953.387, 364.425], "rotationMatrix": [0.785651, -0.618669, 0.0, 0.618669, 0.785651, 0.0, 0.0, 0.0, 1.0], "scale": 1.0, "type": "shed_b"}
{"ctxid": 0, "pos": [1058.842, 3947.041, 364.425], "rotationMatrix": [0.972157, -0.234329, 0.0, 0.234329, 0.972157, 0.0, 0.0, 0.0, 1.0], "scale": 1.0, "type": "shed_b"}
{"ctxid": 0, "pos": [1052.269, 4075.371, 364.425], "rotationMatrix": [-0.997613, -0.069051, 0.0, 0.069051, -0.997613, 0.0, 0.0, 0.0, 1.0], "scale": 1.0, "type": "shed_b"}
{"ctxid": 0, "pos": [902.931, 4110.202, 363.975], "rotationMatrix": [0.930645, -0.365923, 0.0, 0.365923, 0.930645, 0.0, 0.0, 0.0, 1.0], "scale": 1.0, "type": "shed_b"}
{"ctxid": 0, "pos": [681.922, 5035.217, 365.289], "rotationMatrix": [-0.996516, -0.083401, 0.0, 0.083401, -0.996516, 0.0, 0.0, 0.0, 1.0], "scale": 1.0, "type": "shed_b"}
{"ctxid": 0, "pos": [686.476, 5033.757, 365.289], "rotationMatrix": [-0.322025, -0.946731, 0.0, 0.946731, -0.322025, 0.0, 0.0, 0.0, 1.0], "scale": 1.0, "type": "shed_b"}
{"ctxid": 0, "pos": [-528.883, 780.999, 202.479], "rotationMatrix": [0.652233, -0.758019, 0.0, 0.758019, 0.652233, 0.0, 0.0, 0.0, 1.0], "scale": 1.0, "type": "shed_b"}
{"ctxid": 0, "pos": [-620.464, 807.514, 215.731], "rotationMatrix": [-0.999742, -0.022721, 0.0, 0.022721, -0.999742, 0.0, 0.0, 0.0, 1.0], "scale": 1.0, "type": "shed_b"}
{"ctxid": 0, "pos": [-188.034, 711.557, 167.504], "rotationMatrix": [-0.999323, -0.036785, 0.0, 0.036785, -0.999323, 0.0, 0.0, 0.0, 1.0], "scale": 1.0, "type": "shed_b"}
{"ctxid": 0, "pos": [-81.359, 897.292, 172.279], "rotationMatrix": [0.513594, -0.858033, 0.0, 0.858033, 0.513594, 0.0, 0.0, 0.0, 1.0], "scale": 1.0, "type": "shed_b"}
{"ctxid": 0, "pos": [-91.908, 871.258, 172.279], "rotationMatrix": [0.59727, -0.80204, 0.0, 0.80204, 0.59727, 0.0, 0.0, 0.0, 1.0], "scale": 1.0, "type": "shed_b"}
{"ctxid": 0, "pos": [-96.363, 864.042, 174.408], "rotationMatrix": [0.777061, -0.629426, 0.0, 0.629426, 0.777061, 0.0, 0.0, 0.0, 1.0], "scale": 1.0, "type": "shed_b"}
{"ctxid": 0, "pos": [-317.867, 889.763, 184.548], "rotationMatrix": [-0.998534, -0.054121, 0.0, 0.054121, -0.998534, 0.0, 0.0, 0.0, 1.0], "scale": 1.0, "type": "shed_b"}
{"ctxid": 0, "pos": [-190.996, 1467.339, 193.973], "rotationMatrix": [0.888082, -0.459685, 0.0, 0.459685, 0.888082, 0.0, 0.0, 0.0, 1.0], "scale": 1.0, "type": "shed_b"}
{"ctxid": 0, "pos": [-867.294, 2234.826, 351.543], "rotationMatrix": [-0.564116, -0.825696, 0.0, 0.825696, -0.564116, 0.0, 0.0, 0.0, 1.0], "scale": 1.0, "type": "shed_b"}
{"ctxid": 0, "pos": [-632.918, 3250.564, 363.99], "rotationMatrix": [0.384995, -0.922919, 0.0, 0.922919, 0.384995, 0.0, 0.0, 0.0, 1.0], "scale": 1.0, "type": "shed_b"}
{"ctxid": 0, "pos": [-640.776, 3253.792, 363.99], "rotationMatrix": [-0.202302, -0.979323, 0.0, 0.979323, -0.202302, 0.0, 0.0, 0.0, 1.0], "scale": 1.0, "type": "shed_b"}
{"ctxid": 0, "pos": [-910.96, 3280.106, 364.954], "rotationMatrix": [0.580445, -0.8143, 0.0, 0.8143, 0.580445, 0.0, 0.0, 0.0, 1.0], "scale": 1.0, "type": "shed_b"}
{"ctxid": 0, "pos": [-905.52, 3284.773, 364.954], "rotationMatrix": [-0.435746, -0.900069, 0.0, 0.900069, -0.435746, 0.0, 0.0, 0.0, 1.0], "scale": 1.0, "type": "shed_b"}
{"ctxid": 0, "pos": [-902.608, 3288.066, 364.954], "rotationMatrix": [-0.977443, -0.211197, 0.0, 0.211197, -0.977443, 0.0, 0.0, 0.0, 1.0], "scale": 1.0, "type": "shed_b"}
{"ctxid": 0, "pos": [-916.709, 3291.932, 364.954], "rotationMatrix": [0.792491, -0.609884, 0.0, 0.609884, 0.792491, 0.0, 0.0, 0.0, 1.0], "scale": 1.0, "type": "shed_b"}
{"ctxid": 0, "pos": [-851.401, 3413.891, 365.289], "rotationMatrix": [0.930347, -0.366682, 0.0, 0.366682, 0.930347, 0.0, 0.0, 0.0, 1.0], "scale": 1.0, "type": "shed_b"}
{"ctxid": 0, "pos": [-847.981, 3440.558, 365.289], "rotationMatrix": [-0.224947, -0.974371, 0.0, 0.974371, -0.224947, 0.0, 0.0, 0.0, 1.0], "scale": 1.0, "type": "shed_b"}
{"ctxid": 0, "pos": [-847.847, 3394.112, 364.954], "rotationMatrix": [-0.486706, -0.873566, 0.0, 0.873566, -0.486706, 0.0, 0.0, 0.0, 1.0], "scale": 1.0, "type": "shed_b"}
{"ctxid": 0, "pos": [-846.766, 3381.598, 364.954], "rotationMatrix": [0.901932, -0.431879, 0.0, 0.431879, 0.901932, 0.0, 0.0, 0.0, 1.0], "scale": 1.0, "type": "shed_b"}
{"ctxid": 0, "pos": [-862.35, 3425.243, 365.289], "rotationMatrix": [-0.984193, -0.177099, 0.0, 0.177099, -0.984193, 0.0, 0.0, 0.0, 1.0], "scale": 1.0, "type": "shed_b"}
{"ctxid": 0, "pos": [-705.558, 3256.352, 363.99], "rotationMatrix": [-0.710163, -0.704038, 0.0, 0.704038, -0.710163, 0.0, 0.0, 0.0, 1.0], "scale": 1.0, "type": "shed_b"}
{"ctxid": 0, "pos": [-769.647, 3185.666, 363.99], "rotationMatrix": [0.300327, -0.953836, 0.0, 0.953836, 0.300327, 0.0, 0.0, 0.0, 1.0], "scale": 1.0, "type": "shed_b"}
{"ctxid": 0, "pos": [-776.03, 3167.614, 363.99], "rotationMatrix": [0.676696, -0.736263, 0.0, 0.736263, 0.676696, 0.0, 0.0, 0.0, 1.0], "scale": 1.0, "type": "shed_b"}
{"ctxid": 0, "pos": [-787.037, 3166.022, 363.99], "rotationMatrix": [0.891499, -0.453022, 0.0, 0.453022, 0.891499, 0.0, 0.0, 0.0, 1.0], "scale": 1.0, "type": "shed_b"}
{"ctxid": 0, "pos": [-778.357, 3190.726, 363.99], "rotationMatrix": [0.385333, -0.922778, 0.0, 0.922778, 0.385333, 0.0, 0.0, 0.0, 1.0], "scale": 1.0, "type": "shed_b"}
{"ctxid": 0, "pos": [-788.363, 3151.509, 363.99], "rotationMatrix": [-0.066539, -0.997784, 0.0, 0.997784, -0.066539, 0.0, 0.0, 0.0, 1.0], "scale": 1.0, "type": "shed_b"}
{"ctxid": 0, "pos": [-781.97, 3195.154, 363.99], "rotationMatrix": [0.689249, -0.724524, 0.0, 0.724524, 0.689249, 0.0, 0.0, 0.0, 1.0], "scale": 1.0, "type": "shed_b"}
{"ctxid": 0, "pos": [-765.083, 3169.442, 363.99], "rotationMatrix": [0.95282, -0.303535, 0.0, 0.303535, 0.95282, 0.0, 0.0, 0.0, 1.0], "scale": 1.0, "type": "shed_b"}
{"ctxid": 0, "pos": [-729.431, 3211.464, 363.99], "rotationMatrix": [-0.547925, -0.836528, 0.0, 0.836528, -0.547925, 0.0, 0.0, 0.0, 1.0], "scale": 1.0, "type": "shed_b"}
{"ctxid": 0, "pos": [-785.567, 3246.475, 364.604], "rotationMatrix": [-0.944623, -0.328158, 0.0, 0.328158, -0.944623, 0.0, 0.0, 0.0, 1.0], "scale": 1.0, "type": "shed_b"}
{"ctxid": 0, "pos": [-784.162, 3242.049, 364.604], "rotationMatrix": [-0.874462, -0.485093, 0.0, 0.485093, -0.874462, 0.0, 0.0, 0.0, 1.0], "scale": 1.0, "type": "shed_b"}
{"ctxid": 0, "pos": [-779.34, 3247.235, 364.604], "rotationMatrix": [0.153737, -0.988112, 0.0, 0.988112, 0.153737, 0.0, 0.0, 0.0, 1.0], "scale": 1.0, "type": "shed_b"}
{"ctxid": 0, "pos": [-813.305, 3151.707, 363.99], "rotationMatrix": [-0.484897, -0.874571, 0.0, 0.874571, -0.484897, 0.0, 0.0, 0.0, 1.0], "scale": 1.0, "type": "shed_b"}
{"ctxid": 0, "pos": [-954.913, 3322.525, 365.289], "rotationMatrix": [0.584596, -0.811324, 0.0, 0.811324, 0.584596, 0.0, 0.0, 0.0, 1.0], "scale": 1.0, "type": "shed_b"}
{"ctxid": 0, "pos": [-1315.102, 3660.696, 384.277], "rotationMatrix": [-0.073345, -0.997307, 0.0, 0.997307, -0.073345, 0.0, 0.0, 0.0, 1.0], "scale": 1.0, "type": "shed_b"}
{"ctxid": 0, "pos": [-379.232, 2383.19, 350.113], "rotationMatrix": [-0.401733, -0.915757, 0.0, 0.915757, -0.401733, 0.0, 0.0, 0.0, 1.0], "scale": 1.0, "type": "shed_b"}
{"ctxid": 0, "pos": [710.542, 3698.781, 364.425], "rotationMatrix": [-0.954749, -0.297414, 0.0, 0.297414, -0.954749, 0.0, 0.0, 0.0, 1.0], "scale": 1.0, "type": "shed_b"}
