{"ctxid": 0, "pos": [509.391, 21.658, 59.881], "rotationMatrix": [0.097293, -0.995256, 0.0, 0.995256, 0.097293, 0.0, 0.0, 0.0, 1.0], "scale": 1.0, "type": "shed_f"}
{"ctxid": 0, "pos": [3589.344, 3583.531, 76.729], "rotationMatrix": [-0.972528, -0.232786, 0.0, 0.232786, -0.972528, 0.0, 0.0, 0.0, 1.0], "scale": 1.0, "type": "shed_f"}
{"ctxid": 0, "pos": [-3283.486, 803.327, 366.915], "rotationMatrix": [-0.965582, -0.2601, 0.0, 0.2601, -0.965582, 0.0, 0.0, 0.0, 1.0], "scale": 1.0, "type": "shed_f"}
{"ctxid": 0, "pos": [-3230.868, 761.495, 319.36], "rotationMatrix": [-0.127879, -0.99179, 0.0, 0.99179, -0.127879, 0.0, 0.0, 0.0, 1.0], "scale": 1.0, "type": "shed_f"}
{"ctxid": 0, "pos": [-3212.616, 750.435, 319.36], "rotationMatrix": [-0.196348, -0.980534, 0.0, 0.980534, -0.196348, 0.0, 0.0, 0.0, 1.0], "scale": 1.0, "type": "shed_f"}
{"ctxid": 0, "pos": [-3219.914, 792.459, 319.36], "rotationMatrix": [0.477766, -0.878487, 0.0, 0.878487, 0.477766, 0.0, 0.0, 0.0, 1.0], "scale": 1.0, "type": "shed_f"}
{"ctxid": 0, "pos": [-3252.135, 766.462, 319.36], "rotationMatrix": [-0.016039, -0.999871, 0.0, 0.999871, -0.016039, 0.0, 0.0, 0.0, 1.0], "scale": 1.0, "type": "shed_f"}
{"ctxid": 0, "pos": [-3256.17, 792.021, 366.915], "rotationMatrix": [-0.642923, -0.765931, 0.0, 0.765931, -0.642923, 0.0, 0.0, 0.0, 1.0], "scale": 1.0, "type": "shed_f"}
{"ctxid": 0, "pos": [-3258.843, 782.584, 366.915], "rotationMatrix": [-0.762542, -0.646939, 0.0, 0.646939, -0.762542, 0.0, 0.0, 0.0, 1.0], "scale": 1.0, "type": "shed_f"}
{"ctxid": 0, "pos": [-3264.195, 799.314, 366.915], "rotationMatrix": [0.997751, -0.067029, 0.0, 0.067029, 0.997751, 0.0, 0.0, 0.0, 1.0], "scale": 1.0, "type": "shed_f"}
{"ctxid": 0, "pos": [-3273.249, 784.522, 366.915], "rotationMatrix": [-0.955317, -0.295583, 0.0, 0.295583, -0.955317, 0.0, 0.0, 0.0, 1.0], "scale": 1.0, "type": "shed_f"}
{"ctxid": 0, "pos": [-3338.613, 786.444, 366.915], "rotationMatrix": [-0.423179, -0.906046, 0.0, 0.906046, -0.423179, 0.0, 0.0, 0.0, 1.0], "scale": 1.0, "type": "shed_f"}
{"ctxid": 0, "pos": [-3364.499, 782.702, 366.915], "rotationMatrix": [-0.441262, -0.897379, 0.0, 0.897379, -0.441262, 0.0, 0.0, 0.0, 1.0], "scale": 1.0, "type": "shed_f"}
{"ctxid": 0, "pos": [-3374.353, 788.629, 366.915], "rotationMatrix": [0.046182, -0.998933, 0.0, 0.998933, 0.046182, 0.0, 0.0, 0.0, 1.0], "scale": 1.0, "type": "shed_f"}
{"ctxid": 0, "pos": [-3395.724, 805.72, 366.915], "rotationMatrix": [-0.998615, -0.052618, 0.0, 0.052618, -0.998615, 0.0, 0.0, 0.0, 1.0], "scale": 1.0, "type": "shed_f"}
{"ctxid": 0, "pos": [-3369.323, 788.251, 366.915], "rotationMatrix": [0.276192, -0.961102, 0.0, 0.961102, 0.276192, 0.0, 0.0, 0.0, 1.0], "scale": 1.0, "type": "shed_f"}
{"ctxid": 0, "pos": [-3403.373, 803.801, 366.915], "rotationMatrix": [0.988878, -0.148731, 0.0, 0.148731, 0.988878, 0.0, 0.0, 0.0, 1.0], "scale": 1.0, "type": "shed_f"}
{"ctxid": 0, "pos": [-3389.946, 830.232, 366.915], "rotationMatrix": [-0.083593, -0.9965, 0.0, 0.9965, -0.083593, 0.0, 0.0, 0.0, 1.0], "scale": 1.0, "type": "shed_f"}
{"ctxid": 0, "pos": [-3356.0, 826.267, 366.915], "rotationMatrix": [-0.982331, -0.18715, 0.0, 0.18715, -0.982331, 0.0, 0.0, 0.0, 1.0], "scale": 1.0, "type": "shed_f"}
{"ctxid": 0, "pos": [-3428.597, 813.207, 366.915], "rotationMatrix": [-0.997546, -0.070016, 0.0, 0.070016, -0.997546, 0.0, 0.0, 0.0, 1.0], "scale": 1.0, "type": "shed_f"}
{"ctxid": 0, "pos": [-3421.081, 799.482, 366.915], "rotationMatrix": [-0.92167, -0.387974, 0.0, 0.387974, -0.92167, 0.0, 0.0, 0.0, 1.0], "scale": 1.0, "type": "shed_f"}
{"ctxid": 0, "pos": [-3421.181, 791.125, 366.915], "rotationMatrix": [0.124963, -0.992161, 0.0, 0.992161, 0.124963, 0.0, 0.0, 0.0, 1.0], "scale": 1.0, "type": "shed_f"}
{"ctxid": 0, "pos": [-3363.603, 789.145, 366.915], "rotationMatrix": [-0.383705, -0.923456, 0.0, 0.923456, -0.383705, 0.0, 0.0, 0.0, 1.0], "scale": 1.0, "type": "shed_f"}
{"ctxid": 0, "pos": [-3547.811, 1184.314, 368.478], "rotationMatrix": [-0.670536, -0.741877, 0.0, 0.741877, -0.670536, 0.0, 0.0, 0.0, 1.0], "scale": 1.0, "type": "shed_f"}
{"ctxid": 0, "pos": [-3410.783, 840.088, 366.915], "rotationMatrix": [0.375994, -0.926622, 0.0, 0.926622, 0.375994, 0.0, 0.0, 0.0, 1.0], "scale": 1.0, "type": "shed_f"}
{"ctxid": 0, "pos": [-3300.094, 744.481, 319.36], "rotationMatrix": [0.206682, -0.978408, 0.0, 0.978408, 0.206682, 0.0, 0.0, 0.0, 1.0], "scale": 1.0, "type": "shed_f"}
{"ctxid": 0, "pos": [-3312.347, 786.193, 366.915], "rotationMatrix": [0.964447, -0.264277, 0.0, 0.264277, 0.964447, 0.0, 0.0, 0.0, 1.0], "scale": 1.0, "type": "shed_f"}
{"ctxid": 0, "pos": [-3333.665, 787.657, 366.915], "rotationMatrix": [0.197907, -0.980221, 0.0, 0.980221, 0.197907, 0.0, 0.0, 0.0, 1.0], "scale": 1.0, "type": "shed_f"}
{"ctxid": 0, "pos": [-3128.601, 770.044, 316.872], "rotationMatrix": [-0.981542, -0.191246, 0.0, 0.191246, -0.981542, 0.0, 0.0, 0.0, 1.0], "scale": 1.0, "type": "shed_f"}
{"ctxid": 0, "pos": [-3172.316, 791.547, 319.36], "rotationMatrix": [0.920249, -0.391333, 0.0, 0.391333, 0.920249, 0.0, 0.0, 0.0, 1.0], "scale": 1.0, "type": "shed_f"}
{"ctxid": 0, "pos": [-3138.201, 758.029, 316.872], "rotationMatrix": [0.686724, -0.726919, 0.0, 0.726919, 0.686724, 0.0, 0.0, 0.0, 1.0], "scale": 1.0, "type": "shed_f"}
{"ctxid": 0, "pos": [-3118.14, 796.097, 319.36], "rotationMatrix": [-0.623792, -0.781591, 0.0, 0.781591, -0.623792, 0.0, 0.0, 0.0, 1.0], "scale": 1.0, "type": "shed_f"}
{"ctxid": 0, "pos": [-3157.358, 678.293, 316.872], "rotationMatrix": [-0.753316, -0.657659, 0.0, 0.657659, -0.753316, 0.0, 0.0, 0.0, 1.0], "scale": 1.0, "type": "shed_f"}
{"ctxid": 0, "pos": [-3159.284, 751.646, 316.872], "rotationMatrix": [0.014546, -0.999894, 0.0, 0.999894, 0.014546, 0.0, 0.0, 0.0, 1.0], "scale": 1.0, "type": "shed_f"}
{"ctxid": 0, "pos": [-3177.979, 763.334, 319.36], "rotationMatrix": [-0.171579, -0.98517, 0.0, 0.98517, -0.171579, 0.0, 0.0, 0.0, 1.0], "scale": 1.0, "type": "shed_f"}
{"ctxid": 0, "pos": [-3185.761, 721.477, 316.872], "rotationMatrix": [-0.286376, -0.958117, 0.0, 0.958117, -0.286376, 0.0, 0.0, 0.0, 1.0], "scale": 1.0, "type": "shed_f"}
{"ctxid": 0, "pos": [-3188.724, 715.295, 316.872], "rotationMatrix": [0.718368, -0.695663, 0.0, 0.695663, 0.718368, 0.0, 0.0, 0.0, 1.0], "scale": 1.0, "type": "shed_f"}
{"ctxid": 0, "pos": [-3061.648, 724.745, 316.872], "rotationMatrix": [-0.715816, -0.698289, 0.0, 0.698289, -0.715816, 0.0, 0.0, 0.0, 1.0], "scale": 1.0, "type": "shed_f"}
{"ctxid": 0, "pos": [-3038.216, 716.156, 316.872], "rotationMatrix": [0.862554, -0.505966, 0.0, 0.505966, 0.862554, 0.0, 0.0, 0.0, 1.0], "scale": 1.0, "type": "shed_f"}
{"ctxid": 0, "pos": [-3074.097, 748.875, 316.872], "rotationMatrix": [-0.713557, -0.700598, 0.0, 0.700598, -0.713557, 0.0, 0.0, 0.0, 1.0], "scale": 1.0, "type": "shed_f"}
{"ctxid": 0, "pos": [-2998.323, 689.313, 316.872], "rotationMatrix": [0.169631, -0.985508, 0.0, 0.985508, 0.169631, 0.0, 0.0, 0.0, 1.0], "scale": 1.0, "type": "shed_f"}
{"ctxid": 0, "pos": [-3037.904, 662.479, 316.872], "rotationMatrix": [0.999744, -0.022619, 0.0, 0.022619, 0.999744, 0.0, 0.0, 0.0, 1.0], "scale": 1.0, "type": "shed_f"}
{"ctxid": 0, "pos": [-3397.733, 780.172, 366.915], "rotationMatrix": [-0.900903, -0.434021, 0.0, 0.434021, -0.900903, 0.0, 0.0, 0.0, 1.0], "scale": 1.0, "type": "shed_f"}
{"ctxid": 0, "pos": [-3340.958, 777.502, 366.915], "rotationMatrix": [0.71559, -0.698521, 0.0, 0.698521, 0.71559, 0.0, 0.0, 0.0, 1.0], "scale": 1.0, "type": "shed_f"}
{"ctxid": 0, "pos": [-3396.998, 753.201, 366.915], "rotationMatrix": [-0.946093, -0.323895, 0.0, 0.323895, -0.946093, 0.0, 0.0, 0.0, 1.0], "scale": 1.0, "type": "shed_f"}
{"ctxid": 0, "pos": [-3042.327, 824.899, 319.36], "rotationMatrix": [-0.390486, -0.920609, 0.0, 0.920609, -0.390486, 0.0, 0.0, 0.0, 1.0], "scale": 1.0, "type": "shed_f"}
{"ctxid": 0, "pos": [-2973.102, 854.403, 319.36], "rotationMatrix": [0.960786, -0.277289, 0.0, 0.277289, 0.960786, 0.0, 0.0, 0.0, 1.0], "scale": 1.0, "type": "shed_f"}
{"ctxid": 0, "pos": [-3108.787, 784.761, 319.36], "rotationMatrix": [0.984565, -0.175022, 0.0, 0.175022, 0.984565, 0.0, 0.0, 0.0, 1.0], "scale": 1.0, "type": "shed_f"}
{"ctxid": 0, "pos": [-3107.42, 797.15, 319.36], "rotationMatrix": [-0.997983, -0.063485, 0.0, 0.063485, -0.997983, 0.0, 0.0, 0.0, 1.0], "scale": 1.0, "type": "shed_f"}
{"ctxid": 0, "pos": [-3113.847, 1073.683, 366.915], "rotationMatrix": [-0.528218, -0.849109, 0.0, 0.849109, -0.528218, 0.0, 0.0, 0.0, 1.0], "scale": 1.0, "type": "shed_f"}
{"ctxid": 0, "pos": [-3020.729, 846.674, 319.36], "rotationMatrix": [-0.795517, -0.605931, 0.0, 0.605931, -0.795517, 0.0, 0.0, 0.0, 1.0], "scale": 1.0, "type": "shed_f"}
{"ctxid": 0, "pos": [-3325.221, 379.805, 316.872], "rotationMatrix": [0.876983, -0.480521, 0.0, 0.480521, 0.876983, 0.0, 0.0, 0.0, 1.0], "scale": 1.0, "type": "shed_f"}
{"ctxid": 0, "pos": [-2598.098, 874.818, 316.872], "rotationMatrix": [-0.880021, -0.474935, 0.0, 0.474935, -0.880021, 0.0, 0.0, 0.0, 1.0], "scale": 1.0, "type": "shed_f"}
{"ctxid": 0, "pos": [-2832.817, 1158.24, 366.915], "rotationMatrix": [0.328098, -0.944644, 0.0, 0.944644, 0.328098, 0.0, 0.0, 0.0, 1.0], "scale": 1.0, "type": "shed_f"}
{"ctxid": 0, "pos": [-2847.615, 1142.458, 366.915], "rotationMatrix": [-0.965403, -0.260762, 0.0, 0.260762, -0.965403, 0.0, 0.0, 0.0, 1.0], "scale": 1.0, "type": "shed_f"}
{"ctxid": 0, "pos": [-2884.161, 710.486, 316.872], "rotationMatrix": [0.128785, -0.991673, 0.0, 0.991673, 0.128785, 0.0, 0.0, 0.0, 1.0], "scale": 1.0, "type": "shed_f"}
{"ctxid": 0, "pos": [-3197.036, 718.512, 316.872], "rotationMatrix": [0.703948, -0.710251, 0.0, 0.710251, 0.703948, 0.0, 0.0, 0.0, 1.0], "scale": 1.0, "type": "shed_f"}
{"ctxid": 0, "pos": [-3314.844, 743.354, 366.915], "rotationMatrix": [0.972706, -0.23204, 0.0, 0.23204, 0.972706, 0.0, 0.0, 0.0, 1.0], "scale": 1.0, "type": "shed_f"}
{"ctxid": 0, "pos": [-3223.023, 517.639, 316.872], "rotationMatrix": [0.967322, -0.253551, 0.0, 0.253551, 0.967322, 0.0, 0.0, 0.0, 1.0], "scale": 1.0, "type": "shed_f"}
{"ctxid": 0, "pos": [-3165.896, 1475.187, 368.478], "rotationMatrix": [-0.719665, -0.694321, 0.0, 0.694321, -0.719665, 0.0, 0.0, 0.0, 1.0], "scale": 1.0, "type": "shed_f"}
{"ctxid": 0, "pos": [-3047.584, 1431.517, 368.478], "rotationMatrix": [-0.997663, -0.068326, 0.0, 0.068326, -0.997663, 0.0, 0.0, 0.0, 1.0], "scale": 1.0, "type": "shed_f"}
{"ctxid": 0, "pos": [-3102.133, 1204.445, 366.915], "rotationMatrix": [-0.826754, -0.562564, 0.0, 0.562564, -0.826754, 0.0, 0.0, 0.0, 1.0], "scale": 1.0, "type": "shed_f"}
{"ctxid": 0, "pos": [-2776.626, 888.066, 316.872], "rotationMatrix": [-0.924718, -0.380654, 0.0, 0.380654, -0.924718, 0.0, 0.0, 0.0, 1.0], "scale": 1.0, "type": "shed_f"}
{"ctxid": 0, "pos": [-3904.478, 688.554, 366.915], "rotationMatrix": [-0.522568, -0.852598, 0.0, 0.852598, -0.522568, 0.0, 0.0, 0.0, 1.0], "scale": 1.0, "type": "shed_f"}
{"ctxid": 0, "pos": [-3407.859, 249.676, 314.62], "rotationMatrix": [0.821304, -0.57049, 0.0, 0.57049, 0.821304, 0.0, 0.0, 0.0, 1.0], "scale": 1.0, "type": "shed_f"}
{"ctxid": 0, "pos": [3721.004, 3465.522, 76.729], "rotationMatrix": [0.998914, -0.046588, 0.0, 0.046588, 0.998914, 0.0, 0.0, 0.0, 1.0], "scale": 1.0, "type": "shed_f"}
{"ctxid": 0, "pos": [3720.016, 3652.136, 76.729], "rotationMatrix": [-0.388347, -0.921513, 0.0, 0.921513, -0.388347, 0.0, 0.0, 0.0, 1.0], "scale": 1.0, "type": "shed_f"}
{"ctxid": 0, "pos": [3566.338, 3608.728, 76.729], "rotationMatrix": [-0.751121, -0.660164, 0.0, 0.660164, -0.751121, 0.0, 0.0, 0.0, 1.0], "scale": 1.0, "type": "shed_f"}
{"ctxid": 0, "pos": [3575.045, 3609.941, 76.729], "rotationMatrix": [-0.139856, -0.990172, 0.0, 0.990172, -0.139856, 0.0, 0.0, 0.0, 1.0], "scale": 1.0, "type": "shed_f"}
{"ctxid": 0, "pos": [3587.431, 3611.431, 76.729], "rotationMatrix": [-0.182699, -0.983169, 0.0, 0.983169, -0.182699, 0.0, 0.0, 0.0, 1.0], "scale": 1.0, "type": "shed_f"}
{"ctxid": 0, "pos": [2919.928, -3808.933, 125.274], "rotationMatrix": [0.78227, -0.62294, 0.0, 0.62294, 0.78227, 0.0, 0.0, 0.0, 1.0], "scale": 1.0, "type": "shed_f"}
{"ctxid": 0, "pos": [2909.777, -3814.469, 124.602], "rotationMatrix": [0.834909, -0.550388, 0.0, 0.550388, 0.834909, 0.0, 0.0, 0.0, 1.0], "scale": 1.0, "type": "shed_f"}
{"ctxid": 0, "pos": [2549.975, -3694.829, 173.43], "rotationMatrix": [0.186063, -0.982538, 0.0, 0.982538, 0.186063, 0.0, 0.0, 0.0, 1.0], "scale": 1.0, "type": "shed_f"}
{"ctxid": 0, "pos": [2360.564, -3543.504, 189.381], "rotationMatrix": [-0.875895, -0.482501, 0.0, 0.482501, -0.875895, 0.0, 0.0, 0.0, 1.0], "scale": 1.0, "type": "shed_f"}
{"ctxid": 0, "pos": [2375.191, -3571.92, 189.98], "rotationMatrix": [-0.940447, -0.339941, 0.0, 0.339941, -0.940447, 0.0, 0.0, 0.0, 1.0], "scale": 1.0, "type": "shed_f"}
{"ctxid": 0, "pos": [1278.157, -3087.233, 246.158], "rotationMatrix": [0.662544, -0.749023, 0.0, 0.749023, 0.662544, 0.0, 0.0, 0.0, 1.0], "scale": 1.0, "type": "shed_f"}
{"ctxid": 0, "pos": [1272.288, -2977.432, 245.87], "rotationMatrix": [0.802935, -0.596067, 0.0, 0.596067, 0.802935, 0.0, 0.0, 0.0, 1.0], "scale": 1.0, "type": "shed_f"}
{"ctxid": 0, "pos": [1249.299, -2969.762, 245.87], "rotationMatrix": [0.09144, -0.995811, 0.0, 0.995811, 0.09144, 0.0, 0.0, 0.0, 1.0], "scale": 1.0, "type": "shed_f"}
{"ctxid": 0, "pos": [1231.036, -2972.137, 245.87], "rotationMatrix": [0.6129, -0.79016, 0.0, 0.79016, 0.6129, 0.0, 0.0, 0.0, 1.0], "scale": 1.0, "type": "shed_f"}
{"ctxid": 0, "pos": [1169.973, -2030.942, 207.853], "rotationMatrix": [-0.333259, -0.942835, 0.0, 0.942835, -0.333259, 0.0, 0.0, 0.0, 1.0], "scale": 1.0, "type": "shed_f"}
{"ctxid": 0, "pos": [457.238, -258.584, 31.758], "rotationMatrix": [-0.857101, -0.515148, 0.0, 0.515148, -0.857101, 0.0, 0.0, 0.0, 1.0], "scale": 1.0, "type": "shed_f"}
{"ctxid": 0, "pos": [-873.054, -2319.73, 61.054], "rotationMatrix": [-0.986343, -0.164702, 0.0, 0.164702, -0.986343, 0.0, 0.0, 0.0, 1.0], "scale": 1.0, "type": "shed_f"}
{"ctxid": 0, "pos": [-929.725, -2349.432, 58.994], "rotationMatrix": [0.955144, -0.296143, 0.0, 0.296143, 0.955144, 0.0, 0.0, 0.0, 1.0], "scale": 1.0, "type": "shed_f"}
{"ctxid": 0, "pos": [-1530.24, -2655.131, 57.157], "rotationMatrix": [-0.194154, -0.980971, 0.0, 0.980971, -0.194154, 0.0, 0.0, 0.0, 1.0], "scale": 1.0, "type": "shed_f"}
{"ctxid": 0, "pos": [-1528.735, -2630.321, 57.157], "rotationMatrix": [-0.968151, -0.250366, 0.0, 0.250366, -0.968151, 0.0, 0.0, 0.0, 1.0], "scale": 1.0, "type": "shed_f"}
{"ctxid": 0, "pos": [-1514.488, -2648.502, 57.157], "rotationMatrix": [0.992748, -0.120212, 0.0, 0.120212, 0.992748, 0.0, 0.0, 0.0, 1.0], "scale": 1.0, "type": "shed_f"}
{"ctxid": 0, "pos": [-1534.639, -2688.153, 58.994], "rotationMatrix": [-0.101775, -0.994807, 0.0, 0.994807, -0.101775, 0.0, 0.0, 0.0, 1.0], "scale": 1.0, "type": "shed_f"}
{"ctxid": 0, "pos": [3179.458, -3231.914, 136.142], "rotationMatrix": [-0.992598, -0.121446, 0.0, 0.121446, -0.992598, 0.0, 0.0, 0.0, 1.0], "scale": 1.0, "type": "shed_f"}
{"ctxid": 0, "pos": [3388.242, -4314.407, 75.577], "rotationMatrix": [0.906285, -0.422667, 0.0, 0.422667, 0.906285, 0.0, 0.0, 0.0, 1.0], "scale": 1.0, "type": "shed_f"}
{"ctxid": 0, "pos": [3928.537, -4575.761, 70.808], "rotationMatrix": [0.507674, -0.861549, 0.0, 0.861549, 0.507674, 0.0, 0.0, 0.0, 1.0], "scale": 1.0, "type": "shed_f"}
{"ctxid": 0, "pos": [3157.856, -4093.991, 87.932], "rotationMatrix": [0.463181, -0.886263, 0.0, 0.886263, 0.463181, 0.0, 0.0, 0.0, 1.0], "scale": 1.0, "type": "shed_f"}
{"ctxid": 0, "pos": [3131.92, -3126.032, 137.682], "rotationMatrix": [-0.996342, -0.08546, 0.0, 0.08546, -0.996342, 0.0, 0.0, 0.0, 1.0], "scale": 1.0, "type": "shed_f"}
{"ctxid": 0, "pos": [3237.877, -4100.439, 81.834], "rotationMatrix": [-0.981291, -0.19253, 0.0, 0.19253, -0.981291, 0.0, 0.0, 0.0, 1.0], "scale": 1.0, "type": "shed_f"}
{"ctxid": 0, "pos": [3079.434, -3399.525, 129.993], "rotationMatrix": [-0.615488, -0.788146, 0.0, 0.788146, -0.615488, 0.0, 0.0, 0.0, 1.0], "scale": 1.0, "type": "shed_f"}
{"ctxid": 0, "pos": [-757.412, 3344.822, 364.604], "rotationMatrix": [-0.672733, -0.739885, 0.0, 0.739885, -0.672733, 0.0, 0.0, 0.0, 1.0], "scale": 1.0, "type": "shed_f"}
{"ctxid": 0, "pos": [-813.629, 3319.893, 364.604], "rotationMatrix": [-0.935287, -0.35389, 0.0, 0.35389, -0.935287, 0.0, 0.0, 0.0, 1.0], "scale": 1.0, "type": "shed_f"}
{"ctxid": 0, "pos": [-846.232, 3314.238, 364.954], "rotationMatrix": [0.869353, -0.494192, 0.0, 0.494192, 0.869353, 0.0, 0.0, 0.0, 1.0], "scale": 1.0, "type": "shed_f"}
{"ctxid": 0, "pos": [-842.981, 3373.309, 364.954], "rotationMatrix": [-0.466814, -0.884356, 0.0, 0.884356, -0.466814, 0.0, 0.0, 0.0, 1.0], "scale": 1.0, "type": "shed_f"}
{"ctxid": 0, "pos": [-820.572, 3374.831, 364.954], "rotationMatrix": [-0.309561, -0.950879, 0.0, 0.950879, -0.309561, 0.0, 0.0, 0.0, 1.0], "scale": 1.0, "type": "shed_f"}
{"ctxid": 0, "pos": [-877.489, 2792.28, 364.796], "rotationMatrix": [0.873823, -0.486244, 0.0, 0.486244, 0.873823, 0.0, 0.0, 0.0, 1.0], "scale": 1.0, "type": "shed_f"}
{"ctxid": 0, "pos": [-410.621, 2987.122, 364.796], "rotationMatrix": [-0.433333, -0.901234, 0.0, 0.901234, -0.433333, 0.0, 0.0, 0.0, 1.0], "scale": 1.0, "type": "shed_f"}
{"ctxid": 0, "pos": [-639.427, 3314.886, 363.99], "rotationMatrix": [-0.723308, -0.690525, 0.0, 0.690525, -0.723308, 0.0, 0.0, 0.0, 1.0], "scale": 1.0, "type": "shed_f"}
{"ctxid": 0, "pos": [-636.577, 3290.019, 363.99], "rotationMatrix": [-0.712132, -0.702046, 0.0, 0.702046, -0.712132, 0.0, 0.0, 0.0, 1.0], "scale": 1.0, "type": "shed_f"}
{"ctxid": 0, "pos": [-590.05, 3343.289, 363.99], "rotationMatrix": [0.185032, -0.982732, 0.0, 0.982732, 0.185032, 0.0, 0.0, 0.0, 1.0], "scale": 1.0, "type": "shed_f"}
{"ctxid": 0, "pos": [-643.024, 3338.766, 363.99], "rotationMatrix": [0.257866, -0.966181, 0.0, 0.966181, 0.257866, 0.0, 0.0, 0.0, 1.0], "scale": 1.0, "type": "shed_f"}
{"ctxid": 0, "pos": [-599.913, 3385.478, 363.99], "rotationMatrix": [0.80886, -0.588001, 0.0, 0.588001, 0.80886, 0.0, 0.0, 0.0, 1.0], "scale": 1.0, "type": "shed_f"}
{"ctxid": 0, "pos": [-575.029, 3396.971, 363.99], "rotationMatrix": [0.998448, -0.055698, 0.0, 0.055698, 0.998448, 0.0, 0.0, 0.0, 1.0], "scale": 1.0, "type": "shed_f"}
{"ctxid": 0, "pos": [-619.435, 3299.301, 363.99], "rotationMatrix": [0.077859, -0.996964, 0.0, 0.996964, 0.077859, 0.0, 0.0, 0.0, 1.0], "scale": 1.0, "type": "shed_f"}
{"ctxid": 0, "pos": [-428.912, 3419.771, 363.99], "rotationMatrix": [0.653012, -0.757348, 0.0, 0.757348, 0.653012, 0.0, 0.0, 0.0, 1.0], "scale": 1.0, "type": "shed_f"}
{"ctxid": 0, "pos": [-753.551, 3274.374, 364.604], "rotationMatrix": [-0.139831, -0.990175, 0.0, 0.990175, -0.139831, 0.0, 0.0, 0.0, 1.0], "scale": 1.0, "type": "shed_f"}
{"ctxid": 0, "pos": [-723.012, 3151.499, 363.975], "rotationMatrix": [-0.80335, -0.595508, 0.0, 0.595508, -0.80335, 0.0, 0.0, 0.0, 1.0], "scale": 1.0, "type": "shed_f"}
{"ctxid": 0, "pos": [-1481.687, 3527.935, 384.277], "rotationMatrix": [-0.970253, -0.242092, 0.0, 0.242092, -0.970253, 0.0, 0.0, 0.0, 1.0], "scale": 1.0, "type": "shed_f"}
{"ctxid": 0, "pos": [-953.085, 3382.475, 365.961], "rotationMatrix": [0.920529, -0.390673, 0.0, 0.390673, 0.920529, 0.0, 0.0, 0.0, 1.0], "scale": 1.0, "type": "shed_f"}
{"ctxid": 0, "pos": [-1245.218, 3556.61, 382.351], "rotationMatrix": [-0.311601, -0.950213, 0.0, 0.950213, -0.311601, 0.0, 0.0, 0.0, 1.0], "scale": 1.0, "type": "shed_f"}
{"ctxid": 0, "pos": [-613.664, 3228.611, 363.975], "rotationMatrix": [0.96638, -0.257118, 0.0, 0.257118, 0.96638, 0.0, 0.0, 0.0, 1.0], "scale": 1.0, "type": "shed_f"}
{"ctxid": 0, "pos": [-751.781, 3284.881, 364.604], "rotationMatrix": [0.998751, -0.049963, 0.0, 0.049963, 0.998751, 0.0, 0.0, 0.0, 1.0], "scale": 1.0, "type": "shed_f"}
{"ctxid": 0, "pos": [-545.757, 3404.31, 363.99], "rotationMatrix": [-0.93741, -0.348228, 0.0, 0.348228, -0.93741, 0.0, 0.0, 0.0, 1.0], "scale": 1.0, "type": "shed_f"}
{"ctxid": 0, "pos": [-525.574, 3410.7, 363.99], "rotationMatrix": [0.504191, -0.863592, 0.0, 0.863592, 0.504191, 0.0, 0.0, 0.0, 1.0], "scale": 1.0, "type": "shed_f"}
{"ctxid": 0, "pos": [80.548, 3286.824, 364.425], "rotationMatrix": [0.997823, -0.065943, 0.0, 0.065943, 0.997823, 0.0, 0.0, 0.0, 1.0], "scale": 1.0, "type": "shed_f"}
{"ctxid": 0, "pos": [-26.709, 3806.2, 363.99], "rotationMatrix": [-0.841009, -0.541022, 0.0, 0.541022, -0.841009, 0.0, 0.0, 0.0, 1.0], "scale": 1.0, "type": "shed_f"}
{"ctxid": 0, "pos": [-87.862, 3801.508, 363.99], "rotationMatrix": [-0.146056, -0.989276, 0.0, 0.989276, -0.146056, 0.0, 0.0, 0.0, 1.0], "scale": 1.0, "type": "shed_f"}
{"ctxid": 0, "pos": [512.67, 3472.433, 364.425], "rotationMatrix": [-0.989872, -0.141965, 0.0, 0.141965, -0.989872, 0.0, 0.0, 0.0, 1.0], "scale": 1.0, "type": "shed_f"}
{"ctxid": 0, "pos": [-153.325, 3239.545, 364.425], "rotationMatrix": [-0.582379, -0.812917, 0.0, 0.812917, -0.582379, 0.0, 0.0, 0.0, 1.0], "scale": 1.0, "type": "shed_f"}
{"ctxid": 0, "pos": [430.354, -398.404, 11.531], "rotationMatrix": [-0.174824, -0.9846, 0.0, 0.9846, -0.174824, 0.0, 0.0, 0.0, 1.0], "scale": 1.0, "type": "shed_f"}
{"ctxid": 0, "pos": [547.756, -279.765, 25.848], "rotationMatrix": [0.206356, -0.978477, 0.0, 0.978477, 0.206356, 0.0, 0.0, 0.0, 1.0], "scale": 1.0, "type": "shed_f"}
{"ctxid": 0, "pos": [481.573, -157.226, 43.796], "rotationMatrix": [0.686575, -0.727059, 0.0, 0.727059, 0.686575, 0.0, 0.0, 0.0, 1.0], "scale": 1.0, "type": "shed_f"}
{"ctxid": 0, "pos": [886.055, 136.698, 34.281], "rotationMatrix": [-0.997916, -0.064534, 0.0, 0.064534, -0.997916, 0.0, 0.0, 0.0, 1.0], "scale": 1.0, "type": "shed_f"}
{"ctxid": 0, "pos": [997.454, 269.569, 73.328], "rotationMatrix": [0.997264, -0.073922, 0.0, 0.073922, 0.997264, 0.0, 0.0, 0.0, 1.0], "scale": 1.0, "type": "shed_f"}
{"ctxid": 0, "pos": [963.946, 256.308, 73.328], "rotationMatrix": [-0.999912, -0.013246, 0.0, 0.013246, -0.999912, 0.0, 0.0, 0.0, 1.0], "scale": 1.0, "type": "shed_f"}
{"ctxid": 0, "pos": [971.134, 239.733, 73.328], "rotationMatrix": [-0.993996, -0.109413, 0.0, 0.109413, -0.993996, 0.0, 0.0, 0.0, 1.0], "scale": 1.0, "type": "shed_f"}
{"ctxid": 0, "pos": [863.661, 435.877, 32.175], "rotationMatrix": [0.992553, -0.121809, 0.0, 0.121809, 0.992553, 0.0, 0.0, 0.0, 1.0], "scale": 1.0, "type": "shed_f"}
{"ctxid": 0, "pos": [962.432, 393.43, 75.236], "rotationMatrix": [0.973689, -0.227881, 0.0, 0.227881, 0.973689, 0.0, 0.0, 0.0, 1.0], "scale": 1.0, "type": "shed_f"}
{"ctxid": 0, "pos": [1054.174, 4080.065, 364.425], "rotationMatrix": [-0.079708, -0.996818, 0.0, 0.996818, -0.079708, 0.0, 0.0, 0.0, 1.0], "scale": 1.0, "type": "shed_f"}
{"ctxid": 0, "pos": [883.276, 5135.466, 364.954], "rotationMatrix": [-0.76968, -0.63843, 0.0, 0.63843, -0.76968, 0.0, 0.0, 0.0, 1.0], "scale": 1.0, "type": "shed_f"}
{"ctxid": 0, "pos": [-528.825, 3254.593, 363.975], "rotationMatrix": [0.670854, -0.74159, 0.0, 0.74159, 0.670854, 0.0, 0.0, 0.0, 1.0], "scale": 1.0, "type": "shed_f"}
{"ctxid": 0, "pos": [-536.352, 3251.464, 363.975], "rotationMatrix": [0.932209, -0.36192, 0.0, 0.36192, 0.932209, 0.0, 0.0, 0.0, 1.0], "scale": 1.0, "type": "shed_f"}
{"ctxid": 0, "pos": [-881.489, 3310.836, 364.954], "rotationMatrix": [0.674138, -0.738606, 0.0, 0.738606, 0.674138, 0.0, 0.0, 0.0, 1.0], "scale": 1.0, "type": "shed_f"}
{"ctxid": 0, "pos": [-1021.683, 339.332, 210.65], "rotationMatrix": [-0.906991, -0.421149, 0.0, 0.421149, -0.906991, 0.0, 0.0, 0.0, 1.0], "scale": 1.0, "type": "shed_f"}
{"ctxid": 0, "pos": [-670.827, 851.35, 214.745], "rotationMatrix": [0.380241, -0.924888, 0.0, 0.924888, 0.380241, 0.0, 0.0, 0.0, 1.0], "scale": 1.0, "type": "shed_f"}
{"ctxid": 0, "pos": [-616.668, 888.026, 209.89], "rotationMatrix": [0.59713, -0.802144, 0.0, 0.802144, 0.59713, 0.0, 0.0, 0.0, 1.0], "scale": 1.0, "type": "shed_f"}
{"ctxid": 0, "pos": [-511.818, 804.058, 204.509], "rotationMatrix": [0.565236, -0.82493, 0.0, 0.82493, 0.565236, 0.0, 0.0, 0.0, 1.0], "scale": 1.0, "type": "shed_f"}
{"ctxid": 0, "pos": [-210.082, 708.321, 166.479], "rotationMatrix": [-0.192754, -0.981247, 0.0, 0.981247, -0.192754, 0.0, 0.0, 0.0, 1.0], "scale": 1.0, "type": "shed_f"}
{"ctxid": 0, "pos": [-76.725, 895.824, 172.279], "rotationMatrix": [-0.737064, -0.675823, 0.0, 0.675823, -0.737064, 0.0, 0.0, 0.0, 1.0], "scale": 1.0, "type": "shed_f"}
{"ctxid": 0, "pos": [-92.194, 861.47, 173.556], "rotationMatrix": [0.395094, -0.918641, 0.0, 0.918641, 0.395094, 0.0, 0.0, 0.0, 1.0], "scale": 1.0, "type": "shed_f"}
{"ctxid": 0, "pos": [-85.726, 880.529, 172.279], "rotationMatrix": [0.456494, -0.889727, 0.0, 0.889727, 0.456494, 0.0, 0.0, 0.0, 1.0], "scale": 1.0, "type": "shed_f"}
{"ctxid": 0, "pos": [-53.677, 898.896, 172.279], "rotationMatrix": [0.742462, -0.669888, 0.0, 0.669888, 0.742462, 0.0, 0.0, 0.0, 1.0], "scale": 1.0, "type": "shed_f"}
{"ctxid": 0, "pos": [-636.7, 3251.626, 363.99], "rotationMatrix": [0.212887, -0.977077, 0.0, 0.977077, 0.212887, 0.0, 0.0, 0.0, 1.0], "scale": 1.0, "type": "shed_f"}
{"ctxid": 0, "pos": [-921.807, 3301.878, 364.954], "rotationMatrix": [-0.192915, -0.981216, 0.0, 0.981216, -0.192915, 0.0, 0.0, 0.0, 1.0], "scale": 1.0, "type": "shed_f"}
{"ctxid": 0, "pos": [-858.915, 3267.562, 364.604], "rotationMatrix": [-0.103937, -0.994584, 0.0, 0.994584, -0.103937, 0.0, 0.0, 0.0, 1.0], "scale": 1.0, "type": "shed_f"}
{"ctxid": 0, "pos": [-649.264, 3156.087, 363.975], "rotationMatrix": [-0.848189, -0.529694, 0.0, 0.529694, -0.848189, 0.0, 0.0, 0.0, 1.0], "scale": 1.0, "type": "shed_f"}
{"ctxid": 0, "pos": [-863.621, 3403.026, 365.289], "rotationMatrix": [-0.961854, -0.273564, 0.0, 0.273564, -0.961854, 0.0, 0.0, 0.0, 1.0], "scale": 1.0, "type": "shed_f"}
{"ctxid": 0, "pos": [-856.571, 3420.739, 365.289], "rotationMatrix": [0.545567, -0.838067, 0.0, 0.838067, 0.545567, 0.0, 0.0, 0.0, 1.0], "scale": 1.0, "type": "shed_f"}
{"ctxid": 0, "pos": [-850.736, 3419.828, 365.289], "rotationMatrix": [-0.956232, -0.29261, 0.0, 0.29261, -0.956232, 0.0, 0.0, 0.0, 1.0], "scale": 1.0, "type": "shed_f"}
{"ctxid": 0, "pos": [-706.907, 3250.37, 363.99], "rotationMatrix": [-0.999016, -0.04434, 0.0, 0.04434, -0.999016, 0.0, 0.0, 0.0, 1.0], "scale": 1.0, "type": "shed_f"}
{"ctxid": 0, "pos": [-734.267, 3282.001, 363.99], "rotationMatrix": [-0.924363, -0.381514, 0.0, 0.381514, -0.924363, 0.0, 0.0, 0.0, 1.0], "scale": 1.0, "type": "shed_f"}
{"ctxid": 0, "pos": [-691.704, 3274.956, 363.99], "rotationMatrix": [-0.822547, -0.568697, 0.0, 0.568697, -0.822547, 0.0, 0.0, 0.0, 1.0], "scale": 1.0, "type": "shed_f"}
{"ctxid": 0, "pos": [-711.548, 3254.365, 363.99], "rotationMatrix": [-0.80105, -0.598598, 0.0, 0.598598, -0.80105, 0.0, 0.0, 0.0, 1.0], "scale": 1.0, "type": "shed_f"}
{"ctxid": 0, "pos": [-700.025, 3265.049, 363.99], "rotationMatrix": [-0.089991, -0.995943, 0.0, 0.995943, -0.089991, 0.0, 0.0, 0.0, 1.0], "scale": 1.0, "type": "shed_f"}
{"ctxid": 0, "pos": [-796.873, 3163.145, 363.99], "rotationMatrix": [-0.012993, -0.999916, 0.0, 0.999916, -0.012993, 0.0, 0.0, 0.0, 1.0], "scale": 1.0, "type": "shed_f"}
{"ctxid": 0, "pos": [-761.29, 3165.313, 363.99], "rotationMatrix": [0.944334, -0.328988, 0.0, 0.328988, 0.944334, 0.0, 0.0, 0.0, 1.0], "scale": 1.0, "type": "shed_f"}
{"ctxid": 0, "pos": [-794.846, 3176.86, 363.99], "rotationMatrix": [0.223625, -0.974675, 0.0, 0.974675, 0.223625, 0.0, 0.0, 0.0, 1.0], "scale": 1.0, "type": "shed_f"}
{"ctxid": 0, "pos": [-754.617, 3165.601, 363.99], "rotationMatrix": [0.792403, -0.609997, 0.0, 0.609997, 0.792403, 0.0, 0.0, 0.0, 1.0], "scale": 1.0, "type": "shed_f"}
{"ctxid": 0, "pos": [-770.028, 3160.439, 363.99], "rotationMatrix": [-0.320159, -0.947364, 0.0, 0.947364, -0.320159, 0.0, 0.0, 0.0, 1.0], "scale": 1.0, "type": "shed_f"}
{"ctxid": 0, "pos": [-586.204, 3238.5, 363.975], "rotationMatrix": [-0.702622, -0.711564, 0.0, 0.711564, -0.702622, 0.0, 0.0, 0.0, 1.0], "scale": 1.0, "type": "shed_f"}
{"ctxid": 0, "pos": [-787.525, 3252.535, 364.604], "rotationMatrix": [-0.947354, -0.320187, 0.0, 0.320187, -0.947354, 0.0, 0.0, 0.0, 1.0], "scale": 1.0, "type": "shed_f"}
{"ctxid": 0, "pos": [-550.595, 3214.314, 363.975], "rotationMatrix": [-0.404797, -0.914406, 0.0, 0.914406, -0.404797, 0.0, 0.0, 0.0, 1.0], "scale": 1.0, "type": "shed_f"}
{"ctxid": 0, "pos": [-865.018, 3166.474, 363.99], "rotationMatrix": [0.982232, -0.18767, 0.0, 0.18767, 0.982232, 0.0, 0.0, 0.0, 1.0], "scale": 1.0, "type": "shed_f"}
{"ctxid": 0, "pos": [-864.93, 3185.008, 364.604], "rotationMatrix": [-0.479406, -0.877593, 0.0, 0.877593, -0.479406, 0.0, 0.0, 0.0, 1.0], "scale": 1.0, "type": "shed_f"}
{"ctxid": 0, "pos": [-730.523, 2600.064, 364.89], "rotationMatrix": [-0.737062, -0.675825, 0.0, 0.675825, -0.737062, 0.0, 0.0, 0.0, 1.0], "scale": 1.0, "type": "shed_f"}
{"ctxid": 0, "pos": [-771.538, 2598.367, 364.89], "rotationMatrix": [0.339984, -0.940431, 0.0, 0.940431, 0.339984, 0.0, 0.0, 0.0, 1.0], "scale": 1.0, "type": "shed_f"}
{"ctxid": 0, "pos": [-150.304, 3304.888, 364.425], "rotationMatrix": [-0.317001, -0.948425, 0.0, 0.948425, -0.317001, 0.0, 0.0, 0.0, 1.0], "scale": 1.0, "type": "shed_f"}
{"ctxid": 0, "pos": [-208.437, 3471.642, 363.975], "rotationMatrix": [0.054178, -0.998531, 0.0, 0.998531, 0.054178, 0.0, 0.0, 0.0, 1.0], "scale": 1.0, "type": "shed_f"}
